   0.208333333333333330442E-0002   0.208333333333333340923E-0011  -0.283883676699214124484E-0037   0.100000000000000026908E-0008   0.272528442113229210643E-0034   0.160361632918473233644E+0002  -0.492200572683226952399E-0024  -0.250000000000000000000E+0002   0.569897000433601874647E+0001
   0.416666666666666660884E-0002   0.416666666666666762626E-0011  -0.115541584766581956300E-0036   0.100000000000000026908E-0008   0.529739479795355596306E-0034   0.160361632918473233644E+0002  -0.849499240771645031381E-0024  -0.250000000000000000000E+0002   0.569897000433601874647E+0001
   0.625000000000000034694E-0002   0.625000000000000103549E-0011  -0.249485454421860571740E-0036   0.100000000000000026908E-0008   0.756121668894012036434E-0034   0.160361632918473233644E+0002  -0.121252941584678354407E-0023  -0.250000000000000000000E+0002   0.569897000433601874647E+0001
   0.833333333333333321769E-0002   0.833333333333333525252E-0011  -0.451851534398314408623E-0036   0.100000000000000026908E-0008   0.118659269887867085107E-0033   0.160361632918473233644E+0002  -0.190283978877127781788E-0023  -0.250000000000000000000E+0002   0.569897000433601874647E+0001
   0.104166666666666660884E-0001   0.104166666666666694695E-0010  -0.781431592519191656811E-0036   0.100000000000000026908E-0008   0.197737585908039975589E-0033   0.160361632918473233644E+0002  -0.317095257731564594426E-0023  -0.250000000000000000000E+0002   0.569897000433601874647E+0001
   0.124999999999999989592E-0001   0.125000000000000020710E-0010  -0.117359407048880930128E-0035   0.100000000000000026908E-0008   0.178738392942622098603E-0033   0.160361632918473233644E+0002  -0.286627841650766391534E-0023  -0.250000000000000000000E+0002   0.569897000433601874647E+0001
   0.145833333333333318299E-0001   0.145833333333333346724E-0010  -0.155688349883265665138E-0035   0.100000000000000026908E-0008   0.189219458267376827152E-0033   0.160361632918473233644E+0002  -0.303435449152728865465E-0023  -0.250000000000000000000E+0002   0.569897000433601874647E+0001
   0.166666666666666664354E-0001   0.166666666666666705050E-0010  -0.200280108081591615374E-0035   0.100000000000000026908E-0008   0.238861420436498754282E-0033   0.160361632918473233644E+0002  -0.383042110300144270475E-0023  -0.250000000000000000000E+0002   0.569897000433601874647E+0001
   0.187499999999999993061E-0001   0.187500000000000063377E-0010  -0.257530279884012407082E-0035   0.100000000000000026908E-0008   0.310740228866537801534E-0033   0.160361632918473233644E+0002  -0.498308141221348040975E-0023  -0.250000000000000000000E+0002   0.569897000433601874647E+0001
   0.208333333333333321769E-0001   0.208333333333333389391E-0010  -0.325308203743765594545E-0035   0.100000000000000026908E-0008   0.339927840186607338507E-0033   0.160361632918473233644E+0002  -0.545113871343631479605E-0023  -0.250000000000000000000E+0002   0.569897000433601874647E+0001
   0.229166666666666650476E-0001   0.229166666666666715405E-0010  -0.397612578126657427960E-0035   0.100000000000000026908E-0008   0.354194153888966441758E-0033   0.160361632918473233644E+0002  -0.567991564953851945743E-0023  -0.250000000000000000000E+0002   0.569897000433601874647E+0001
   0.249999999999999979183E-0001   0.250000000000000073732E-0010  -0.471567607566100696806E-0035   0.100000000000000026908E-0008   0.355774128729597209874E-0033   0.160361632918473233644E+0002   0.710090294439033129678E-0018  -0.250000000000000000000E+0002   0.569897000433601874647E+0001
   0.270833333333333307891E-0001   0.270833333333333432058E-0010   0.184498261982459167582E-0030   0.100000000000000026908E-0008  -0.132842298326144876943E-0027   0.160361632918473233644E+0002   0.703567008087131701812E-0017  -0.250000000000000000000E+0002   0.569897000433601874647E+0001
   0.291666666666666636598E-0001   0.291666666666666758072E-0010   0.182806912575455300678E-0029   0.100000000000000026908E-0008  -0.113909028673086211070E-0026   0.160361632918473233644E+0002   0.336396313186410629061E-0016  -0.250000000000000000000E+0002   0.569897000433601874647E+0001
   0.312499999999999965306E-0001   0.312500000000000084086E-0010   0.892506351626521826011E-0029   0.100000000000000026908E-0008  -0.471537897161803529058E-0026   0.160361632918473233644E+0002   0.120424344435927967015E-0015  -0.250000000000000000000E+0002   0.569897000433601874647E+0001
   0.333333333333333328707E-0001   0.333333333333333410101E-0010   0.331178539783956124586E-0028   0.100000000000000026908E-0008  -0.157155304408079925844E-0025   0.160361632918473233644E+0002   0.365025370245805836180E-0015  -0.250000000000000000000E+0002   0.569897000433601874647E+0001
   0.354166666666666657415E-0001   0.354166666666666736115E-0010   0.103769386708566776300E-0027   0.100000000000000026908E-0008  -0.450628340243132946738E-0025   0.160361632918473233644E+0002   0.975810714074590273339E-0015  -0.250000000000000000000E+0002   0.569897000433601874647E+0001
   0.374999999999999986122E-0001   0.375000000000000062130E-0010   0.286662164740734347795E-0027   0.100000000000000026908E-0008  -0.114726432235023788020E-0024   0.160361632918473233644E+0002   0.235392464159425253921E-0014  -0.250000000000000000000E+0002   0.569897000433601874647E+0001
   0.395833333333333314830E-0001   0.395833333333333388144E-0010   0.715388210989383031113E-0027   0.100000000000000026908E-0008  -0.264788486549737347186E-0024   0.160361632918473233644E+0002   0.520818630179316663240E-0014  -0.250000000000000000000E+0002   0.569897000433601874647E+0001
   0.416666666666666643537E-0001   0.416666666666666714158E-0010   0.163990207974273371663E-0026   0.100000000000000026908E-0008  -0.562755734291180838788E-0024   0.160361632918473233644E+0002   0.107037954824353991260E-0013  -0.250000000000000000000E+0002   0.569897000433601874647E+0001
   0.437499999999999972244E-0001   0.437500000000000040173E-0010   0.349654895515051703829E-0026   0.100000000000000026908E-0008  -0.111490242165455332290E-0023   0.160361632918473233644E+0002   0.206424569371577218579E-0013  -0.250000000000000000000E+0002   0.569897000433601874647E+0001
   0.458333333333333300952E-0001   0.458333333333333366187E-0010   0.700341925420929835933E-0026   0.100000000000000026908E-0008  -0.207935136507802640247E-0023   0.160361632918473233644E+0002   0.376688342468074598038E-0013  -0.250000000000000000000E+0002   0.569897000433601874647E+0001
   0.479166666666666629659E-0001   0.479166666666666692202E-0010   0.132840195097095915367E-0025   0.100000000000000026908E-0008  -0.368038331216653303609E-0023   0.160361632918473198117E+0002   0.654949640430298219047E-0013  -0.250000000000000000000E+0002   0.569897000433601874647E+0001
   0.499999999999999958367E-0001   0.500000000000000018216E-0010   0.240209363842621295024E-0025   0.100000000000000026908E-0008  -0.622323608845821008229E-0023   0.160361632918473233644E+0002   0.109134027505012026358E-0012  -0.250000000000000000000E+0002   0.569897000433601874647E+0001
   0.520833333333333287074E-0001   0.520833333333333344231E-0010   0.416402482620974987498E-0025   0.100000000000000026908E-0008  -0.101090445022992951359E-0022   0.160361632918473233644E+0002   0.175134340406364474807E-0012  -0.250000000000000000000E+0002   0.569897000433601874647E+0001
   0.541666666666666615781E-0001   0.541666666666666670245E-0010   0.695259867551585110259E-0025   0.100000000000000026908E-0008  -0.158490968641974209342E-0022   0.160361632918473233644E+0002   0.271804427753294693451E-0012  -0.250000000000000000000E+0002   0.569897000433601874647E+0001
   0.562499999999999944489E-0001   0.562499999999999996259E-0010   0.112263029307740557178E-0024   0.100000000000000026908E-0008  -0.240780933995281779060E-0022   0.160361632918473233644E+0002   0.409422035262988181390E-0012  -0.250000000000000000000E+0002   0.569897000433601874647E+0001
   0.583333333333333273196E-0001   0.583333333333333386897E-0010   0.175905868020012229355E-0024   0.100000000000000026908E-0008  -0.355659536602369729748E-0022   0.160361632918473233644E+0002   0.600421097766672838881E-0012  -0.250000000000000000000E+0002   0.569897000433601874647E+0001
   0.604166666666666601904E-0001   0.604166666666666777535E-0010   0.268270082147516324366E-0024   0.100000000000000026908E-0008  -0.512279528807184671675E-0022   0.160361632918473233644E+0002   0.859552835043934991947E-0012  -0.250000000000000000000E+0002   0.569897000433601874647E+0001
   0.624999999999999930611E-0001   0.625000000000000168173E-0010   0.399242964358103762951E-0024   0.100000000000000026908E-0008  -0.721330638008464977534E-0022   0.160361632918473233644E+0002   0.120402089487434753376E-0011  -0.250000000000000000000E+0002   0.569897000433601874647E+0001
   0.645833333333333259318E-0001   0.645833333333333558811E-0010   0.581110107367855624842E-0024   0.100000000000000026908E-0008  -0.995108512367180542177E-0022   0.160361632918473233644E+0002   0.165358239112353563083E-0011  -0.250000000000000000000E+0002   0.569897000433601874647E+0001
   0.666666666666666657415E-0001   0.666666666666666949449E-0010   0.828892282857801033240E-0024   0.100000000000000026908E-0008  -0.134755052030579831571E-0021   0.160361632918473233644E+0002   0.223062380992205832025E-0011  -0.250000000000000000000E+0002   0.569897000433601874647E+0001
   0.687500000000000055511E-0001   0.687500000000000340087E-0010   0.116069175077698067518E-0023   0.100000000000000026908E-0008  -0.179427894784083399359E-0021   0.160361632918473233644E+0002   0.296021517634847819896E-0011  -0.250000000000000000000E+0002   0.569897000433601874647E+0001
   0.708333333333333453607E-0001   0.708333333333333730725E-0010   0.159804321235356118033E-0023   0.100000000000000026908E-0008  -0.235261180034806606306E-0021   0.160361632918473233644E+0002   0.387013651631688873509E-0011  -0.250000000000000000000E+0002   0.569897000433601874647E+0001
   0.729166666666666851704E-0001   0.729166666666667121362E-0010   0.216626699496092725007E-0023   0.100000000000000026908E-0008  -0.304156772698714458506E-0021   0.160361632918473233644E+0002   0.499088613268351888525E-0011  -0.250000000000000000000E+0002   0.569897000433601874647E+0001
   0.750000000000000249800E-0001   0.750000000000000512000E-0010   0.289482215552735234035E-0023   0.100000000000000026908E-0008  -0.388186007781800501691E-0021   0.160361632918473198117E+0002   0.635567295935064129846E-0011  -0.250000000000000000000E+0002   0.569897000433601874647E+0001
   0.770833333333333647897E-0001   0.770833333333333902638E-0010   0.381765767875390787455E-0023   0.100000000000000026908E-0008  -0.489588338186857358634E-0021   0.160361632918473233644E+0002   0.800039676902374959920E-0011  -0.250000000000000000000E+0002   0.569897000433601874647E+0001
   0.791666666666667045993E-0001   0.791666666666667293276E-0010   0.497356043792722245370E-0023   0.100000000000000026908E-0008  -0.610769461030107540244E-0021   0.160361632918473233644E+0002   0.996361995681526494171E-0011  -0.250000000000000000000E+0002   0.569897000433601874647E+0001
   0.812500000000000444089E-0001   0.812500000000000683914E-0010   0.640649906168544478133E-0023   0.100000000000000026908E-0008  -0.754299146904100715752E-0021   0.160361632918473233644E+0002   0.122865344515161137143E-0010  -0.250000000000000000000E+0002   0.569897000433601874647E+0001
   0.833333333333333842186E-0001   0.833333333333334074552E-0010   0.816596329740468922268E-0023   0.100000000000000026908E-0008  -0.922908980015242300355E-0021   0.160361632918473233644E+0002   0.150129270510837583072E-0010  -0.250000000000000000000E+0002   0.569897000433601874647E+0001
   0.854166666666667240282E-0001   0.854166666666667465190E-0010   0.103072988711158280097E-0022   0.100000000000000026908E-0008  -0.111949019649915334894E-0020   0.160361632918473233644E+0002   0.181891461875422840741E-0010  -0.250000000000000000000E+0002   0.569897000433601874647E+0001
   0.875000000000000638378E-0001   0.875000000000000855828E-0010   0.128920382154164466312E-0022   0.100000000000000026908E-0008  -0.134709179020548673564E-0020   0.160361632918473233644E+0002   0.218640728019888505225E-0010  -0.250000000000000000000E+0002   0.569897000433601874647E+0001
   0.895833333333334036475E-0001   0.895833333333334246465E-0010   0.159882277618751660245E-0022   0.100000000000000026908E-0008  -0.160891903081767504791E-0020   0.160361632918473233644E+0002   0.260890976845802934167E-0010  -0.250000000000000000000E+0002   0.569897000433601874647E+0001
   0.916666666666667434571E-0001   0.916666666666667637103E-0010   0.196707527812000671187E-0022   0.100000000000000026908E-0008  -0.190833252276351696317E-0020   0.160361632918473233644E+0002   0.309181073329944553396E-0010  -0.250000000000000000000E+0002   0.569897000433601874647E+0001
   0.937500000000000832667E-0001   0.937500000000001027741E-0010   0.240216610012509388385E-0022   0.100000000000000026908E-0008  -0.224884791379825819626E-0020   0.160361632918473233644E+0002   0.364074801150354127260E-0010  -0.250000000000000000000E+0002   0.569897000433601874647E+0001
   0.958333333333334230764E-0001   0.958333333333334418379E-0010   0.291304864501470833451E-0022   0.100000000000000026908E-0008  -0.263413635039260256265E-0020   0.160361632918473233644E+0002   0.426160942130819950952E-0010  -0.250000000000000000000E+0002   0.569897000433601874647E+0001
   0.979166666666667628860E-0001   0.979166666666667809017E-0010   0.350945751384758735810E-0022   0.100000000000000026908E-0008  -0.306802574786119057929E-0020   0.160361632918473233644E+0002   0.496053486270198551776E-0010  -0.250000000000000000000E+0002   0.569897000433601874647E+0001
   0.100000000000000102696E+0000   0.100000000000000119965E-0009   0.420194143595818923630E-0022   0.100000000000000026908E-0008  -0.355450295399685605563E-0020   0.160361632918473233644E+0002   0.574391983761167819998E-0010  -0.250000000000000000000E+0002   0.569897000433601874647E+0001
   0.102083333333333442505E+0000   0.102083333333333459029E-0009   0.500189675182558032105E-0022   0.100000000000000026908E-0008  -0.409771686117876790053E-0020   0.160361632918473233644E+0002   0.661842034738328500082E-0010  -0.250000000000000000000E+0002   0.569897000433601874647E+0001
   0.104166666666666782315E+0000   0.104166666666666798093E-0009   0.592160161561238617600E-0022   0.100000000000000026908E-0008  -0.470198226118204686856E-0020   0.160361632918473233644E+0002   0.759095983577079745404E-0010  -0.250000000000000000000E+0002   0.569897000433601874647E+0001
   0.106250000000000122125E+0000   0.106250000000000137157E-0009   0.697425128202564026055E-0022   0.100000000000000026908E-0008  -0.537178592508578933561E-0020   0.160361632918473233644E+0002   0.866873751073151201805E-0010  -0.250000000000000000000E+0002   0.569897000433601874647E+0001
   0.108333333333333461934E+0000   0.108333333333333476221E-0009   0.817399447110302886346E-0022   0.100000000000000026908E-0008  -0.611179176196392826812E-0020   0.160361632918473233644E+0002   0.985923811070663327796E-0010  -0.250000000000000000000E+0002   0.569897000433601874647E+0001
   0.110416666666666801744E+0000   0.110416666666666815284E-0009   0.953597119264055823045E-0022   0.100000000000000026908E-0008  -0.692684874128244528416E-0020   0.160361632918473233644E+0002   0.111702439473950856772E-0009  -0.250000000000000000000E+0002   0.569897000433601874647E+0001
   0.112500000000000141553E+0000   0.112500000000000154348E-0009   0.110763522400460927419E-0021   0.100000000000000026908E-0008  -0.782199940962775803224E-0020   0.160361632918473233644E+0002   0.126098486990514146476E-0009  -0.250000000000000000000E+0002   0.569897000433601874647E+0001
   0.114583333333333481363E+0000   0.114583333333333493412E-0009   0.128123805986700547925E-0021   0.100000000000000026908E-0008  -0.880248966831714234116E-0020   0.160361632918473233644E+0002   0.141864731450511654337E-0009  -0.250000000000000000000E+0002   0.569897000433601874647E+0001
   0.116666666666666821173E+0000   0.116666666666666832476E-0009   0.147624150279622405915E-0021   0.100000000000000026908E-0008  -0.987377983020304766130E-0020   0.160361632918473233644E+0002   0.159088827897840931342E-0009  -0.250000000000000000000E+0002   0.569897000433601874647E+0001
   0.118750000000000160982E+0000   0.118750000000000132766E-0009   0.169459760490093090970E-0021   0.100000000000000026908E-0008  -0.110415567212342069789E-0019   0.160361632918473233644E+0002   0.177862080609815699273E-0009  -0.250000000000000000000E+0002   0.569897000433601874647E+0001
   0.120833333333333500792E+0000   0.120833333333333484754E-0009   0.193837947748085054281E-0021   0.100000000000000026908E-0008  -0.123117483752371896719E-0019   0.160361632918473233644E+0002   0.198279663993937928509E-0009  -0.250000000000000000000E+0002   0.569897000433601874647E+0001
   0.122916666666666840602E+0000   0.122916666666666785044E-0009   0.220978646373548187186E-0021   0.100000000000000026908E-0008  -0.136905380684112655643E-0019   0.160361632918473233644E+0002   0.220440863454982014511E-0009  -0.250000000000000000000E+0002   0.569897000433601874647E+0001
   0.125000000000000166533E+0000   0.125000000000000137032E-0009   0.251114964763475407944E-0021   0.100000000000000026908E-0008  -0.151843815706308607238E-0019   0.160361632918473233644E+0002   0.244449344865797179990E-0009  -0.250000000000000000000E+0002   0.569897000433601874647E+0001
   0.127083333333333492465E+0000   0.127083333333333437322E-0009   0.284493772679242056651E-0021   0.100000000000000026908E-0008  -0.168000252857633633333E-0019   0.160361632918473233644E+0002   0.270413445882502236829E-0009  -0.250000000000000000000E+0002   0.569897000433601874647E+0001
   0.129166666666666818397E+0000   0.129166666666666789310E-0009   0.321376327825888416617E-0021   0.100000000000000026908E-0008  -0.185445258057943892007E-0019   0.160361632918473233644E+0002   0.298446498582783349325E-0009  -0.250000000000000000000E+0002   0.569897000433601874647E+0001
   0.131250000000000144329E+0000   0.131250000000000089600E-0009   0.362038946970395170178E-0021   0.100000000000000026908E-0008  -0.204252725488411394525E-0019   0.160361632918473233644E+0002   0.328667176877350757303E-0009  -0.250000000000000000000E+0002   0.569897000433601874647E+0001
   0.133333333333333470261E+0000   0.133333333351356931654E-0009   0.406773723193303529531E-0021   0.100000001730255734960E-0008  -0.224500103829132416848E-0019   0.160361632935775801911E+0002   0.361199869776479972040E-0009  -0.250000000000000000000E+0002   0.569897000433601874647E+0001
   0.135416666666666796193E+0000   0.135416666720737263774E-0009   0.455889293213790428383E-0021   0.100000001730255734960E-0008  -0.246268640325860813073E-0019   0.160361632935775801911E+0002   0.396175088694088522231E-0009  -0.250000000000000000000E+0002   0.569897000433601874647E+0001
   0.137500000000000122125E+0000   0.137500000090117595894E-0009   0.509711660065491230803E-0021   0.100000001730255734960E-0008  -0.269643673282953268534E-0019   0.160361632935775801911E+0002   0.433729911380341644042E-0009  -0.250000000000000000000E+0002   0.569897000433601874647E+0001
   0.139583333333333448056E+0000   0.139583333459497928014E-0009   0.568585077253160713612E-0021   0.100000001730255734960E-0008  -0.294714923306991453121E-0019   0.160361632935775801911E+0002   0.474008456801142091740E-0009  -0.250000000000000000000E+0002   0.569897000433601874647E+0001
   0.141666666666666773988E+0000   0.141666666828878260134E-0009   0.632872994524740047373E-0021   0.100000001730255734960E-0008  -0.321576803104792856011E-0019   0.160361632935775801911E+0002   0.517162392430328601950E-0009  -0.250000000000000000000E+0002   0.569897000433601874647E+0001
   0.143750000000000099920E+0000   0.143750000198258592254E-0009   0.702959073054204493758E-0021   0.100000001730255734960E-0008  -0.350328763960160583612E-0019   0.160361632935775801911E+0002   0.563351488477386356960E-0009  -0.250000000000000000000E+0002   0.569897000433601874647E+0001
   0.145833333333333425852E+0000   0.145833333567638924374E-0009   0.779248275587677048254E-0021   0.100000001730255734960E-0008  -0.381075669770069188183E-0019   0.160361632935775801911E+0002   0.612744213651372024058E-0009  -0.250000000000000000000E+0002   0.569897000433601874647E+0001
   0.147916666666666751784E+0000   0.147916666937019256494E-0009   0.862168036423272046043E-0021   0.100000001730255734960E-0008  -0.413928191935704267128E-0019   0.160361632935775801911E+0002   0.665518367833419041096E-0009  -0.250000000000000000000E+0002   0.569897000433601874647E+0001
   0.150000000000000077716E+0000   0.150000000324662857659E-0009   0.952169516764146080595E-0021   0.100000003483530059662E-0008  -0.449003234416645034866E-0019   0.160361632953308514971E+0002   0.721861768757643844164E-0009  -0.250000000000000000000E+0002   0.569897000433601874647E+0001
   0.152083333333333403647E+0000   0.152083333730569727871E-0009   0.104972895152811507231E-0020   0.100000003483530059662E-0008  -0.486424375663085990432E-0019   0.160361632953308514971E+0002   0.781972988251156779694E-0009  -0.250000000000000000000E+0002   0.569897000433601874647E+0001
   0.154166666666666729579E+0000   0.154166667136476598082E-0009   0.115534909518781889366E-0020   0.100000003483530059662E-0008  -0.526322390915981694401E-0019   0.160361632953308514971E+0002   0.846062137711482714679E-0009  -0.250000000000000000000E+0002   0.569897000433601874647E+0001
   0.156250000000000055511E+0000   0.156250000542383468294E-0009   0.126956077570007701767E-0020   0.100000003483530059662E-0008  -0.568835754904581848579E-0019   0.160361632953308514971E+0002   0.914351716826478009811E-0009  -0.250000000000000000000E+0002   0.569897000433601874647E+0001
   0.158333333333333381443E+0000   0.158333333948290338505E-0009   0.139292456025778249043E-0020   0.100000003483530059662E-0008  -0.614111215586104563768E-0019   0.160361632953308514971E+0002   0.987077520112073029059E-0009  -0.250000000000000000000E+0002   0.569897000433601874647E+0001
   0.160416666666666707375E+0000   0.160416667371675069771E-0009   0.152603254432413310960E-0020   0.100000005161402652909E-0008  -0.662304405116844352748E-0019   0.160361632970087235606E+0002   0.106448961223526662735E-0008  -0.250000000000000000000E+0002   0.569897000433601874647E+0001
   0.162500000000000033307E+0000   0.162500000812537610391E-0009   0.166951026931030096883E-0020   0.100000005161402652909E-0008  -0.713580455558609035945E-0019   0.160361632970087235606E+0002   0.114685336784190081973E-0008  -0.250000000000000000000E+0002   0.569897000433601874647E+0001
   0.164583333333333359239E+0000   0.164583334253400202711E-0009   0.182401878064965875669E-0020   0.100000005161402652909E-0008  -0.768114741675887368778E-0019   0.160361632970087235606E+0002   0.123445059375566649251E-0008  -0.250000000000000000000E+0002   0.569897000433601874647E+0001
   0.166666666666666685170E+0000   0.166666667694262743332E-0009   0.199025684134307321302E-0020   0.100000005161402652909E-0008  -0.826093609769993998048E-0019   0.160361632970087235606E+0002   0.132758072575858283838E-0008  -0.250000000000000000000E+0002   0.569897000433601874647E+0001
   0.168750000000000011102E+0000   0.168750001153684787056E-0009   0.216896330177967721534E-0020   0.100000006943110318551E-0008  -0.887715173432604712599E-0019   0.160361632987904343395E+0002   0.142656210916224819927E-0008  -0.250000000000000000000E+0002   0.569897000433601874647E+0001
   0.170833333333333337034E+0000   0.170833334631666230484E-0009   0.236091964051011181081E-0020   0.100000006943110318551E-0008  -0.953190130122757771868E-0019   0.160361632987904343395E+0002   0.153173337336257310992E-0008  -0.250000000000000000000E+0002   0.569897000433601874647E+0001
   0.172916666666666662966E+0000   0.172916668109647725612E-0009   0.256695269071346679549E-0020   0.100000006943110318551E-0008  -0.102274274851000731654E-0018   0.160361632987904343395E+0002   0.164345490558286555853E-0008  -0.250000000000000000000E+0002   0.569897000433601874647E+0001
   0.174999999999999988898E+0000   0.175000001604887517040E-0009   0.278793757188556771795E-0020   0.100000008599912719081E-0008  -0.109661182849198896793E-0018   0.160361633004472352582E+0002   0.176211042025132046308E-0008  -0.250000000000000000000E+0002   0.569897000433601874647E+0001
   0.177083333333333314830E+0000   0.177083335117385708165E-0009   0.302480081912994453949E-0020   0.100000008599912719081E-0008  -0.117505166110013800885E-0018   0.160361633004472352582E+0002   0.188810864801790525736E-0008  -0.250000000000000000000E+0002   0.569897000433601874647E+0001
   0.179166666666666640761E+0000   0.179166668629883899291E-0009   0.327852374863500273330E-0020   0.100000008599912719081E-0008  -0.125833329904832043518E-0018   0.160361633004472352582E+0002   0.202188514329489053871E-0008  -0.250000000000000000000E+0002   0.569897000433601874647E+0001
   0.181249999999999966693E+0000   0.181250002163101258701E-0009   0.355014606797727202557E-0020   0.100000010588953329337E-0008  -0.134674567514701279130E-0018   0.160361633024362788547E+0002   0.216390420912708031244E-0008  -0.250000000000000000000E+0002   0.569897000433601874647E+0001
   0.183333333333333292625E+0000   0.183333335717037786395E-0009   0.384076973483563131768E-0020   0.100000010588953329337E-0008  -0.144059682868712680303E-0018   0.160361633024362788547E+0002   0.231466096077279564161E-0008  -0.250000000000000000000E+0002   0.569897000433601785829E+0001
   0.185416666666666618557E+0000   0.185416669270974314090E-0009   0.415156309705238658306E-0020   0.100000010588953329337E-0008  -0.154021540749829085488E-0018   0.160361633024362753019E+0002   0.247468354060918629266E-0008  -0.250000000000000000000E+0002   0.569897000433601785829E+0001
   0.187499999999999944489E+0000   0.187500002849750196700E-0009   0.448376534308253973528E-0020   0.100000012973530408614E-0008  -0.164595211190656355483E-0018   0.160361633048208496177E+0002   0.264453547468151463453E-0008  -0.250000000000000000000E+0002   0.569897000433601697011E+0001
   0.189583333333333270421E+0000   0.189583336453365434226E-0009   0.483869124421080481256E-0020   0.100000012973530408614E-0008  -0.175818108844071120865E-0018   0.160361633048208496177E+0002   0.282481819061229209036E-0008  -0.250000000000000000000E+0002   0.569897000433601697011E+0001
   0.191666666666666596353E+0000   0.191666670076216239908E-0009   0.521773625341620945477E-0020   0.100000014820147681386E-0008  -0.187730191223447611097E-0018   0.160361633066674684756E+0002   0.301617373028264121257E-0008  -0.250000000000000000000E+0002   0.569897000433601608194E+0001
   0.193749999999999922284E+0000   0.193750003718302613748E-0009   0.562238196315998381721E-0020   0.100000014820147681386E-0008  -0.200374107992636515392E-0018   0.160361633066674684756E+0002   0.321928762562377857820E-0008  -0.250000000000000000000E+0002   0.569897000433601608194E+0001
   0.195833333333333248216E+0000   0.195833337382082936525E-0009   0.605420194947206614626E-0020   0.100000016902760286023E-0008  -0.213795420918897950661E-0018   0.160361633087500763395E+0002   0.343489197634347834156E-0008  -0.250000000000000000000E+0002   0.569897000433601519376E+0001
   0.197916666666666574148E+0000   0.197916671067557104843E-0009   0.651486802575712128054E-0020   0.100000016902760286023E-0008  -0.228042777163132767531E-0018   0.160361633087500763395E+0002   0.366376874251030769116E-0008  -0.250000000000000000000E+0002   0.569897000433601519376E+0001
   0.199999999999999900080E+0000   0.200000004777497621318E-0009   0.700615694491418246565E-0020   0.100000019251531901228E-0008  -0.243168164912025277933E-0018   0.160361633110988499595E+0002   0.390675326552425088427E-0008  -0.250000000000000000000E+0002   0.569897000433601519376E+0001
   0.202083333333333226012E+0000   0.202083338511904537650E-0009   0.752995756648277091379E-0020   0.100000019251531901228E-0008  -0.259227105589563188621E-0018   0.160361633110988499595E+0002   0.416473801129985669803E-0008  -0.250000000000000000000E+0002   0.569897000433601430558E+0001
   0.204166666666666551944E+0000   0.204166672273907801880E-0009   0.808827853306395476190E-0020   0.100000021900781795668E-0008  -0.276278948591157167060E-0018   0.160361633137481014444E+0002   0.443867658220817258887E-0008  -0.250000000000000000000E+0002   0.569897000433601430558E+0001
   0.206249999999999877875E+0000   0.206250006063507414006E-0009   0.868325647800245597590E-0020   0.100000021900781795668E-0008  -0.294387086656023327966E-0018   0.160361633137481014444E+0002   0.472958798465746825140E-0008  -0.250000000000000000000E+0002   0.569897000433601341740E+0001
   0.208333333333333203807E+0000   0.208333339884240346631E-0009   0.931716481275583234162E-0020   0.100000024889578991804E-0008  -0.313619296579707083333E-0018   0.160361633167368928810E+0002   0.503856119987045812942E-0008  -0.250000000000000000000E+0002   0.569897000433601341740E+0001
   0.210416666666666529739E+0000   0.210416673753141970878E-0009   0.999242312553925444520E-0020   0.100000026524978031945E-0008  -0.334047984024329240092E-0018   0.160361633183722922524E+0002   0.536676003675111078736E-0008  -0.250000000000000000000E+0002   0.569897000433601341740E+0001
