   0.208333333333333330442E-0002   0.208333333333333340923E-0011  -0.528941913899624536614E-0037   0.100000000000000006228E-0008   0.507784349825623276448E-0034   0.160361632918473233644E+0002  -0.688887540952561523673E-0024  -0.250000000000000000000E+0002   0.569897000433601874647E+0001
   0.416666666666666660884E-0002   0.416666666666666681847E-0011  -0.192518898997979454044E-0036   0.100000000000000006228E-0008   0.910813652598150522575E-0034   0.160361632918473233644E+0002  -0.146059600691091136399E-0023  -0.250000000000000000000E+0002   0.569897000433601874647E+0001
   0.625000000000000034694E-0002   0.625000000000000022770E-0011  -0.424069555308020590318E-0036   0.100000000000000006228E-0008   0.131207264797560321302E-0033   0.160361632918473233644E+0002  -0.210406148412942914525E-0023  -0.250000000000000000000E+0002   0.569897000433601874647E+0001
   0.833333333333333321769E-0002   0.833333333333333363693E-0011  -0.746664080039516380033E-0036   0.100000000000000006228E-0008   0.178483478944475548313E-0033   0.160361632918473233644E+0002  -0.286219057401150045380E-0023  -0.250000000000000000000E+0002   0.569897000433601874647E+0001
   0.104166666666666660884E-0001   0.104166666666666662384E-0010  -0.112031628719463743241E-0035   0.100000000000000006228E-0008   0.180222639924128589958E-0033   0.160361632918473233644E+0002  -0.289008004346859028975E-0023  -0.250000000000000000000E+0002   0.569897000433601874647E+0001
   0.124999999999999989592E-0001   0.125000000000000004554E-0010  -0.157897219393020855488E-0035   0.100000000000000006228E-0008   0.260087030541921490237E-0033   0.160361632918473233644E+0002  -0.417079845262250536846E-0023  -0.250000000000000000000E+0002   0.569897000433601874647E+0001
   0.145833333333333318299E-0001   0.145833333333333346724E-0010  -0.212558295478155777859E-0035   0.100000000000000006228E-0008   0.264659299875082326262E-0033   0.160361632918473233644E+0002  -0.424412011026109650625E-0023  -0.250000000000000000000E+0002   0.569897000433601874647E+0001
   0.166666666666666664354E-0001   0.166666666666666672739E-0010  -0.273840182439874182377E-0035   0.100000000000000006228E-0008   0.323646814957264575382E-0033   0.160361632918473233644E+0002  -0.519005353430596833461E-0023  -0.250000000000000000000E+0002   0.569897000433601874647E+0001
   0.187499999999999993061E-0001   0.187499999999999998753E-0010  -0.340057912141694901298E-0035   0.100000000000000006228E-0008   0.312043390179647678755E-0033   0.160361632918473233644E+0002  -0.500397911981527690505E-0023  -0.250000000000000000000E+0002   0.569897000433601874647E+0001
   0.208333333333333321769E-0001   0.208333333333333324768E-0010  -0.411318484300881576208E-0035   0.100000000000000006228E-0008   0.372058102548736411799E-0033   0.160361632918473233644E+0002  -0.596638484728312943584E-0023  -0.250000000000000000000E+0002   0.569897000433601874647E+0001
   0.229166666666666650476E-0001   0.229166666666666650782E-0010  -0.493071757525859711662E-0035   0.100000000000000006228E-0008   0.412773320411001943831E-0033   0.160361632918473233644E+0002  -0.661930072939336167972E-0023  -0.250000000000000000000E+0002   0.569897000433601874647E+0001
   0.249999999999999979183E-0001   0.250000000595853553376E-0010  -0.588726168084902522347E-0035   0.100000005720194175962E-0008   0.505509020955271235723E-0033   0.160361632975675156842E+0002   0.235184967907883837205E-0018  -0.250000000000000000000E+0002   0.569897000433601874647E+0001
   0.270833333333333307891E-0001   0.270833337299438933286E-0010   0.611028079237540467754E-0031   0.100000026634225595242E-0008  -0.439984340297195441151E-0028   0.160361633184815453035E+0002   0.144311345604936019870E-0017  -0.250000000000000000000E+0002   0.569897000433601874647E+0001
   0.291666666666666636598E-0001   0.291666683776449694107E-0010   0.374957546256257067567E-0030   0.100000099545077605251E-0008  -0.211309332586741542757E-0027   0.160361633913923498085E+0002   0.604101948709771783888E-0017  -0.250000000000000000000E+0002   0.569897000433601608194E+0001
   0.312499999999999965306E-0001   0.312500059985454987756E-0010   0.163074067918467266583E-0029   0.100000312061372944941E-0008  -0.828839164244335704411E-0027   0.160361636039082071647E+0002   0.210307092814100090170E-0016  -0.250000000000000000000E+0002   0.569897000433601075287E+0001
   0.333333333333333328707E-0001   0.333333514163100875433E-0010   0.583938504603726304533E-0029   0.100000848044027638802E-0008  -0.272883935357324783015E-0026   0.160361641398877488029E+0002   0.632793652499027834183E-0016  -0.250000000000000000000E+0002   0.569897000433599565383E+0001
   0.354166666666666657415E-0001   0.354167149253268220357E-0010   0.180728088248081090830E-0028   0.100002048821579099936E-0008  -0.779801210957813170009E-0026   0.160361653406478978923E+0002   0.168780202814892606509E-0015  -0.250000000000000000000E+0002   0.569897000433595835034E+0001
   0.374999999999999986122E-0001   0.375001163463562086857E-0010   0.496947878925074831722E-0028   0.100004487597241956432E-0008  -0.198319115426412900265E-0025   0.160361677793438346384E+0002   0.406890357547795332738E-0015  -0.250000000000000000000E+0002   0.569897000433587752610E+0001
   0.395833333333333314830E-0001   0.395835907014407504790E-0010   0.123801496546441643307E-0027   0.100009050490874303871E-0008  -0.457680102851377787667E-0025   0.160361723419285802095E+0002   0.900162144458557060219E-0015  -0.250000000000000000000E+0002   0.569897000433571321310E+0001
   0.416666666666666643537E-0001   0.416671955616462586007E-0010   0.283611234509980849644E-0027   0.100017016088854517173E-0008  -0.972790384819963006420E-0025   0.160361803064884220760E+0002   0.185013126138269224148E-0014  -0.250000000000000000000E+0002   0.569897000433540501518E+0001
   0.437499999999999972244E-0001   0.437510199530830118814E-0010   0.604622803600111746746E-0027   0.100030125489073963210E-0008  -0.192779158493827451931E-0024   0.160361934127992249444E+0002   0.356881288346754537217E-0014  -0.250000000000000000000E+0002   0.569897000433486056181E+0001
   0.458333333333333300952E-0001   0.458351945772044065629E-0010   0.121123203827617582606E-0026   0.100050638426579967580E-0008  -0.359730438416773087452E-0024   0.160362139174563047561E+0002   0.651537665333508419898E-0014  -0.250000000000000000000E+0002   0.569897000433394396168E+0001
   0.479166666666666629659E-0001   0.479199029074696411327E-0010   0.229851636695449023643E-0026   0.100081361278882406360E-0008  -0.637295762920016054622E-0024   0.160362446200446626676E+0002   0.113361597881175089069E-0013  -0.250000000000000000000E+0002   0.569897000433247225004E+0001
   0.499999999999999958367E-0001   0.500053927777980717389E-0010   0.415944617369697304786E-0026   0.100125666272646787083E-0008  -0.107900882998897694436E-0023   0.160362888792239566271E+0002   0.189100345249988081401E-0013  -0.250000000000000000000E+0002   0.569897000433019762511E+0001
   0.520833333333333287074E-0001   0.520919880358748572105E-0010   0.721883270175455059309E-0026   0.100187478502724638866E-0008  -0.175632654552630110378E-0023   0.160363505948250910649E+0002   0.303927341236411835257E-0013  -0.250000000000000000000E+0002   0.569897000432680567172E+0001
   0.541666666666666615781E-0001   0.541800997834364126498E-0010   0.120727178447503680828E-0025   0.100271249263184766028E-0008  -0.276093650583220752791E-0023   0.160364341738882814070E+0002   0.472643646900707579318E-0013  -0.250000000000000000000E+0002   0.569897000432189670960E+0001
   0.562499999999999944489E-0001   0.562702368987237065407E-0010   0.195357675151748624391E-0025   0.100381913804395178661E-0008  -0.420922175854035669105E-0023   0.160365444782043518046E+0002   0.713829762209355559490E-0013  -0.250000000000000000000E+0002   0.569897000431498668149E+0001
   0.583333333333333273196E-0001   0.583630155718147400289E-0010   0.306963224833834170661E-0025   0.100524838812344222324E-0008  -0.624586357604516448929E-0023   0.160366867581687699840E+0002   0.105038527325340670193E-0012  -0.250000000000000000000E+0002   0.569897000430548938965E+0001
   0.604166666666666601904E-0001   0.604591676859748924444E-0010   0.469804513351412039806E-0025   0.100705764147030037328E-0008  -0.904849776564427782031E-0023   0.160368665771180509694E+0002   0.151013186595781631630E-0012  -0.250000000000000000000E+0002   0.569897000429271827215E+0001
   0.624999999999999930611E-0001   0.625595479695294183815E-0010   0.702265252502111213330E-0025   0.100930743074204431961E-0008  -0.128331450455959834260E-0022   0.160370897301732426854E+0002   0.212649079504403926331E-0012  -0.250000000000000000000E+0002   0.569897000427587574478E+0001
   0.645833333333333259318E-0001   0.646651399250263078306E-0010   0.102772341967869391781E-0024   0.101206084653496438158E-0008  -0.178607393521018222400E-0022   0.160373621612219388055E+0002   0.293926530673575683884E-0012  -0.250000000000000000000E+0002   0.569897000425405142465E+0001
   0.666666666666666657415E-0001   0.667770606112879818453E-0010   0.147557597907490248696E-0024   0.101538301227624763563E-0008  -0.244451884813451181920E-0022   0.160376898811312074145E+0002   0.399555388476425602467E-0012  -0.250000000000000000000E+0002   0.569897000422621502480E+0001
   0.687500000000000055511E-0001   0.688965644073376186436E-0010   0.208245005758151678283E-0024   0.101934063193140803344E-0008  -0.329631414326239731685E-0022   0.160380788896822359391E+0002   0.535082560235043614957E-0012  -0.250000000000000000000E+0002   0.569897000419121635417E+0001
   0.708333333333333453607E-0001   0.710250459249456983346E-0010   0.289364410329022200038E-0024   0.102400162497234557478E-0008  -0.438661041229283373177E-0022   0.160385351031142775469E+0002   0.707019533470305823253E-0012  -0.250000000000000000000E+0002   0.569897000414778354127E+0001
   0.729166666666666851704E-0001   0.731640422597982142713E-0010   0.396485103865611949342E-0024   0.102943485648607551473E-0008  -0.576952624603364067378E-0022   0.160390642886026348890E+0002   0.922992947632137107793E-0012  -0.250000000000000000000E+0002   0.569897000409451948144E+0001
   0.750000000000000249800E-0001   0.753152347819716957986E-0010   0.536422639316552944095E-0024   0.103570996480046654467E-0008  -0.750996010820526408729E-0022   0.160396720064968789643E+0002   0.119192167177527514776E-0011  -0.250000000000000000000E+0002   0.569897000402990094869E+0001
   0.770833333333333647897E-0001   0.774804506668589363635E-0010   0.717487675522513896739E-0024   0.104289728469128998113E-0008  -0.968579461934142184095E-0022   0.160403635607239039018E+0002   0.152422376762803743695E-0011  -0.250000000000000000000E+0002   0.569897000395227593117E+0001
   0.791666666666667045993E-0001   0.796616643603686562124E-0010   0.949785817318384480374E-0024   0.105106786107804272810E-0008  -0.123905667529645403167E-0021   0.160411439574179297551E+0002   0.193205673105581943212E-0011  -0.250000000000000000000E+0002   0.569897000385986540749E+0001
   0.812500000000000444089E-0001   0.818609991594359648597E-0010   0.124557908186818609408E-0023   0.106029354602657253932E-0008  -0.157366900743212935782E-0021   0.160420178715731864827E+0002   0.242959445285590861089E-0011  -0.250000000000000000000E+0002   0.569897000375076068224E+0001
   0.833333333333333842186E-0001   0.840807290726902116327E-0010   0.161972158373153978963E-0023   0.107064717069750456961E-0008  -0.198593305470070448512E-0021   0.160429896213168170505E+0002   0.303334448157421000742E-0011  -0.250000000000000000000E+0002   0.569897000362291983322E+0001
   0.854166666666667240282E-0001   0.863232811082585869146E-0010   0.209018436144406047716E-0023   0.108220278344813156509E-0008  -0.249210570416055330361E-0021   0.160440631492618948073E+0002   0.376250930932822672762E-0011  -0.250000000000000000000E+0002   0.569897000347416859967E+0001
   0.875000000000000638378E-0001   0.885912381175068529409E-0010   0.267868701205392567718E-0023   0.109503594543020836962E-0008  -0.311174086548153573332E-0021   0.160452420103118562622E+0002   0.463939569056262908584E-0011  -0.250000000000000000000E+0002   0.569897000330219594133E+0001
   0.895833333333334036475E-0001   0.908873423060644775444E-0010   0.341145709677562807684E-0023   0.110922407558510876825E-0008  -0.386835509439888954820E-0021   0.160465293652405769365E+0002   0.568987638338668074502E-0011  -0.250000000000000000000E+0002   0.569897000310454870942E+0001
   0.916666666666667434571E-0001   0.932144995074735865345E-0010   0.432014218412428222922E-0023   0.112484683776763420786E-0008  -0.479022236763261195000E-0021   0.160479279793565616785E+0002   0.694390909206204478732E-0011  -0.250000000000000000000E+0002   0.569897000287863075840E+0001
   0.937500000000000832667E-0001   0.955757843006989487983E-0010   0.544290405527283495072E-0023   0.114198656372871067022E-0008  -0.591132226450934068293E-0021   0.160494402255686878789E+0002   0.843611811902453240880E-0011  -0.250000000000000000000E+0002   0.569897000262169761697E+0001
   0.958333333333334230764E-0001   0.979744460407921337584E-0010   0.682573019618150157423E-0023   0.116072870676075040706E-0008  -0.727247079351943098290E-0021   0.160510680911974290552E+0002   0.102064463417906152216E-0010  -0.250000000000000000000E+0002   0.569897000233084938259E+0001
   0.979166666666667628860E-0001   0.100413915862302414057E-0009   0.852400476401111437575E-0023   0.118116232188911992035E-0008  -0.892267140881133494523E-0021   0.160528131879145767869E+0002   0.123008762699873192716E-0010  -0.250000000000000000000E+0002   0.569897000200302539241E+0001
   0.100000000000000102696E+0000   0.102897814707536193804E-0009   0.106043862122597027426E-0022   0.120338056953530574210E-0008  -0.109207052850234207402E-0020   0.160546767642411118970E+0002   0.147722370660177111577E-0010  -0.250000000000000000000E+0002   0.569897000163499622971E+0001
   0.102083333333333442505E+0000   0.105429962450438742400E-0009   0.131470537849650295667E-0022   0.122748126365113698011E-0008  -0.133370574938203598964E-0020   0.160566597219666924445E+0002   0.176811064111645499430E-0010  -0.250000000000000000000E+0002   0.569897000122335484207E+0001
   0.104166666666666782315E+0000   0.108014388070028125360E-0009   0.162483905679276432344E-0022   0.125356733115467004168E-0008  -0.162561819473097651368E-0020   0.160587626252251958192E+0002   0.210968065635502137139E-0010  -0.250000000000000000000E+0002   0.569897000076450943595E+0001
   0.106250000000000122125E+0000   0.110655341015876350019E-0009   0.200241865935964262291E-0022   0.128174749685962004739E-0008  -0.197792076856126746970E-0020   0.160609857276685268346E+0002   0.250985076551326222884E-0010  -0.250000000000000000000E+0002   0.569897000025467015405E+0001
   0.108333333333333461934E+0000   0.113357303817981598925E-0009   0.246134591289539545792E-0022   0.131213679316141972952E-0008  -0.240271440094553141626E-0020   0.160633289843146265241E+0002   0.297764643496084162267E-0010  -0.250000000000000000000E+0002   0.569896999968984019347E+0001
   0.110416666666666801744E+0000   0.116125005876797926156E-0009   0.301830124135382464256E-0022   0.134485718330225689334E-0008  -0.291447368350880455588E-0020   0.160657920715725204275E+0002   0.352333790819641278215E-0010  -0.250000000000000000000E+0002   0.569896999906579981854E+0001
   0.112500000000000141553E+0000   0.118963438556311017905E-0009   0.369328678866476125218E-0022   0.138003818903028719814E-0008  -0.353049761625804712438E-0020   0.160683744060131949993E+0002   0.415859039216257252884E-0010  -0.250000000000000000000E+0002   0.569896999837809836720E+0001
   0.114583333333333481363E+0000   0.121877871609579859058E-0009   0.451027341914719356210E-0022   0.141781754210779245026E-0008  -0.427145114597256973601E-0020   0.160710751631304979981E+0002   0.489663159682469655448E-0010  -0.250000000000000000000E+0002   0.569896999762203204654E+0001
   0.116666666666666821173E+0000   0.124873870988626495479E-0009   0.549797107289489508240E-0022   0.145834186177699340298E-0008  -0.516200592874370480777E-0020   0.160738932959024367619E+0002   0.575243680802636548569E-0010  -0.250000000000000000000E+0002   0.569896999679263505101E+0001
   0.118750000000000160982E+0000   0.127957318095262312932E-0009   0.669074557010677848420E-0022   0.150176736059338039215E-0008  -0.623160127152825821154E-0020   0.160768275529973294624E+0002   0.674293364919036546452E-0010  -0.250000000000000000000E+0002   0.569896999588465646980E+0001
   0.120833333333333500792E+0000   0.131134430534722714599E-0009   0.812970921022635210997E-0022   0.154826058128860500141E-0008  -0.751534702758739054970E-0020   0.160798764964989935322E+0002   0.788722853473602831951E-0010  -0.250000000000000000000E+0002   0.569896999489254607596E+0001
   0.122916666666666840602E+0000   0.134411784439749634762E-0009   0.986401754327748984829E-0022   0.159799916753724166303E-0008  -0.905509455712710485869E-0020   0.160830385190515734450E+0002   0.920685697608012872844E-0010  -0.250000000000000000000E+0002   0.569896999381043034560E+0001
   0.125000000000000166533E+0000   0.137796338438940934082E-0009   0.119524106065420426204E-0021   0.165117267168640403031E-0008  -0.109007063758814563183E-0019   0.160863118603473651547E+0002   0.107260601136760799254E-0009  -0.250000000000000000000E+0002   0.569896999263209469433E+0001
   0.127083333333333492465E+0000   0.141295459349726756005E-0009   0.144650439255200637499E-0021   0.170798340266795213578E-0008  -0.131115608611394614522E-0019   0.160896946229011632568E+0002   0.124720901234667010330E-0009  -0.250000000000000000000E+0002   0.569896999135095594369E+0001
   0.129166666666666818397E+0000   0.144916949683189113703E-0009   0.174856628353761562118E-0021   0.176864731745591021985E-0008  -0.157583348007903978010E-0019   0.160931847870714221926E+0002   0.144755472491201376731E-0009  -0.250000000000000000000E+0002   0.569896998996004278126E+0001
   0.131250000000000144329E+0000   0.148669077055086059722E-0009   0.211141833523089504622E-0021   0.183339495956516085384E-0008  -0.189251137841759237055E-0019   0.160967802253032061799E+0002   0.167707515603481922031E-0009  -0.250000000000000000000E+0002   0.569896998845196378625E+0001
   0.133333333333333470261E+0000   0.152560605604854569563E-0009   0.254697543194904445687E-0021   0.190247244821261479672E-0008  -0.227118901912597025052E-0019   0.161004787155800457299E+0002   0.193961528936594918191E-0009  -0.250000000000000000000E+0002   0.569896998681888611316E+0001
   0.135416666666666796193E+0000   0.156600829532036147527E-0009   0.306943890201947018871E-0021   0.197614252188173396326E-0008  -0.272375183972711614996E-0019   0.161042779540819545048E+0002   0.223947825410840904243E-0009  -0.250000000000000000000E+0002   0.569896998505249730016E+0001
   0.137500000000000122125E+0000   0.160799608867492726292E-0009   0.369572702700929060299E-0021   0.205468564015657999667E-0008  -0.326432090443659991366E-0019   0.161081755670555146764E+0002   0.258147508657234253181E-0009  -0.250000000000000000000E+0002   0.569896998314397951191E+0001
   0.139583333333333448056E+0000   0.165167407604954010065E-0009   0.444598517859062294473E-0021   0.213840114780624374053E-0008  -0.390966600048314713569E-0019   0.161121691219083800206E+0002   0.297097944732746406355E-0009  -0.250000000000000000000E+0002   0.569896998108397401239E+0001
   0.141666666666666773988E+0000   0.169715334326870620941E-0009   0.534419000200544541617E-0021   0.222760850523370394065E-0008  -0.467969333167455055267E-0019   0.161162561375465074320E+0002   0.341398785210644691674E-0009  -0.250000000000000000000E+0002   0.569896997886254297327E+0001
   0.143750000000000099920E+0000   0.174455185467247642043E-0009   0.641886473736876583134E-0021   0.232264858952820612584E-0008  -0.559802196897528064754E-0019   0.161204340939763781648E+0002   0.391718593221585582937E-0009  -0.250000000000000000000E+0002   0.569896997646913039404E+0001
   0.145833333333333425852E+0000   0.179399491363105268977E-0009   0.770392569740043933279E-0021   0.242388507049513806400E-0008  -0.669266376397755810104E-0019   0.161247004411979482086E+0002   0.448802118632777644580E-0009  -0.250000000000000000000E+0002   0.569896997389252479849E+0001
   0.147916666666666751784E+0000   0.184561565255477186946E-0009   0.923968351163454900836E-0021   0.253170586618189491482E-0008  -0.799682562412924912462E-0019   0.161290526074165612158E+0002   0.513478289482852680066E-0009  -0.250000000000000000000E+0002   0.569896997112081038495E+0001
   0.150000000000000077716E+0000   0.189955555410420429400E-0009   0.110740268957053944027E-0020   0.264652468256359013085E-0008  -0.954985547048489454759E-0019   0.161334880066036454593E+0002   0.586668983035323031786E-0009  -0.250000000000000000000E+0002   0.569896996814132528186E+0001
   0.152083333333333403647E+0000   0.195596500540389543783E-0009   0.132638215765685260858E-0020   0.276878264220678201073E-0008  -0.113983570839132034680E-0018   0.161380040454371922465E+0002   0.669398647261899480438E-0009  -0.250000000000000000000E+0002   0.569896996494060559257E+0001
   0.154166666666666729579E+0000   0.201500388716535350446E-0009   0.158765627135942648567E-0020   0.289895000689318866284E-0008  -0.135975033486816538120E-0018   0.161425981296536917853E+0002   0.762804849142832629923E-0009  -0.250000000000000000000E+0002   0.569896996150434187456E+0001
   0.156250000000000055511E+0000   0.207684219973040251760E-0009   0.189923258337333897258E-0020   0.303752799935151370327E-0008  -0.162125823872761153691E-0018   0.161472676698431918396E+0002   0.868149831902904817766E-0009  -0.250000000000000000000E+0002   0.569896995781731163788E+0001
   0.158333333333333381443E+0000   0.214166072815511371683E-0009   0.227060691114794613870E-0020   0.318505072942075273750E-0008  -0.193208169393416148347E-0018   0.161520100867191906957E+0002   0.986833171049261081672E-0009  -0.250000000000000000000E+0002   0.569896995386333049538E+0001
   0.160416666666666707375E+0000   0.220965174856731413674E-0009   0.271303489654878646004E-0020   0.334208723015049005578E-0008  -0.230135042035226873622E-0018   0.161568228158943725248E+0002   0.112040562565494476793E-0008  -0.250000000000000000000E+0002   0.569896994962518288474E+0001
   0.162500000000000033307E+0000   0.228101977814735231184E-0009   0.323985216104092105955E-0020   0.350924360953313918464E-0008  -0.273985311787813295217E-0018   0.161617033121928024286E+0002   0.127058428865983800886E-0008  -0.250000000000000000000E+0002   0.569896994508455545514E+0001
   0.164583333333333359239E+0000   0.235598237120239364295E-0009   0.386685156672533279523E-0020   0.368716532375084266445E-0008  -0.326033298569524004689E-0018   0.161666490535280580332E+0002   0.143926914902005512611E-0008  -0.250000000000000000000E+0002   0.569896994022196778928E+0001
   0.166666666666666685170E+0000   0.243477096392924180474E-0009   0.461272754750979265267E-0020   0.387653957802659327474E-0008  -0.387783472720787218307E-0018   0.161716575443759964514E+0002   0.162856118677642786932E-0008  -0.250000000000000000000E+0002   0.569896993501669602011E+0001
   0.168750000000000011102E+0000   0.251763177058959557024E-0009   0.549959916997537455332E-0020   0.407809786136737152199E-0008  -0.461011178447870918074E-0018   0.161767263188696119869E+0002   0.184078213146403141525E-0008  -0.250000000000000000000E+0002   0.569896992944669289471E+0001
   0.170833333333333337034E+0000   0.260482673395486838325E-0009   0.655362555919483946283E-0020   0.429261862169882431737E-0008  -0.547810399074078010541E-0018   0.161818529435424771634E+0002   0.207849602509273333955E-0008  -0.250000000000000000000E+0002   0.569896992348850073284E+0001
   0.172916666666666662966E+0000   0.269663453301532380250E-0009   0.780572962535806125379E-0020   0.452093008810489510361E-0008  -0.650649749952138625821E-0018   0.161870350197458172659E+0002   0.234453274045019984528E-0008  -0.250000000000000000000E+0002   0.569896991711716527362E+0001
   0.174999999999999988898E+0000   0.279335165109036372150E-0009   0.929244870371506696585E-0020   0.476391324709893050317E-0008  -0.772438078397480326489E-0018   0.161922701857631601285E+0002   0.264201361809629268109E-0008  -0.250000000000000000000E+0002   0.569896991030613797591E+0001
   0.177083333333333314830E+0000   0.289529350762347986620E-0009   0.110569338342730083170E-0019   0.502250498008023924017E-0008  -0.916601275133756675072E-0018   0.161975561186454228846E+0002   0.297437939703918975192E-0008  -0.250000000000000000000E+0002   0.569896990302717298960E+0001
   0.179166666666666640761E+0000   0.300279565709665748190E-0009   0.131501230244428937923E-0019   0.529770136934479863195E-0008  -0.108717215958164025530E-0017   0.162028905357876737980E+0002   0.334542062680388653450E-0008  -0.250000000000000000000E+0002   0.569896989525022323875E+0001
   0.181249999999999966693E+0000   0.311621505865496124398E-0009   0.156321180397986204191E-0019   0.559056118025235591038E-0008  -0.128889560295630212236E-0017   0.162082711962680399154E+0002   0.375931076321730119997E-0008  -0.250000000000000000000E+0002   0.569896988694332584657E+0001
   0.183333333333333292625E+0000   0.323593142019270809105E-0009   0.185737991424586646875E-0019   0.590220952737133065503E-0008  -0.152735139758824480411E-0017   0.162136959019676680782E+0002   0.422064216417537045745E-0008  -0.250000000000000000000E+0002   0.569896987807248311952E+0001
   0.185416666666666618557E+0000   0.336234862081806728467E-0009   0.220587178508988070349E-0019   0.623384173266317592031E-0008  -0.180909778244185600900E-0017   0.162191624984898190576E+0002   0.473446521771347953200E-0008  -0.250000000000000000000E+0002   0.569896986860153109689E+0001
   0.187499999999999944489E+0000   0.349589621578309818035E-0009   0.261853143446431423782E-0019   0.658672738397976690410E-0008  -0.214183899329192809617E-0017   0.162246688758947321674E+0002   0.530633085120328482968E-0008  -0.250000000000000000000E+0002   0.569896985849201076491E+0001
   0.189583333333333270421E+0000   0.363703102814115956175E-0009   0.310695137246108012600E-0019   0.696221460239405788123E-0008  -0.253462073992110772347E-0017   0.162302129692661374349E+0002   0.594233668797799702352E-0008  -0.250000000000000000000E+0002   0.569896984770302417189E+0001
   0.191666666666666596353E+0000   0.378623883157340434112E-0009   0.368477641153109335956E-0019   0.736173452710145086512E-0008  -0.299805812063807228588E-0017   0.162357927591239459275E+0002   0.664917713661015849646E-0008  -0.250000000000000000000E+0002   0.569896983619108254970E+0001
   0.193749999999999922284E+0000   0.394403612901052643414E-0009   0.436805897460048934423E-0019   0.778680602686231638677E-0008  -0.354460119155395898025E-0017   0.162414062716970306610E+0002   0.743419771734073552150E-0008  -0.250000000000000000000E+0002   0.569896982390994821799E+0001
   0.195833333333333248216E+0000   0.411097203186506404891E-0009   0.517567438710329466134E-0019   0.823904064717324665448E-0008  -0.418884421205615404815E-0017   0.162470515790686604873E+0002   0.830545395162964394604E-0008  -0.250000000000000000000E+0002   0.569896981081046760664E+0001
   0.197916666666666574148E+0000   0.428763024488346407063E-0009   0.612980599300950983828E-0019   0.872014780259320175275E-0008  -0.494788552163466115138E-0017   0.162527267992066519753E+0002   0.927177516290266647334E-0008  -0.250000000000000000000E+0002   0.569896979684039450831E+0001
   0.199999999999999900080E+0000   0.447463116182556474285E-0009   0.725651149644895836288E-0019   0.923194022384844458292E-0008  -0.584174606350514961377E-0017   0.162584300958890715094E+0002   0.103428335592617935024E-0007  -0.250000000000000000000E+0002   0.569896978194420267272E+0001
   0.202083333333333226012E+0000   0.467263407738208399809E-0009   0.858638373107000948971E-0019   0.977633966957735097991E-0008  -0.689385579664934470756E-0017   0.162641596785360000865E+0002   0.115292189945866477059E-0007  -0.250000000000000000000E+0002   0.569896976606288774292E+0001
   0.204166666666666551944E+0000   0.488233952094819284326E-0009   0.101553211330861716076E-0018   0.103553829127691014651E-0007  -0.813161863541529306164E-0017   0.162699138019565445745E+0002   0.128425198299233235549E-0007  -0.250000000000000000000E+0002   0.569896974913375764515E+0001
   0.206249999999999877875E+0000   0.510449171808299179689E-0009   0.120054255810389865438E-0018   0.109712280121717238147E-0007  -0.958706815942194865002E-0017   0.162756907660201513011E+0002   0.142954103449880325019E-0007  -0.250000000000000000000E+0002   0.569896973109022031423E+0001
   0.208333333333333203807E+0000   0.533988118570060975247E-0009   0.141860480108175947216E-0018   0.116261608791196164650E-0007  -0.112976281700375530258E-0016   0.162814889152601054434E+0002   0.159017451779097253981E-0007  -0.250000000000000000000E+0002   0.569896971186154122080E+0001
   0.210416666666666529739E+0000   0.558934746725873879202E-0009   0.167550053694632929657E-0018   0.123226021504606323658E-0007  -0.133069942627926740578E-0016   0.162873066384169149501E+0002   0.176766613028117916736E-0007  -0.250000000000000000000E+0002   0.569896969137261066862E+0001
