   0.208333333333333330442E-0002   0.208333333333333340923E-0011  -0.635140106488618673758E-0037   0.100000000000000006228E-0008   0.609734614711057628061E-0034   0.139638367081526801883E+0002  -0.776760034957368116826E-0024  -0.250000000000000000000E+0002   0.569897000433601874647E+0001
   0.416666666666666660884E-0002   0.416666666666666681847E-0011  -0.236033323355061550852E-0036   0.100000000000000006228E-0008   0.109992014547744659082E-0033   0.139638367081526801883E+0002  -0.153591084448526694846E-0023  -0.250000000000000000000E+0002   0.569897000433601874647E+0001
   0.625000000000000034694E-0002   0.625000000000000022770E-0011  -0.542513213500720862729E-0036   0.100000000000000006228E-0008   0.184228679991816465495E-0033   0.139638367081526801883E+0002  -0.257253951850413373648E-0023  -0.250000000000000000000E+0002   0.569897000433601874647E+0001
   0.833333333333333321769E-0002   0.833333333333333363693E-0011  -0.985795918870873170198E-0036   0.100000000000000006228E-0008   0.241322717163251616434E-0033   0.139638367081526801883E+0002  -0.336979133057614437131E-0023  -0.250000000000000000000E+0002   0.569897000433601874647E+0001
   0.104166666666666660884E-0001   0.104166666666666662384E-0010  -0.159513710897387857050E-0035   0.100000000000000006228E-0008   0.343644825335291935065E-0033   0.139638367081526801883E+0002  -0.479860054072285938335E-0023  -0.250000000000000000000E+0002   0.569897000433601874647E+0001
   0.124999999999999989592E-0001   0.125000000000000004554E-0010  -0.236895863749157354016E-0035   0.100000000000000006228E-0008   0.399223842041467323825E-0033   0.139638367081526801883E+0002  -0.557469685441070062568E-0023  -0.250000000000000000000E+0002   0.569897000433601874647E+0001
   0.145833333333333318299E-0001   0.145833333333333346724E-0010  -0.326944283538127455810E-0035   0.100000000000000006228E-0008   0.465240987932194768678E-0033   0.139638367081526801883E+0002  -0.649654949956042369842E-0023  -0.250000000000000000000E+0002   0.569897000433601874647E+0001
   0.166666666666666664354E-0001   0.166666666666666672739E-0010  -0.425871593029042146840E-0035   0.100000000000000006228E-0008   0.484461183180614019202E-0033   0.139638367081526801883E+0002  -0.676493716751763933462E-0023  -0.250000000000000000000E+0002   0.569897000433601874647E+0001
   0.187499999999999993061E-0001   0.187499999999999998753E-0010  -0.539886119466609635400E-0035   0.100000000000000006228E-0008   0.610078270619382357845E-0033   0.139638367081526801883E+0002  -0.851903366426252375076E-0023  -0.250000000000000000000E+0002   0.569897000433601874647E+0001
   0.208333333333333321769E-0001   0.208333333333333324768E-0010  -0.673605665047759361510E-0035   0.100000000000000006228E-0008   0.673629366959277019739E-0033   0.139638367081526801883E+0002  -0.940645079617367876515E-0023  -0.250000000000000000000E+0002   0.569897000433601874647E+0001
   0.229166666666666650476E-0001   0.229166666666666650782E-0010  -0.807493449772519726514E-0035   0.100000000000000006228E-0008   0.611693366398274263454E-0033   0.139638367081526801883E+0002  -0.854158659799676296744E-0023  -0.250000000000000000000E+0002   0.569897000433601874647E+0001
   0.249999999999999979183E-0001   0.249999999999999976796E-0010  -0.949368248478547030788E-0035   0.100000000000000006228E-0008   0.750304701178511567304E-0033   0.139638367081526801883E+0002   0.105114786942537826441E-0018  -0.250000000000000000000E+0002   0.569897000433601874647E+0001
   0.270833333333333307891E-0001   0.270833333333333302811E-0010   0.313570409698243147687E-0031   0.100000000000000006228E-0008  -0.225842296006701827319E-0028   0.139638367081526801883E+0002   0.730035750383852611934E-0018  -0.250000000000000000000E+0002   0.569897000433601874647E+0001
   0.291666666666666636598E-0001   0.291666666666666693449E-0010   0.217825783833747818422E-0030   0.100000000000000006228E-0008  -0.126729537165665363021E-0027   0.139638367081526801883E+0002   0.319319024624553922860E-0017  -0.250000000000000000000E+0002   0.569897000433601874647E+0001
   0.312499999999999965306E-0001   0.312499999999999954840E-0010   0.984172389935149235933E-0030   0.100000000000000006228E-0008  -0.507017033813471268948E-0027   0.139638367081526801883E+0002   0.112287259305856905493E-0016  -0.250000000000000000000E+0002   0.569897000433601874647E+0001
   0.333333333333333328707E-0001   0.333333333333333345477E-0010   0.356836342907930067827E-0029   0.100000000000000006228E-0008  -0.167669440600759439908E-0026   0.139638367081526801883E+0002   0.338767378059070860345E-0016  -0.250000000000000000000E+0002   0.569897000433601874647E+0001
   0.354166666666666657415E-0001   0.354166666666666606868E-0010   0.110926460483448229076E-0028   0.100000000000000006228E-0008  -0.479727765956618529396E-0026   0.139638367081526801883E+0002   0.904304124599214502302E-0016  -0.250000000000000000000E+0002   0.569897000433601874647E+0001
   0.374999999999999986122E-0001   0.374999999999999997506E-0010   0.305518777320070215466E-0028   0.100000000000000006228E-0008  -0.122048190229462763708E-0025   0.139638367081526819646E+0002   0.218033995569099995247E-0015  -0.250000000000000000000E+0002   0.569897000433601874647E+0001
   0.395833333333333314830E-0001   0.395833333333333258897E-0010   0.761517704023357098022E-0028   0.100000000000000006228E-0008  -0.281617072443101591475E-0025   0.139638367081526801883E+0002   0.482320766601787665394E-0015  -0.250000000000000000000E+0002   0.569897000433601874647E+0001
   0.416666666666666643537E-0001   0.416666666666666649535E-0010   0.174471482733287242760E-0027   0.100000000000000006228E-0008  -0.598462186803559167519E-0025   0.139638367081526801883E+0002   0.991183625001175800724E-0015  -0.250000000000000000000E+0002   0.569897000433601874647E+0001
   0.437499999999999972244E-0001   0.437499999999999910926E-0010   0.371910869727866189215E-0027   0.100000000000000006228E-0008  -0.118559627626718620918E-0024   0.139638367081526801883E+0002   0.191146034555299587232E-0014  -0.250000000000000000000E+0002   0.569897000433601874647E+0001
   0.458333333333333300952E-0001   0.458333333333333301564E-0010   0.744831783878002273515E-0027   0.100000000000000006228E-0008  -0.221117605370014498902E-0024   0.139638367081526801883E+0002   0.348807070121002404881E-0014  -0.250000000000000000000E+0002   0.569897000433601874647E+0001
   0.479166666666666629659E-0001   0.479166666666666562955E-0010   0.141271564445756815676E-0026   0.100000000000000006228E-0008  -0.391375360181427612259E-0024   0.139638367081526801883E+0002   0.606481991229346854822E-0014  -0.250000000000000000000E+0002   0.569897000433601874647E+0001
   0.499999999999999958367E-0001   0.499999999999999953593E-0010   0.255451228173935089987E-0026   0.100000000000000006228E-0008  -0.661801452272418701904E-0024   0.139638367081526801883E+0002   0.101060987561465652518E-0013  -0.250000000000000000000E+0002   0.569897000433601874647E+0001
   0.520833333333333287074E-0001   0.520833333333333214984E-0010   0.442827259327502873184E-0026   0.100000000000000006228E-0008  -0.107507623136054862415E-0023   0.139638367081526784119E+0002   0.162186555052483720364E-0013  -0.250000000000000000000E+0002   0.569897000433601874647E+0001
   0.541666666666666615781E-0001   0.541666666666666605621E-0010   0.739399391463542893400E-0026   0.100000000000000006228E-0008  -0.168561687664524344948E-0023   0.139638367081526801883E+0002   0.251725938601177563985E-0013  -0.250000000000000000000E+0002   0.569897000433601874647E+0001
   0.562499999999999944489E-0001   0.562499999999999867012E-0010   0.119395182440667012244E-0025   0.100000000000000006228E-0008  -0.256100439992628553667E-0023   0.139638367081526801883E+0002   0.379209909075469683373E-0013  -0.250000000000000000000E+0002   0.569897000433601874647E+0001
   0.583333333333333273196E-0001   0.583333333333333257650E-0010   0.187092314156339909073E-0025   0.100000000000000006228E-0008  -0.378326764440416759266E-0023   0.139638367081526801883E+0002   0.556176131729331800363E-0013  -0.250000000000000000000E+0002   0.569897000433601874647E+0001
   0.604166666666666601904E-0001   0.604166666666666648288E-0010   0.285352476079959290547E-0025   0.100000000000000006228E-0008  -0.545000049738255292390E-0023   0.139638367081526801883E+0002   0.796323740688646658050E-0013  -0.250000000000000000000E+0002   0.569897000433601874647E+0001
   0.624999999999999930611E-0001   0.625000000000000038926E-0010   0.424707208646624715662E-0025   0.100000000000000006228E-0008  -0.767529685843465042960E-0023   0.139638367081526801883E+0002   0.111564424484456715574E-0012  -0.250000000000000000000E+0002   0.569897000433601874647E+0001
   0.645833333333333259318E-0001   0.645833333333333429564E-0010   0.618249357074039862042E-0025   0.100000000000000006228E-0008  -0.105905211051778973646E-0022   0.139638367081526819646E+0002   0.153252824931371214977E-0012  -0.250000000000000000000E+0002   0.569897000433601874647E+0001
   0.666666666666666657415E-0001   0.666666666666666820202E-0010   0.881998031034396090764E-0025   0.100000000000000006228E-0008  -0.143448929625769861859E-0022   0.139638367081526801883E+0002   0.206784943454174666203E-0012  -0.250000000000000000000E+0002   0.569897000433601874647E+0001
   0.687500000000000055511E-0001   0.687500000000000210840E-0010   0.123527456946135969780E-0024   0.100000000000000006228E-0008  -0.191059425916913648901E-0022   0.139638367081526801883E+0002   0.274502834971276266714E-0012  -0.250000000000000000000E+0002   0.569897000433601874647E+0001
   0.708333333333333453607E-0001   0.708333333333333601478E-0010   0.170108653534863688005E-0024   0.100000000000000006228E-0008  -0.250598246215781884458E-0022   0.139638367081526801883E+0002   0.359007838207087120026E-0012  -0.250000000000000000000E+0002   0.569897000433601874647E+0001
   0.729166666666666851704E-0001   0.729166666666666992115E-0010   0.230651739748461311542E-0024   0.100000000000000006228E-0008  -0.324115348924974938537E-0022   0.139638367081526801883E+0002   0.463163773265178674023E-0012  -0.250000000000000000000E+0002   0.569897000433601874647E+0001
   0.750000000000000249800E-0001   0.750000000000000382753E-0010   0.308312006639547391616E-0024   0.100000000000000006228E-0008  -0.413850514703424575593E-0022   0.139638367081526801883E+0002   0.590099096844579467168E-0012  -0.250000000000000000000E+0002   0.569897000433601874647E+0001
   0.770833333333333647897E-0001   0.770833333333333773391E-0010   0.406731300705607514895E-0024   0.100000000000000006228E-0008  -0.522234276736406457261E-0022   0.139638367081526801883E+0002   0.743208385062952541568E-0012  -0.250000000000000000000E+0002   0.569897000433601874647E+0001
   0.791666666666667045993E-0001   0.791666666666667164029E-0010   0.530077819944632880959E-0024   0.100000000000000006228E-0008  -0.651888632764830265087E-0022   0.139638367081526801883E+0002   0.926153502981276509726E-0012  -0.250000000000000000000E+0002   0.569897000433601874647E+0001
   0.812500000000000444089E-0001   0.812500000000000554667E-0010   0.683086074092095174901E-0024   0.100000000000000006228E-0008  -0.805627783687860647963E-0022   0.139638367081526801883E+0002   0.114286479751112923646E-0011  -0.250000000000000000000E+0002   0.569897000433601874647E+0001
   0.833333333333333842186E-0001   0.833333333333333945305E-0010   0.871097036641011199353E-0024   0.100000000000000006228E-0008  -0.986459120397252596369E-0022   0.139638367081526801883E+0002   0.139754262779637859398E-0011  -0.250000000000000000000E+0002   0.569897000433601874647E+0001
   0.854166666666667240282E-0001   0.854166666666667335943E-0010   0.110009856172075702980E-0023   0.100000000000000006228E-0008  -0.119758467046059875380E-0021   0.139638367081526801883E+0002   0.169465950724977185584E-0011  -0.250000000000000000000E+0002   0.569897000433601874647E+0001
   0.875000000000000638378E-0001   0.875000000000000726581E-0010   0.137676617527230958244E-0023   0.100000000000000006228E-0008  -0.144240315737846213444E-0021   0.139638367081526801883E+0002   0.203896310319107802046E-0011  -0.250000000000000000000E+0002   0.569897000433601874647E+0001
   0.895833333333334036475E-0001   0.895833333333334117219E-0010   0.170850438700936634785E-0023   0.100000000000000006228E-0008  -0.172451285198128199177E-0021   0.139638367081526801883E+0002   0.243548031428216044509E-0011  -0.250000000000000000000E+0002   0.569897000433601874647E+0001
   0.916666666666667434571E-0001   0.916666666666667507856E-0010   0.210348869823747816639E-0023   0.100000000000000006228E-0008  -0.204771533267003423833E-0021   0.139638367081526801883E+0002   0.288952260841839629979E-0011  -0.250000000000000000000E+0002   0.569897000433601874647E+0001
   0.937500000000000832667E-0001   0.937500000000000898494E-0010   0.257070850659999608360E-0023   0.100000000000000006228E-0008  -0.241602027325981412110E-0021   0.139638367081526801883E+0002   0.340669278590103432002E-0011  -0.250000000000000000000E+0002   0.569897000433601874647E+0001
   0.958333333333334230764E-0001   0.958333333333334289132E-0010   0.312001113195277063564E-0023   0.100000000000000006228E-0008  -0.283365136246764108916E-0021   0.139638367081526801883E+0002   0.399289330217013201540E-0011  -0.250000000000000000000E+0002   0.569897000433601874647E+0001
   0.979166666666667628860E-0001   0.979166666666667679770E-0010   0.376214720453346217222E-0023   0.100000000000000006228E-0008  -0.330505342173570634019E-0021   0.139638367081526801883E+0002   0.465433626460149919857E-0011  -0.250000000000000000000E+0002   0.569897000433601874647E+0001
   0.100000000000000102696E+0000   0.100000000000000107041E-0009   0.450881767377134194336E-0023   0.100000000000000006228E-0008  -0.383490080431836243238E-0021   0.139638367081526801883E+0002   0.539755522116855548866E-0011  -0.250000000000000000000E+0002   0.569897000433601874647E+0001
   0.102083333333333442505E+0000   0.102083333333333446105E-0009   0.537272271408601070170E-0023   0.100000000000000006228E-0008  -0.442810716409572640695E-0021   0.139638367081526801883E+0002   0.622941884657298069434E-0011  -0.250000000000000000000E+0002   0.569897000433601874647E+0001
   0.104166666666666782315E+0000   0.104166666666666785168E-0009   0.636761281748509687962E-0023   0.100000000000000006228E-0008  -0.508983664771913070091E-0021   0.139638367081526801883E+0002   0.715714660846436160337E-0011  -0.250000000000000000000E+0002   0.569897000433601874647E+0001
   0.106250000000000122125E+0000   0.106250000000000124232E-0009   0.750834237401337955585E-0023   0.100000000000000006228E-0008  -0.582551655884779633692E-0021   0.139638367081526801883E+0002   0.818832649521632051666E-0011  -0.250000000000000000000E+0002   0.569897000433601874647E+0001
   0.108333333333333461934E+0000   0.108333333333333463296E-0009   0.881092605413069009288E-0023   0.100000000000000006228E-0008  -0.664085156117431641216E-0021   0.139638367081526819646E+0002   0.933093488235211951022E-0011  -0.250000000000000000000E+0002   0.569897000433601874647E+0001
   0.110416666666666801744E+0000   0.110416666666666802360E-0009   0.102925983171120284287E-0022   0.100000000000000006228E-0008  -0.754183946118398164344E-0021   0.139638367081526801883E+0002   0.105933586626218383367E-0010  -0.250000000000000000000E+0002   0.569897000433601874647E+0001
   0.112500000000000141553E+0000   0.112500000000000141424E-0009   0.119718763967983093968E-0022   0.100000000000000006228E-0008  -0.853478874258580736863E-0021   0.139638367081526801883E+0002   0.119844197330714973361E-0010  -0.250000000000000000000E+0002   0.569897000433601874647E+0001
   0.114583333333333481363E+0000   0.114583333333333480487E-0009   0.138686271167009925304E-0022   0.100000000000000006228E-0008  -0.962633779204884047683E-0021   0.139638367081526801883E+0002   0.135134018998872607359E-0010  -0.250000000000000000000E+0002   0.569897000433601874647E+0001
   0.116666666666666821173E+0000   0.116666666666666806626E-0009   0.160041379038857829904E-0022   0.100000000000000006228E-0008  -0.108234759399655827552E-0020   0.139638367081526801883E+0002   0.151900803499169790517E-0010  -0.250000000000000000000E+0002   0.569897000433601874647E+0001
   0.118750000000000160982E+0000   0.118750000000000132766E-0009   0.184011923980634810416E-0022   0.100000000000000006228E-0008  -0.121335664688359979837E-0020   0.139638367081526801883E+0002   0.170247538257389727041E-0010  -0.250000000000000000000E+0002   0.569897000433601874647E+0001
   0.120833333333333500792E+0000   0.120833333333333458905E-0009   0.210841510662073694223E-0022   0.100000000000000006228E-0008  -0.135643716246116787556E-0020   0.139638367081526801883E+0002   0.190282796024822138709E-0010  -0.250000000000000000000E+0002   0.569897000433601874647E+0001
   0.122916666666666840602E+0000   0.122916666666666785044E-0009   0.240790372483542871417E-0022   0.100000000000000006228E-0008  -0.151240797079142993631E-0020   0.139638367081526801883E+0002   0.212121114300734090796E-0010  -0.250000000000000000000E+0002   0.569897000433601874647E+0001
   0.125000000000000166533E+0000   0.125000000000000111183E-0009   0.274136290938127147746E-0022   0.100000000000000006228E-0008  -0.168213344501507038953E-0020   0.139638367081526801883E+0002   0.235883406125631977169E-0010  -0.250000000000000000000E+0002   0.569897000433601874647E+0001
   0.127083333333333492465E+0000   0.127083333333333437322E-0009   0.311175578646104043882E-0022   0.100000000000000006228E-0008  -0.186652667206465403093E-0020   0.139638367081526801883E+0002   0.261697403835774539443E-0010  -0.250000000000000000000E+0002   0.569897000433601874647E+0001
   0.129166666666666818397E+0000   0.129166666666666763461E-0009   0.352224131128853882142E-0022   0.100000000000000006228E-0008  -0.206655287376637545705E-0020   0.139638367081526801883E+0002   0.289698138174455496136E-0010  -0.250000000000000000000E+0002   0.569897000433601874647E+0001
   0.131250000000000144329E+0000   0.131250000000000089600E-0009   0.397618552805366766889E-0022   0.100000000000000006228E-0008  -0.228323310112312079117E-0020   0.139638367081526801883E+0002   0.320028454669112799922E-0010  -0.250000000000000000000E+0002   0.569897000433601874647E+0001
   0.133333333333333470261E+0000   0.133333333333333415739E-0009   0.447717362847614677139E-0022   0.100000000000000006228E-0008  -0.251764820280540846059E-0020   0.139638367081526784119E+0002   0.352839569171572636043E-0010  -0.250000000000000000000E+0002   0.569897000433601874647E+0001
   0.135416666666666796193E+0000   0.135416666666666741878E-0009   0.502902286944830519336E-0022   0.100000000000000006228E-0008  -0.277094309398526908291E-0020   0.139638367081526801883E+0002   0.388291665722126899957E-0010  -0.250000000000000000000E+0002   0.569897000433601874647E+0001
   0.137500000000000122125E+0000   0.137500000000000068017E-0009   0.563579641555305251600E-0022   0.100000000000000006228E-0008  -0.304433135362066911491E-0020   0.139638367081526801883E+0002   0.426554539697484579220E-0010  -0.250000000000000000000E+0002   0.569897000433601874647E+0001
   0.139583333333333448056E+0000   0.139583333333333394156E-0009   0.630181817579485753358E-0022   0.100000000000000006228E-0008  -0.333910016308923683237E-0020   0.139638367081526801883E+0002   0.467808288447572364240E-0010  -0.250000000000000000000E+0002   0.569897000433601874647E+0001
   0.141666666666666773988E+0000   0.141666666666666720296E-0009   0.703168870690802886538E-0022   0.100000000000000006228E-0008  -0.365661559943469395173E-0020   0.139638367081526801883E+0002   0.512244053021279143984E-0010  -0.250000000000000000000E+0002   0.569897000433601874647E+0001
   0.143750000000000099920E+0000   0.143750000000000046435E-0009   0.783030226332024700088E-0022   0.100000000000000006228E-0008  -0.399832833149538625804E-0020   0.139638367081526801883E+0002   0.560064814730934855247E-0010  -0.250000000000000000000E+0002   0.569897000433601874647E+0001
   0.145833333333333425852E+0000   0.145833333333333372574E-0009   0.870286507733174280313E-0022   0.100000000000000006228E-0008  -0.436577972549305297761E-0020   0.139638367081526801883E+0002   0.611486250055962820233E-0010  -0.250000000000000000000E+0002   0.569897000433601874647E+0001
   0.147916666666666751784E+0000   0.147916666666666698713E-0009   0.965491496001932304611E-0022   0.100000000000000006228E-0008  -0.476060840172233876312E-0020   0.139638367081526801883E+0002   0.666737647929881866232E-0010  -0.250000000000000000000E+0002   0.569897000433601874647E+0001
   0.150000000000000077716E+0000   0.150000000000000024852E-0009   0.106923423185105239757E-0021   0.100000000000000006228E-0008  -0.518455726268556261527E-0020   0.139638367081526801883E+0002   0.726062893856209437747E-0010  -0.250000000000000000000E+0002   0.569897000433601874647E+0001
   0.152083333333333403647E+0000   0.152083333333333350991E-0009   0.118214126933876836809E-0021   0.100000000000000006228E-0008  -0.563948103873608817407E-0020   0.139638367081526801883E+0002   0.789721525696648910071E-0010  -0.250000000000000000000E+0002   0.569897000433601874647E+0001
   0.154166666666666729579E+0000   0.154166666666666677130E-0009   0.130487909263257565755E-0021   0.100000000000000006228E-0008  -0.612735437744755992010E-0020   0.139638367081526801883E+0002   0.857989865326212085117E-0010  -0.250000000000000000000E+0002   0.569897000433601874647E+0001
   0.156250000000000055511E+0000   0.156250000000000003269E-0009   0.143815670742202236729E-0021   0.100000000000000006228E-0008  -0.665028050573410791862E-0020   0.139638367081526801883E+0002   0.931162232618690270894E-0010  -0.250000000000000000000E+0002   0.569897000433601874647E+0001
   0.158333333333333381443E+0000   0.158333333333333329408E-0009   0.158272841993393721985E-0021   0.100000000000000006228E-0008  -0.721050054590267012089E-0020   0.139638367081526801883E+0002   0.100955224736031101271E-0009  -0.250000000000000000000E+0002   0.569897000433601874647E+0001
   0.160416666666666707375E+0000   0.160416666666666655547E-0009   0.173939681680257297900E-0021   0.100000000000000006228E-0008  -0.781040347425827451014E-0020   0.139638367081526801883E+0002   0.109349422378851129301E-0009  -0.250000000000000000000E+0002   0.569897000433601874647E+0001
   0.162500000000000033307E+0000   0.162499999999999981686E-0009   0.190901596021941429333E-0021   0.100000000000000006228E-0008  -0.845253680116369780375E-0020   0.139638367081526801883E+0002   0.118334466955715225308E-0009  -0.250000000000000000000E+0002   0.569897000433601874647E+0001
   0.164583333333333359239E+0000   0.164583333333333307826E-0009   0.209249481507275260982E-0021   0.100000000000000006228E-0008  -0.913961810743427855294E-0020   0.139638367081526801883E+0002   0.127948388202679136224E-0009  -0.250000000000000000000E+0002   0.569897000433601874647E+0001
   0.166666666666666685170E+0000   0.166666666666666633965E-0009   0.229080092041357171078E-0021   0.100000000000000006228E-0008  -0.987454706806141956749E-0020   0.139638367081526801883E+0002   0.138231766593457158913E-0009  -0.250000000000000000000E+0002   0.569897000433601874647E+0001
   0.168750000000000011102E+0000   0.168749999999999960104E-0009   0.250496432913046549024E-0021   0.100000000000000006228E-0008  -0.106604188994348151643E-0019   0.139638367081526801883E+0002   0.149227917715662646743E-0009  -0.250000000000000000000E+0002   0.569897000433601874647E+0001
   0.170833333333333337034E+0000   0.170833333333333286243E-0009   0.273608182957711550636E-0021   0.100000000000000006228E-0008  -0.115005382229503351695E-0019   0.139638367081526801883E+0002   0.160983089741477736948E-0009  -0.250000000000000000000E+0002   0.569897000433601874647E+0001
   0.172916666666666662966E+0000   0.172916666670415550014E-0009   0.298532147494272796940E-0021   0.100000000359897956905E-0008  -0.123984344667563791326E-0019   0.139638367095922735217E+0002   0.173546674639504928626E-0009  -0.250000000000000000000E+0002   0.569897000433601874647E+0001
   0.174999999999999988898E+0000   0.175000000011246751418E-0009   0.325392743416903674801E-0021   0.100000000359897956905E-0008  -0.133578775651459085248E-0019   0.139638367095922735217E+0002   0.186971433704282661829E-0009  -0.250000000000000000000E+0002   0.569897000433601874647E+0001
   0.177083333333333314830E+0000   0.177083333352077952822E-0009   0.354322519398583926076E-0021   0.100000000359897956905E-0008  -0.143828956853945141881E-0019   0.139638367095922735217E+0002   0.201313740284432659389E-0009  -0.250000000000000000000E+0002   0.569897000433601874647E+0001
   0.179166666666666640761E+0000   0.179166666692909154226E-0009   0.385462713558266445265E-0021   0.100000000359897956905E-0008  -0.154777935593696566387E-0019   0.139638367095922717454E+0002   0.216633838752766344238E-0009  -0.250000000000000000000E+0002   0.569897000433601874647E+0001
   0.181249999999999966693E+0000   0.181250000033740355630E-0009   0.418963850919700525673E-0021   0.100000000359897956905E-0008  -0.166471723019037634859E-0019   0.139638367095922735217E+0002   0.232996122911759358963E-0009  -0.250000000000000000000E+0002   0.569897000433601874647E+0001
   0.183333333333333292625E+0000   0.183333333374571557034E-0009   0.454986384056648208947E-0021   0.100000000359897956905E-0008  -0.178959508918229096464E-0019   0.139638367095922735217E+0002   0.250469433959769436040E-0009  -0.250000000000000000000E+0002   0.569897000433601874647E+0001
   0.185416666666666618557E+0000   0.185416666715402758438E-0009   0.493701379505850086126E-0021   0.100000000359897956905E-0008  -0.192293887705658106665E-0019   0.139638367095922735217E+0002   0.269127376563777731801E-0009  -0.250000000000000000000E+0002   0.569897000433601874647E+0001
   0.187499999999999944489E+0000   0.187500000056233959842E-0009   0.535291252723656071591E-0021   0.100000000359897956905E-0008  -0.206531098090092529883E-0019   0.139638367095922735217E+0002   0.289048659636805389775E-0009  -0.250000000000000000000E+0002   0.569897000433601874647E+0001
   0.189583333333333270421E+0000   0.189583333397065161246E-0009   0.579950556185217948973E-0021   0.100000000359897956905E-0008  -0.221731289200443834759E-0019   0.139638367095922735217E+0002   0.310317461588853717903E-0009  -0.250000000000000000000E+0002   0.569897000433601874647E+0001
   0.191666666666666596353E+0000   0.191666666737896362650E-0009   0.627886823327223702495E-0021   0.100000000359897956905E-0008  -0.237958795114591251607E-0019   0.139638367095922735217E+0002   0.333023819807134218361E-0009  -0.250000000000000000000E+0002   0.569897000433601874647E+0001
   0.193749999999999922284E+0000   0.193750000082681125491E-0009   0.679321472965262756195E-0021   0.100000000739440309757E-0008  -0.255282436495183599802E-0019   0.139638367111104439999E+0002   0.357264047248043631607E-0009  -0.250000000000000000000E+0002   0.569897000433601874647E+0001
   0.195833333333333248216E+0000   0.195833333431419475617E-0009   0.734490777337434523689E-0021   0.100000000739440309757E-0008  -0.273775832122013502845E-0019   0.139638367111104439999E+0002   0.383141177326967004651E-0009  -0.250000000000000000000E+0002   0.569897000433601874647E+0001
   0.197916666666666574148E+0000   0.197916666780157825744E-0009   0.793646899209855605945E-0021   0.100000000739440309757E-0008  -0.293517746989476595705E-0019   0.139638367111104439999E+0002   0.410765439839177863331E-0009  -0.250000000000000000000E+0002   0.569897000433601874647E+0001
   0.199999999999999900080E+0000   0.200000000128896175870E-0009   0.857059002251366241438E-0021   0.100000000739440309757E-0008  -0.314592449407908259534E-0019   0.139638367111104439999E+0002   0.440254769227139826707E-0009  -0.250000000000000000000E+0002   0.569897000433601874647E+0001
   0.202083333333333226012E+0000   0.202083333477634525996E-0009   0.925014439756704780785E-0021   0.100000000739440309757E-0008  -0.337090102737501543339E-0019   0.139638367111104422236E+0002   0.471735349167510989904E-0009  -0.250000000000000000000E+0002   0.569897000433601874647E+0001
   0.204166666666666551944E+0000   0.204166666826372876123E-0009   0.997820027323620822666E-0021   0.100000000739440309757E-0008  -0.361107180468756078396E-0019   0.139638367111104457763E+0002   0.505342194217216022767E-0009  -0.250000000000000000000E+0002   0.569897000433601874647E+0001
   0.206249999999999877875E+0000   0.206250000179061323867E-0009   0.107580340536608945782E-0020   0.100000001118649722413E-0008  -0.386746912111612372328E-0019   0.139638367126272786578E+0002   0.541219767811300703782E-0009  -0.250000000000000000000E+0002   0.569897000433601874647E+0001
   0.208333333333333203807E+0000   0.208333333535699869228E-0009   0.115931449589398254472E-0020   0.100000001118649722413E-0008  -0.414119744155531632126E-0019   0.139638367126272786578E+0002   0.579522643700927298814E-0009  -0.250000000000000000000E+0002   0.569897000433601874647E+0001
   0.210416666666666529739E+0000   0.210416666892338414590E-0009   0.124872706229442249137E-0020   0.100000001118649722413E-0008  -0.443343860815991591037E-0019   0.139638367126272786578E+0002   0.620416214180221110245E-0009  -0.250000000000000000000E+0002   0.569897000433601874647E+0001
