   0.208333333333333330442E-0002   0.208333333333333340923E-0011  -0.197837666470942557418E-0037   0.100000000000000006228E-0008   0.189924272294088554704E-0034   0.160361632918473233644E+0002  -0.345487286305034989028E-0024  -0.250000000000000000000E+0002   0.569897000433601874647E+0001
   0.416666666666666660884E-0002   0.416666666666666681847E-0011  -0.977439342235338266523E-0037   0.100000000000000006228E-0008   0.532975224379460919429E-0034   0.160361632918473233644E+0002  -0.854688133624150827962E-0024  -0.250000000000000000000E+0002   0.569897000433601874647E+0001
   0.625000000000000034694E-0002   0.625000000000000022770E-0011  -0.266351170903416215295E-0036   0.100000000000000006228E-0008   0.108565424774587664643E-0033   0.160361632918473233644E+0002  -0.174097324029242314353E-0023  -0.250000000000000000000E+0002   0.569897000433601874647E+0001
   0.833333333333333321769E-0002   0.833333333333333363693E-0011  -0.483440373566961296897E-0036   0.100000000000000006228E-0008   0.998402097822611065122E-0034   0.160361632918473233644E+0002  -0.160105426791829345803E-0023  -0.250000000000000000000E+0002   0.569897000433601874647E+0001
   0.104166666666666660884E-0001   0.104166666666666662384E-0010  -0.747294036462645342452E-0036   0.100000000000000006228E-0008   0.153459306597485181347E-0033   0.160361632918473233644E+0002  -0.246089886000976012999E-0023  -0.250000000000000000000E+0002   0.569897000433601874647E+0001
   0.124999999999999989592E-0001   0.125000000000000004554E-0010  -0.111211538303175517276E-0035   0.100000000000000006228E-0008   0.196769186108677278275E-0033   0.160361632918473233644E+0002  -0.315542316000185950997E-0023  -0.250000000000000000000E+0002   0.569897000433601874647E+0001
   0.145833333333333318299E-0001   0.145833333333333346724E-0010  -0.155992867137661630756E-0035   0.100000000000000006228E-0008   0.233131570702181812150E-0033   0.160361632918473233644E+0002  -0.373853629702187426021E-0023  -0.250000000000000000000E+0002   0.569897000433601874647E+0001
   0.166666666666666664354E-0001   0.166666666666666672739E-0010  -0.195130411988138901815E-0035   0.100000000000000006228E-0008   0.142588859862341274728E-0033   0.160361632918473233644E+0002  -0.228657860111028591034E-0023  -0.250000000000000000000E+0002   0.569897000433601874647E+0001
   0.187499999999999993061E-0001   0.187499999999999998753E-0010  -0.236630571835206405038E-0035   0.100000000000000006228E-0008   0.255812674669285173328E-0033   0.160361632918473233644E+0002  -0.410225418388119275966E-0023  -0.250000000000000000000E+0002   0.569897000433601874647E+0001
   0.208333333333333321769E-0001   0.208333333333333324768E-0010  -0.293567221889664733763E-0035   0.100000000000000006228E-0008   0.290779165853238675138E-0033   0.160361632918473233644E+0002  -0.466298254624829947462E-0023  -0.250000000000000000000E+0002   0.569897000433601874647E+0001
   0.229166666666666650476E-0001   0.229166666666666650782E-0010  -0.355363675729865158707E-0035   0.100000000000000006228E-0008   0.302466791012515758608E-0033   0.160361632918473233644E+0002  -0.485040721179588302615E-0023  -0.250000000000000000000E+0002   0.569897000433601874647E+0001
   0.249999999999999979183E-0001   0.249999999999999976796E-0010  -0.429547269433789829404E-0035   0.100000000000000006228E-0008   0.409695708545021283795E-0033   0.160361632918473233644E+0002  -0.708320752872752926004E-0018  -0.250000000000000000000E+0002   0.569897000433601874647E+0001
   0.270833333333333307891E-0001   0.270833333333333302811E-0010  -0.184046275615670710545E-0030   0.100000000000000006228E-0008   0.132510087652356601801E-0027   0.160361632918473233644E+0002  -0.702355057170513479603E-0017  -0.250000000000000000000E+0002   0.569897000433601874647E+0001
   0.291666666666666636598E-0001   0.291666666666666693449E-0010  -0.182492905748887124467E-0029   0.100000000000000006228E-0008   0.113726548925517303304E-0026   0.160361632918473233644E+0002  -0.335840451634964891233E-0016  -0.250000000000000000000E+0002   0.569897000433601874647E+0001
   0.312499999999999965306E-0001   0.312499999999999954840E-0010  -0.891016860904102021035E-0029   0.100000000000000006228E-0008   0.470756062636295529013E-0026   0.160361632918473233644E+0002  -0.120224472265298983529E-0015  -0.250000000000000000000E+0002   0.569897000433601874647E+0001
   0.333333333333333328707E-0001   0.333333333333333345477E-0010  -0.330627813421119638540E-0028   0.100000000000000006228E-0008   0.156894236607329665400E-0025   0.160361632918473233644E+0002  -0.364418834666528207749E-0015  -0.250000000000000000000E+0002   0.569897000433601874647E+0001
   0.354166666666666657415E-0001   0.354166666666666606868E-0010  -0.103596895300349285214E-0027   0.100000000000000006228E-0008   0.449879349892316749390E-0025   0.160361632918473233644E+0002  -0.974188692785299630435E-0015  -0.250000000000000000000E+0002   0.569897000433601874647E+0001
   0.374999999999999986122E-0001   0.374999999999999997506E-0010  -0.286185643757048556483E-0027   0.100000000000000006228E-0008   0.114535711558506807030E-0024   0.160361632918473233644E+0002  -0.235001021300132353156E-0014  -0.250000000000000000000E+0002   0.569897000433601874647E+0001
   0.395833333333333314830E-0001   0.395833333333333258897E-0010  -0.714198635856571866839E-0027   0.100000000000000006228E-0008   0.264348054637254199114E-0024   0.160361632918473233644E+0002  -0.519952285402088241899E-0014  -0.250000000000000000000E+0002   0.569897000433601874647E+0001
   0.416666666666666643537E-0001   0.416666666666666649535E-0010  -0.163717454062295830290E-0026   0.100000000000000006228E-0008   0.561819533285918847091E-0024   0.160361632918473233644E+0002  -0.106859881848101861129E-0013  -0.250000000000000000000E+0002   0.569897000433601874647E+0001
   0.437499999999999972244E-0001   0.437499999999999910926E-0010  -0.349073252157083475337E-0026   0.100000000000000006228E-0008   0.111304752923759673654E-0023   0.160361632918473233644E+0002  -0.206081130436926095361E-0013  -0.250000000000000000000E+0002   0.569897000433601874647E+0001
   0.458333333333333300952E-0001   0.458333333333333301564E-0010  -0.699176816168428050272E-0026   0.100000000000000006228E-0008   0.207589174525620164169E-0023   0.160361632918473233644E+0002  -0.376061600174160550286E-0013  -0.250000000000000000000E+0002   0.569897000433601874647E+0001
   0.479166666666666629659E-0001   0.479166666666666562955E-0010  -0.132619184689844673037E-0025   0.100000000000000006228E-0008   0.367425966765627504572E-0023   0.160361632918473198117E+0002  -0.653859879545780983363E-0013  -0.250000000000000000000E+0002   0.569897000433601874647E+0001
   0.499999999999999958367E-0001   0.499999999999999953593E-0010  -0.239809700998775991803E-0025   0.999999999999999855486E-0009   0.621288110051537926479E-0023   0.160361632918473233644E+0002  -0.108952433600862429511E-0012  -0.250000000000000000000E+0002   0.569897000433601874647E+0001
   0.520833333333333287074E-0001   0.520833333333333214984E-0010  -0.415709637855222891911E-0025   0.999999999999999855486E-0009   0.100922230621806761511E-0022   0.160361632918473233644E+0002  -0.174842910469692436692E-0012  -0.250000000000000000000E+0002   0.569897000433601874647E+0001
   0.541666666666666615781E-0001   0.541666666666666605621E-0010  -0.694102984059034869479E-0025   0.999999999999999855486E-0009   0.158227224420796413129E-0022   0.160361632918473233644E+0002  -0.271352106402302513927E-0012  -0.250000000000000000000E+0002   0.569897000433601874647E+0001
   0.562499999999999944489E-0001   0.562499999999999867012E-0010  -0.112076218445344523544E-0024   0.999999999999999855486E-0009   0.240380221192355875556E-0022   0.160361632918473233644E+0002  -0.408740642831144562799E-0012  -0.250000000000000000000E+0002   0.569897000433601874647E+0001
   0.583333333333333273196E-0001   0.583333333333333128403E-0010  -0.175613133885830305750E-0024   0.999999999999999855486E-0009   0.355067583079363700008E-0022   0.160361632918473233644E+0002  -0.599421725456713831362E-0012  -0.250000000000000000000E+0002   0.569897000433601874647E+0001
   0.604166666666666601904E-0001   0.604166666666666519041E-0010  -0.267823604979129955859E-0024   0.999999999999999855486E-0009   0.511426794814283010509E-0022   0.160361632918473233644E+0002  -0.858121962860038848248E-0012  -0.250000000000000000000E+0002   0.569897000433601874647E+0001
   0.624999999999999930611E-0001   0.624999999999999909679E-0010  -0.398578447564830602124E-0024   0.999999999999999855486E-0009   0.720129735991765813223E-0022   0.160361632918473198117E+0002  -0.120201627546745704286E-0011  -0.250000000000000000000E+0002   0.569897000433601874647E+0001
   0.645833333333333259318E-0001   0.645833333333333171070E-0010  -0.580142771143397885490E-0024   0.999999999999999855486E-0009   0.993451507560410741654E-0022   0.160361632918473233644E+0002  -0.165082874293570351959E-0011  -0.250000000000000000000E+0002   0.569897000433601874647E+0001
   0.666666666666666657415E-0001   0.666666666666666432461E-0010  -0.827512287309992190802E-0024   0.999999999999999855486E-0009   0.134530613980897990675E-0021   0.160361632918473233644E+0002  -0.222690836092791226036E-0011  -0.250000000000000000000E+0002   0.569897000433601874647E+0001
   0.687500000000000055511E-0001   0.687499999999999823099E-0010  -0.115875903167527416876E-0023   0.999999999999999855486E-0009   0.179128972063134108179E-0021   0.160361632918473233644E+0002  -0.295528309548456732467E-0011  -0.250000000000000000000E+0002   0.569897000433601874647E+0001
   0.708333333333333453607E-0001   0.708333333333333213737E-0010  -0.159538171719888649101E-0023   0.999999999999999855486E-0009   0.234869114929288196445E-0021   0.160361632918473233644E+0002  -0.386368626450748811406E-0011  -0.250000000000000000000E+0002   0.569897000433601874647E+0001
   0.729166666666666851704E-0001   0.729166666666666475128E-0010  -0.216265831081027286688E-0023   0.999999999999999855486E-0009   0.303649702874462972330E-0021   0.160361632918473233644E+0002  -0.498256475939093791542E-0011  -0.250000000000000000000E+0002   0.569897000433601874647E+0001
   0.750000000000000249800E-0001   0.749999999999999736518E-0010  -0.288999852295398683945E-0023   0.999999999999999855486E-0009   0.387538570276686675432E-0021   0.160361632918473233644E+0002  -0.634507136364685575049E-0011  -0.250000000000000000000E+0002   0.569897000433601874647E+0001
   0.770833333333333647897E-0001   0.770833333333333127156E-0010  -0.381129438836624993424E-0023   0.999999999999999855486E-0009   0.488771372182185225307E-0021   0.160361632918473233644E+0002  -0.798704493774998493286E-0011  -0.250000000000000000000E+0002   0.569897000433601874647E+0001
   0.791666666666667045993E-0001   0.791666666666666517794E-0010  -0.496526760706246993495E-0023   0.999999999999999855486E-0009   0.609749709762251715372E-0021   0.160361632918473233644E+0002  -0.994698218591979598243E-0011  -0.250000000000000000000E+0002   0.569897000433601874647E+0001
   0.812500000000000444089E-0001   0.812499999999999779185E-0010  -0.639581278928919357294E-0023   0.999999999999999855486E-0009   0.753038958715928578068E-0021   0.160361632918473233644E+0002  -0.122660045473538902560E-0010  -0.250000000000000000000E+0002   0.569897000433601874647E+0001
   0.833333333333333842186E-0001   0.833333333333333040576E-0010  -0.815233619388624014671E-0023   0.999999999999999855486E-0009   0.921366007575188367817E-0021   0.160361632918473233644E+0002  -0.149878235145689788981E-0010  -0.250000000000000000000E+0002   0.569897000433601874647E+0001
   0.854166666666667240282E-0001   0.854166666666666431214E-0010  -0.102900899619198232610E-0022   0.999999999999999855486E-0009   0.111761709588060331337E-0020   0.160361632918473233644E+0002  -0.181587073654660256935E-0010  -0.250000000000000000000E+0002   0.569897000433601874647E+0001
   0.875000000000000638378E-0001   0.874999999999999821852E-0010  -0.128705022110597687267E-0022   0.999999999999999855486E-0009   0.134483591505266893196E-0020   0.160361632918473233644E+0002  -0.218274519843443594705E-0010  -0.250000000000000000000E+0002   0.569897000433601874647E+0001
   0.895833333333334036475E-0001   0.895833333333333083243E-0010  -0.159615036876476705799E-0022   0.999999999999999855486E-0009   0.160622212334911890715E-0020   0.160361632918473233644E+0002  -0.260453581363623998070E-0010  -0.250000000000000000000E+0002   0.569897000433601874647E+0001
   0.916666666666667434571E-0001   0.916666666666666344634E-0010  -0.196378519563268899853E-0022   0.999999999999999855486E-0009   0.190513039906746766180E-0020   0.160361632918473233644E+0002  -0.308662172354728841921E-0010  -0.250000000000000000000E+0002   0.569897000433601874647E+0001
   0.937500000000000832667E-0001   0.937499999999999735272E-0010  -0.239814543541818510673E-0022   0.999999999999999855486E-0009   0.224507014197203265327E-0020   0.160361632918473233644E+0002  -0.363463073907329568207E-0010  -0.250000000000000000000E+0002   0.569897000433601874647E+0001
   0.958333333333334230764E-0001   0.958333333333333125909E-0010  -0.290816911530962319527E-0022   0.999999999999999855486E-0009   0.262970591973247755930E-0020   0.160361632918473233644E+0002  -0.425444012068282760246E-0010  -0.250000000000000000000E+0002   0.569897000433601874647E+0001
   0.979166666666667628860E-0001   0.979166666666666387300E-0010  -0.350357405406948796758E-0022   0.999999999999999855486E-0009   0.306285872733083654957E-0020   0.160361632918473233644E+0002  -0.495217866107658053732E-0010  -0.250000000000000000000E+0002   0.569897000433601874647E+0001
   0.100000000000000102696E+0000   0.999999999999999648691E-0010  -0.419489071940869362143E-0022   0.999999999999999855486E-0009   0.354850813741780892736E-0020   0.160361632918473233644E+0002  -0.573423018461459280224E-0010  -0.250000000000000000000E+0002   0.569897000433601874647E+0001
   0.102083333333333442505E+0000   0.102083333333333303933E-0009  -0.499349563533500705201E-0022   0.999999999999999855486E-0009   0.409079539785442884794E-0020   0.160361632918473233644E+0002  -0.660723842062762175769E-0010  -0.250000000000000000000E+0002   0.569897000433601874647E+0001
   0.104166666666666782315E+0000   0.104166666666666642997E-0009  -0.591164550575699908995E-0022   0.999999999999999855486E-0009   0.469402726881421007753E-0020   0.160361632918473233644E+0002  -0.757811391833586454244E-0010  -0.250000000000000000000E+0002   0.569897000433601874647E+0001
   0.106250000000000122125E+0000   0.106249999999999969136E-0009  -0.696251241853138082222E-0022   0.999999999999999855486E-0009   0.536268208296161089486E-0020   0.160361632918473233644E+0002  -0.865404233737714320651E-0010  -0.250000000000000000000E+0002   0.569897000433601874647E+0001
   0.108333333333333461934E+0000   0.108333333333333295275E-0009  -0.816022012319011035155E-0022   0.999999999999999855486E-0009   0.610141488288270185827E-0020   0.160361632918473233644E+0002  -0.984249417841013017406E-0010  -0.250000000000000000000E+0002   0.569897000433601874647E+0001
   0.110416666666666801744E+0000   0.110416666666666634339E-0009  -0.951988176328482539283E-0022   0.999999999999999855486E-0009   0.691506531749928985669E-0020   0.160361632918473233644E+0002  -0.111512367857616853288E-0009  -0.250000000000000000000E+0002   0.569897000433601874647E+0001
   0.112500000000000141553E+0000   0.112499999999999973402E-0009  -0.110576392727536621119E-0021   0.999999999999999855486E-0009   0.780866613194623545890E-0020   0.160361632918473233644E+0002  -0.125883480967354614819E-0009  -0.250000000000000000000E+0002   0.569897000433601874647E+0001
   0.114583333333333481363E+0000   0.114583333333333299542E-0009  -0.127907046807412620515E-0021   0.999999999999999855486E-0009   0.878745291478305249266E-0020   0.160361632918473233644E+0002  -0.141622323275401953819E-0009  -0.250000000000000000000E+0002   0.569897000433601874647E+0001
   0.116666666666666821173E+0000   0.116666666666666625681E-0009  -0.147374035836305963273E-0021   0.999999999999999855486E-0009   0.985687512163052378370E-0020   0.160361632918473233644E+0002  -0.158816375437103569698E-0009  -0.250000000000000000000E+0002   0.569897000433601874647E+0001
   0.118750000000000160982E+0000   0.118749999999999951820E-0009  -0.169172210151737962002E-0021   0.999999999999999855486E-0009   0.110226081401729820699E-0019   0.160361632918473233644E+0002  -0.177556757999683404369E-0009  -0.250000000000000000000E+0002   0.569897000433601874647E+0001
   0.120833333333333500792E+0000   0.120833333333333277959E-0009  -0.193508501514547791607E-0021   0.999999999999999855486E-0009   0.122905679455153712231E-0019   0.160361632918473233644E+0002  -0.197938451660563671495E-0009  -0.250000000000000000000E+0002   0.569897000433601874647E+0001
   0.122916666666666840602E+0000   0.122916666666666604098E-0009  -0.220602439039755944199E-0021   0.999999999999999855486E-0009   0.136669250910704070465E-0019   0.160361632918473233644E+0002  -0.220060537445265979744E-0009  -0.250000000000000000000E+0002   0.569897000433601874647E+0001
   0.125000000000000166533E+0000   0.124999999999999930237E-0009  -0.250686698651498576136E-0021   0.999999999999999855486E-0009   0.151581219143993348605E-0019   0.160361632918473233644E+0002  -0.244026465427402779250E-0009  -0.250000000000000000000E+0002   0.569897000433601874647E+0001
   0.127083333333333492465E+0000   0.127083333333333256376E-0009  -0.284007688835219193910E-0021   0.999999999999999855486E-0009   0.167708906254542056537E-0019   0.160361632918473233644E+0002  -0.269944345225838525893E-0009  -0.250000000000000000000E+0002   0.569897000433601874647E+0001
   0.129166666666666818397E+0000   0.129166666666666582515E-0009  -0.320826175572328408077E-0021   0.999999999999999855486E-0009   0.185122728066185690218E-0019   0.160361632918473198117E+0002  -0.297927267765944410515E-0009  -0.250000000000000000000E+0002   0.569897000433601874647E+0001
   0.131250000000000144329E+0000   0.131249999999999908654E-0009  -0.361417951695411036661E-0021   0.999999999999999855486E-0009   0.203896419917046829561E-0019   0.160361632918473233644E+0002  -0.328093651740251551452E-0009  -0.250000000000000000000E+0002   0.569897000433601874647E+0001
   0.133333333333333470261E+0000   0.133333333351347961914E-0009  -0.406074552247287729867E-0021   0.100000001729411907338E-0008   0.224107262246949961831E-0019   0.160361632935767346453E+0002  -0.360567615854330336162E-0009  -0.250000000000000000000E+0002   0.569897000433601874647E+0001
   0.135416666666666796193E+0000   0.135416666720710716446E-0009  -0.455104019779557367096E-0021   0.100000001729411907338E-0008   0.245836324023146478447E-0019   0.160361632935767346453E+0002  -0.395479385027478850600E-0009  -0.250000000000000000000E+0002   0.569897000433601874647E+0001
   0.137500000000000122125E+0000   0.137500000090073470978E-0009  -0.508831724850088661824E-0021   0.100000001729411907338E-0008   0.269168754430251833628E-0019   0.160361632935767346453E+0002  -0.432965733135364944809E-0009  -0.250000000000000000000E+0002   0.569897000433601874647E+0001
   0.139583333333333448056E+0000   0.139583333459436225510E-0009  -0.567601247840628082837E-0021   0.100000001729411907338E-0008   0.294194073362466551198E-0019   0.160361632935767346453E+0002  -0.473170456611476243736E-0009  -0.250000000000000000000E+0002   0.569897000433601874647E+0001
   0.141666666666666773988E+0000   0.141666666828798980042E-0009  -0.631775322219115631462E-0021   0.100000001729411907338E-0008   0.321006480347647657143E-0019   0.160361632935767346453E+0002  -0.516244880349444613230E-0009  -0.250000000000000000000E+0002   0.569897000433601874647E+0001
   0.143750000000000099920E+0000   0.143750000198161734574E-0009  -0.701736847024109742866E-0021   0.100000001729411907338E-0008   0.349705200087395659775E-0019   0.160361632935767346453E+0002  -0.562348410481874558730E-0009  -0.250000000000000000000E+0002   0.569897000433601874647E+0001
   0.145833333333333425852E+0000   0.145833333567524489106E-0009  -0.777889974123855676044E-0021   0.100000001729411907338E-0008   0.380394855585968515416E-0019   0.160361632935767346453E+0002  -0.611649128557048049038E-0009  -0.250000000000000000000E+0002   0.569897000433601874647E+0001
   0.147916666666666751784E+0000   0.147916666936887243638E-0009  -0.860661275085294004805E-0021   0.100000001729411907338E-0008   0.413185861882719750082E-0019   0.160361632935767346453E+0002  -0.664324422476347846514E-0009  -0.250000000000000000000E+0002   0.569897000433601874647E+0001
   0.150000000000000077716E+0000   0.150000000324503780488E-0009  -0.950500993187354350926E-0021   0.100000003481775382108E-0008   0.448194849990603958118E-0019   0.160361632953290964565E+0002  -0.720561671353479898349E-0009  -0.250000000000000000000E+0002   0.569897000433601874647E+0001
   0.152083333333333403647E+0000   0.152083333730374099656E-0009  -0.104788438665006668924E-0020   0.100000003481775382108E-0008   0.485545107671394972371E-0019   0.160361632953290964565E+0002  -0.780558979772097107021E-0009  -0.250000000000000000000E+0002   0.569897000433601874647E+0001
   0.154166666666666729579E+0000   0.154166667136244418824E-0009  -0.115331317062180550595E-0020   0.100000003481775382108E-0008   0.525367100285649569007E-0019   0.160361632953290964565E+0002  -0.844525961173851358919E-0009  -0.250000000000000000000E+0002   0.569897000433601874647E+0001
   0.156250000000000055511E+0000   0.156250000542114737992E-0009  -0.126731706697819433763E-0020   0.100000003481775382108E-0008   0.567798972233399563688E-0019   0.160361632953290964565E+0002  -0.912684584341532954024E-0009  -0.250000000000000000000E+0002   0.569897000433601874647E+0001
   0.158333333333333381443E+0000   0.158333333947985057160E-0009  -0.139045546563815256874E-0020   0.100000003481775382108E-0008   0.612987119088596956869E-0019   0.160361632953290964565E+0002  -0.985270077361392895761E-0009  -0.250000000000000000000E+0002   0.569897000433601874647E+0001
   0.160416666666666707375E+0000   0.160416667371323776504E-0009  -0.152331920881418960297E-0020   0.100000005158740868416E-0008   0.661086796851285696691E-0019   0.160361632970060661307E+0002  -0.106253190048535219092E-0008  -0.250000000000000000000E+0002   0.569897000433601874647E+0001
   0.162500000000000033307E+0000   0.162500000812130870175E-0009  -0.166653250359288339035E-0020   0.100000005158740868416E-0008   0.712262736207665316794E-0019   0.160361632970060661307E+0002  -0.114473478313036641745E-0008  -0.250000000000000000000E+0002   0.569897000433601874647E+0001
   0.164583333333333359239E+0000   0.164583334252937963845E-0009  -0.182075497451177968896E-0020   0.100000005158740868416E-0008   0.766689883146511115366E-0019   0.160361632970060661307E+0002  -0.123215984297819898956E-0008  -0.250000000000000000000E+0002   0.569897000433601874647E+0001
   0.166666666666666685170E+0000   0.166666667693745057516E-0009  -0.198668387118943262631E-0020   0.100000005158740868416E-0008   0.824554125865648367224E-0019   0.160361632970060661307E+0002  -0.132510577960030364633E-0008  -0.250000000000000000000E+0002   0.569897000433601874647E+0001
   0.168750000000000011102E+0000   0.168750001153101236983E-0009  -0.216505643182341216108E-0020   0.100000006939451988215E-0008   0.886053088481922912416E-0019   0.160361632987867750444E+0002  -0.142389015164603066619E-0008  -0.250000000000000000000E+0002   0.569897000433601874647E+0001
   0.170833333333333337034E+0000   0.170833334631006476398E-0009  -0.235665241718387040956E-0020   0.100000006939451988215E-0008   0.951396945394163531839E-0019   0.160361632987867750444E+0002  -0.152885074747799784300E-0008  -0.250000000000000000000E+0002   0.569897000433601874647E+0001
   0.172916666666666662966E+0000   0.172916668108911715812E-0009  -0.256229682974061876213E-0020   0.100000006939451988215E-0008   0.102080940554238309913E-0018   0.160361632987867750444E+0002  -0.164034705499708691667E-0008  -0.250000000000000000000E+0002   0.569897000433601874647E+0001
   0.174999999999999988898E+0000   0.175000001604065506306E-0009  -0.278286283753428454289E-0020   0.100000008595311899155E-0008   0.109452867050791360527E-0018   0.160361633004426309412E+0002  -0.175876182691428639247E-0008  -0.250000000000000000000E+0002   0.569897000433601874647E+0001
   0.177083333333333314830E+0000   0.177083335116467847878E-0009  -0.301927489507274198675E-0020   0.100000008595311899155E-0008   0.117280839133626432369E-0018   0.160361633004426309412E+0002  -0.188450276506952708301E-0008  -0.250000000000000000000E+0002   0.569897000433601874647E+0001
   0.179166666666666640761E+0000   0.179166668628870189450E-0009  -0.327251209978275796743E-0020   0.100000008595311899155E-0008   0.125591893581822746082E-0018   0.160361633004426309412E+0002  -0.201800432299559785347E-0008  -0.250000000000000000000E+0002   0.569897000433601874647E+0001
   0.181249999999999966693E+0000   0.181250002161979653489E-0009  -0.354361179259776864433E-0020   0.100000010583195800722E-0008   0.134414850364191315723E-0018   0.160361633024305199058E+0002  -0.215972962560995495012E-0008  -0.250000000000000000000E+0002   0.569897000433601874647E+0001
   0.183333333333333292625E+0000   0.183333335715796239995E-0009  -0.383367340631831177454E-0020   0.100000010583195800722E-0008   0.143780434977595372096E-0018   0.160361633024305163531E+0002  -0.231017252722023679946E-0008  -0.250000000000000000000E+0002   0.569897000433601785829E+0001
   0.185416666666666618557E+0000   0.185416669269612826501E-0009  -0.414386259452446491275E-0020   0.100000010583195800722E-0008   0.153721428215276055022E-0018   0.160361633024305128004E+0002  -0.246985982030924272700E-0008  -0.250000000000000000000E+0002   0.569897000433601785829E+0001
   0.187499999999999944489E+0000   0.187500002848253956219E-0009  -0.447541567004082636910E-0020   0.100000012966353562145E-0008   0.164272810180768243451E-0018   0.160361633048136731361E+0002  -0.263935358571106858282E-0008  -0.250000000000000000000E+0002   0.569897000433601697011E+0001
   0.189583333333333270421E+0000   0.189583336451719654999E-0009  -0.482964433437446560962E-0020   0.100000012966353562145E-0008   0.175471899277591132143E-0018   0.160361633048136731361E+0002  -0.281925370367254057532E-0008  -0.250000000000000000000E+0002   0.569897000433601697011E+0001
   0.191666666666666596353E+0000   0.191666670074409289710E-0009  -0.520794076283051097649E-0020   0.100000014811851349355E-0008   0.187358549912379927154E-0018   0.160361633066591693364E+0002  -0.301020055887870231250E-0008  -0.250000000000000000000E+0002   0.569897000433601608194E+0001
   0.193749999999999922284E+0000   0.193750003716322860350E-0009  -0.561178304750469118033E-0020   0.100000014811851349355E-0008   0.199975301324470647943E-0018   0.160361633066591693364E+0002  -0.321287790844500443472E-0008  -0.250000000000000000000E+0002   0.569897000433601608194E+0001
   0.195833333333333248216E+0000   0.195833337379916989941E-0009  -0.604274102559953580662E-0020   0.100000016893186166741E-0008   0.213367597016335451420E-0018   0.160361633087405017761E+0002  -0.342801595132237628631E-0008  -0.250000000000000000000E+0002   0.569897000433601519376E+0001
   0.197916666666666574148E+0000   0.197916671065191704333E-0009  -0.650248251628120897325E-0020   0.100000016893186166741E-0008   0.227583957503564660732E-0018   0.160361633087405017761E+0002  -0.365639461163975041007E-0008  -0.250000000000000000000E+0002   0.569897000433601519376E+0001
   0.199999999999999900080E+0000   0.200000004774917541590E-0009  -0.699278000462310153094E-0020   0.100000019240493734301E-0008   0.242676235266126427741E-0018   0.160361633110878116781E+0002  -0.389884705000606563714E-0008  -0.250000000000000000000E+0002   0.569897000433601519376E+0001
   0.202083333333333226012E+0000   0.202083338509094501712E-0009  -0.751551778929266893306E-0020   0.100000019240493734301E-0008   0.258699806421404863372E-0018   0.160361633110878116781E+0002  -0.415626339640487011454E-0008  -0.250000000000000000000E+0002   0.569897000433601430558E+0001
   0.204166666666666551944E+0000   0.204166672270850335540E-0009  -0.807269963811979292300E-0020   0.100000021888067243832E-0008   0.275713864659100758143E-0018   0.160361633137353827294E+0002  -0.442959475100599769216E-0008  -0.250000000000000000000E+0002   0.569897000433601430558E+0001
   0.206249999999999877875E+0000   0.206250006060185068925E-0009  -0.866645697343149649787E-0020   0.100000021888067243832E-0008   0.293781635990292547776E-0018   0.160361633137353827294E+0002  -0.471985743983907247250E-0008  -0.250000000000000000000E+0002   0.569897000433601341740E+0001
   0.208333333333333203807E+0000   0.208333339880633218774E-0009  -0.929905763547019641192E-0020   0.100000024874955224395E-0008   0.312970718529231165698E-0018   0.160361633167222699115E+0002  -0.502813757300478992681E-0008  -0.250000000000000000000E+0002   0.569897000433601341740E+0001
   0.210416666666666529739E+0000   0.210416673749219144371E-0009  -0.997291525541600447326E-0020   0.100000026509294418697E-0008   0.333353326634919923304E-0018   0.160361633183566105743E+0002  -0.535559588409860449982E-0008  -0.250000000000000000000E+0002   0.569897000433601341740E+0001
