   0.208333333333333330442E-0002   0.100000000000000130305E-0008   0.218059456428000070155E+0008   0.000000000000000000000E+0000   0.000000000000000000000E+0000   0.000000000000000000000E+0000   0.386459826359998993576E+0007
   0.416666666666666660884E-0002   0.100000000000000130305E-0008   0.218059456428000070155E+0008   0.000000000000000000000E+0000   0.000000000000000000000E+0000   0.000000000000000000000E+0000   0.386459826359998993576E+0007
   0.625000000000000034694E-0002   0.100000000000000130305E-0008   0.218059456428000070155E+0008   0.000000000000000000000E+0000   0.000000000000000000000E+0000   0.000000000000000000000E+0000   0.386459826359998993576E+0007
   0.833333333333333321769E-0002   0.100000000000000130305E-0008   0.218059456428000070155E+0008   0.000000000000000000000E+0000   0.000000000000000000000E+0000   0.000000000000000000000E+0000   0.386459826359998993576E+0007
   0.104166666666666660884E-0001   0.100000000000000130305E-0008   0.218059456428000070155E+0008   0.000000000000000000000E+0000   0.000000000000000000000E+0000   0.000000000000000000000E+0000   0.386459826359998993576E+0007
   0.124999999999999989592E-0001   0.100000000000000130305E-0008   0.218059456428000070155E+0008   0.000000000000000000000E+0000   0.000000000000000000000E+0000   0.000000000000000000000E+0000   0.386459826359998993576E+0007
   0.145833333333333318299E-0001   0.100000000000000130305E-0008   0.218059456428000070155E+0008   0.000000000000000000000E+0000   0.000000000000000000000E+0000   0.000000000000000000000E+0000   0.386459826359998993576E+0007
   0.166666666666666664354E-0001   0.100000000000000130305E-0008   0.218059456428000070155E+0008   0.000000000000000000000E+0000   0.000000000000000000000E+0000   0.000000000000000000000E+0000   0.386459826359998993576E+0007
   0.187499999999999993061E-0001   0.100000000000000130305E-0008   0.218059456428000070155E+0008   0.000000000000000000000E+0000   0.000000000000000000000E+0000   0.000000000000000000000E+0000   0.386459826359998993576E+0007
   0.208333333333333321769E-0001   0.100000000000000130305E-0008   0.218059456428000070155E+0008   0.000000000000000000000E+0000   0.000000000000000000000E+0000   0.000000000000000000000E+0000   0.386459826359998993576E+0007
   0.229166666666666650476E-0001   0.100000000000000130305E-0008   0.218059456428000070155E+0008   0.000000000000000000000E+0000   0.000000000000000000000E+0000   0.000000000000000000000E+0000   0.386459826359998993576E+0007
   0.249999999999999979183E-0001   0.100000007611931876401E-0008   0.218059457093944028020E+0008   0.000000000000000000000E+0000   0.000000000000000000000E+0000   0.000000000000000000000E+0000   0.386459833019440900534E+0007
   0.270833333333333307891E-0001   0.100000035442486885744E-0008   0.218059459658665582538E+0008   0.000000000000000000000E+0000   0.000000000000000000000E+0000   0.000000000000000000000E+0000   0.386459858666660217568E+0007
   0.291666666666666636598E-0001   0.100000132465864186421E-0008   0.218059468529947996140E+0008   0.000000000000000000000E+0000   0.000000000000000000000E+0000   0.000000000000000000000E+0000   0.386459947358425613493E+0007
   0.312499999999999965306E-0001   0.100000415263988833955E-0008   0.218059494366092495620E+0008   0.000000000000000000000E+0000   0.000000000000000000000E+0000   0.000000000000000000000E+0000   0.386460205674915900454E+0007
   0.333333333333333328707E-0001   0.100001128503480567089E-0008   0.218059559526848793030E+0008   0.000000000000000000000E+0000   0.000000000000000000000E+0000   0.000000000000000000000E+0000   0.386460857169101573527E+0007
   0.354166666666666657415E-0001   0.100002726397935386311E-0008   0.218059705508312620223E+0008   0.000000000000000000000E+0000   0.000000000000000000000E+0000   0.000000000000000000000E+0000   0.386462316729735070840E+0007
   0.374999999999999986122E-0001   0.100005971731615992667E-0008   0.218060002008923031390E+0008   0.000000000000000000000E+0000   0.000000000000000000000E+0000   0.000000000000000000000E+0000   0.386465281209938228130E+0007
   0.395833333333333314830E-0001   0.100012043733032167212E-0008   0.218060556742342337966E+0008   0.000000000000000000000E+0000   0.000000000000000000000E+0000   0.000000000000000000000E+0000   0.386470827568775555119E+0007
   0.416666666666666643537E-0001   0.100022644014507386294E-0008   0.218061525154953561723E+0008   0.000000000000000000000E+0000   0.000000000000000000000E+0000   0.000000000000000000000E+0000   0.386480509992263698950E+0007
   0.437499999999999972244E-0001   0.100040089974538931624E-0008   0.218063118909772597253E+0008   0.000000000000000000000E+0000   0.000000000000000000000E+0000   0.000000000000000000000E+0000   0.386496444738606549799E+0007
   0.458333333333333300952E-0001   0.100067390813782149994E-0008   0.218065612639129720628E+0008   0.000000000000000000000E+0000   0.000000000000000000000E+0000   0.000000000000000000000E+0000   0.386521377649087784812E+0007
   0.479166666666666629659E-0001   0.100108283009739598119E-0008   0.218069347573751099408E+0008   0.000000000000000000000E+0000   0.000000000000000000000E+0000   0.000000000000000000000E+0000   0.386558720432011224329E+0007
   0.499999999999999958367E-0001   0.100167260381361769410E-0008   0.218074733514548614621E+0008   0.000000000000000000000E+0000   0.000000000000000000000E+0000   0.000000000000000000000E+0000   0.386612570378685463220E+0007
   0.520833333333333287074E-0001   0.100249557239084718704E-0008   0.218082247379148751497E+0008   0.000000000000000000000E+0000   0.000000000000000000000E+0000   0.000000000000000000000E+0000   0.386687695831687143072E+0007
   0.541666666666666615781E-0001   0.100361116504015065453E-0008   0.218092429849171563983E+0008   0.000000000000000000000E+0000   0.000000000000000000000E+0000   0.000000000000000000000E+0000   0.386789502665076823905E+0007
   0.562499999999999944489E-0001   0.100508538034346770963E-0008   0.218105880189128965139E+0008   0.000000000000000000000E+0000   0.000000000000000000000E+0000   0.000000000000000000000E+0000   0.386923982484593894333E+0007
   0.583333333333333273196E-0001   0.100699014819548595171E-0008   0.218123249694227911532E+0008   0.000000000000000000000E+0000   0.000000000000000000000E+0000   0.000000000000000000000E+0000   0.387097647119809594005E+0007
   0.604166666666666601904E-0001   0.100940263273450564207E-0008   0.218145234294554963708E+0008   0.000000000000000000000E+0000   0.000000000000000000000E+0000   0.000000000000000000000E+0000   0.387317454682127432898E+0007
   0.624999999999999930611E-0001   0.101240453402178404197E-0008   0.218172567311866879463E+0008   0.000000000000000000000E+0000   0.000000000000000000000E+0000   0.000000000000000000000E+0000   0.387590737150013493374E+0007
   0.645833333333333259318E-0001   0.101608143804245399635E-0008   0.218206011935700513422E+0008   0.000000000000000000000E+0000   0.000000000000000000000E+0000   0.000000000000000000000E+0000   0.387925125147821148857E+0007
   0.666666666666666657415E-0001   0.102052225449732019409E-0008   0.218246354750448092818E+0008   0.000000000000000000000E+0000   0.000000000000000000000E+0000   0.000000000000000000000E+0000   0.388328483233988005668E+0007
   0.687500000000000055511E-0001   0.102581877123325244759E-0008   0.218294399791157059371E+0008   0.000000000000000000000E+0000   0.000000000000000000000E+0000   0.000000000000000000000E+0000   0.388808850475689582527E+0007
   0.708333333333333453607E-0001   0.103206534407534254120E-0008   0.218350963766850121319E+0008   0.000000000000000000000E+0000   0.000000000000000000000E+0000   0.000000000000000000000E+0000   0.389374392697496805340E+0007
   0.729166666666666851704E-0001   0.103935873195442217647E-0008   0.218416872392324097455E+0008   0.000000000000000000000E+0000   0.000000000000000000000E+0000   0.000000000000000000000E+0000   0.390033365813324227929E+0007
   0.750000000000000249800E-0001   0.104779807996672848862E-0008   0.218492957889979816973E+0008   0.000000000000000000000E+0000   0.000000000000000000000E+0000   0.000000000000000000000E+0000   0.390794090857046423480E+0007
   0.770833333333333647897E-0001   0.105748504747523932898E-0008   0.218580057645748704672E+0008   0.000000000000000000000E+0000   0.000000000000000000000E+0000   0.000000000000000000000E+0000   0.391664940552315069363E+0007
   0.791666666666667045993E-0001   0.106852407452504509702E-0008   0.218679013964791484177E+0008   0.000000000000000000000E+0000   0.000000000000000000000E+0000   0.000000000000000000000E+0000   0.392654336878366163000E+0007
   0.812500000000000444089E-0001   0.108102277752505682271E-0008   0.218790674867391325533E+0008   0.000000000000000000000E+0000   0.000000000000000000000E+0000   0.000000000000000000000E+0000   0.393770759036033228040E+0007
   0.833333333333333842186E-0001   0.109509246411981831662E-0008   0.218915895711884684861E+0008   0.000000000000000000000E+0000   0.000000000000000000000E+0000   0.000000000000000000000E+0000   0.395022759682532073930E+0007
   0.854166666666667240282E-0001   0.111084875717261705299E-0008   0.219055541827771291137E+0008   0.000000000000000000000E+0000   0.000000000000000000000E+0000   0.000000000000000000000E+0000   0.396418991266514733434E+0007
   0.875000000000000638378E-0001   0.112841231856259277056E-0008   0.219210491694492772222E+0008   0.000000000000000000000E+0000   0.000000000000000000000E+0000   0.000000000000000000000E+0000   0.397968237818442471325E+0007
   0.895833333333334036475E-0001   0.114790966482819466532E-0008   0.219381640835326462984E+0008   0.000000000000000000000E+0000   0.000000000000000000000E+0000   0.000000000000000000000E+0000   0.399679453890878055245E+0007
   0.916666666666667434571E-0001   0.116947406837713350095E-0008   0.219569906240327320993E+0008   0.000000000000000000000E+0000   0.000000000000000000000E+0000   0.000000000000000000000E+0000   0.401561808788179419935E+0007
   0.937500000000000832667E-0001   0.119324656368731347224E-0008   0.219776231283554993570E+0008   0.000000000000000000000E+0000   0.000000000000000000000E+0000   0.000000000000000000000E+0000   0.403624735738104907796E+0007
   0.958333333333334230764E-0001   0.121937692198165230747E-0008   0.220001590989642441273E+0008   0.000000000000000000000E+0000   0.000000000000000000000E+0000   0.000000000000000000000E+0000   0.405877984541235165671E+0007
   0.979166666666667628860E-0001   0.124802490975391144302E-0008   0.220246997714418768883E+0008   0.000000000000000000000E+0000   0.000000000000000000000E+0000   0.000000000000000000000E+0000   0.408331678432126855478E+0007
   0.100000000000000102696E+0000   0.127936143448404143759E-0008   0.220513507140737436712E+0008   0.000000000000000000000E+0000   0.000000000000000000000E+0000   0.000000000000000000000E+0000   0.410996373944916529581E+0007
   0.102083333333333442505E+0000   0.131356986394990285885E-0008   0.220802224698200412095E+0008   0.000000000000000000000E+0000   0.000000000000000000000E+0000   0.000000000000000000000E+0000   0.413883125183353107423E+0007
   0.104166666666666782315E+0000   0.135084741639910932145E-0008   0.221114312007479667664E+0008   0.000000000000000000000E+0000   0.000000000000000000000E+0000   0.000000000000000000000E+0000   0.417003548232024395838E+0007
   0.106250000000000122125E+0000   0.139140664525197855167E-0008   0.221450993897163346410E+0008   0.000000000000000000000E+0000   0.000000000000000000000E+0000   0.000000000000000000000E+0000   0.420369891306926775724E+0007
   0.108333333333333461934E+0000   0.143547702638851568771E-0008   0.221813565520031936467E+0008   0.000000000000000000000E+0000   0.000000000000000000000E+0000   0.000000000000000000000E+0000   0.423995105936505272985E+0007
   0.110416666666666801744E+0000   0.148330665748668049853E-0008   0.222203400011110939085E+0008   0.000000000000000000000E+0000   0.000000000000000000000E+0000   0.000000000000000000000E+0000   0.427892923530823644251E+0007
   0.112500000000000141553E+0000   0.153516408022270874201E-0008   0.222621956282315589488E+0008   0.000000000000000000000E+0000   0.000000000000000000000E+0000   0.000000000000000000000E+0000   0.432077933324032556266E+0007
   0.114583333333333481363E+0000   0.159134023745044596750E-0008   0.223070787154404334724E+0008   0.000000000000000000000E+0000   0.000000000000000000000E+0000   0.000000000000000000000E+0000   0.436565663681768812239E+0007
   0.116666666666666821173E+0000   0.165215057875572020792E-0008   0.223551548200211785734E+0008   0.000000000000000000000E+0000   0.000000000000000000000E+0000   0.000000000000000000000E+0000   0.441372670554928667843E+0007
   0.118750000000000160982E+0000   0.171793732906377450546E-0008   0.224066006666000075638E+0008   0.000000000000000000000E+0000   0.000000000000000000000E+0000   0.000000000000000000000E+0000   0.446516626669422537088E+0007
   0.120833333333333500792E+0000   0.178907193627932326617E-0008   0.224616051148864291608E+0008   0.000000000000000000000E+0000   0.000000000000000000000E+0000   0.000000000000000000000E+0000   0.452016418278004601598E+0007
   0.122916666666666840602E+0000   0.186595771527568305614E-0008   0.225203701618619896472E+0008   0.000000000000000000000E+0000   0.000000000000000000000E+0000   0.000000000000000000000E+0000   0.457892245411924924701E+0007
   0.125000000000000166533E+0000   0.194903270695062195198E-0008   0.225831120204012840986E+0008   0.000000000000000000000E+0000   0.000000000000000000000E+0000   0.000000000000000000000E+0000   0.464165729737048503011E+0007
   0.127083333333333492465E+0000   0.203877277253269976973E-0008   0.226500622422860525548E+0008   0.000000000000000000000E+0000   0.000000000000000000000E+0000   0.000000000000000000000E+0000   0.470860026821193471551E+0007
   0.129166666666666818397E+0000   0.213569494488335274656E-0008   0.227214689323878996074E+0008   0.000000000000000000000E+0000   0.000000000000000000000E+0000   0.000000000000000000000E+0000   0.477999947578208241612E+0007
   0.131250000000000144329E+0000   0.224036106020063438692E-0008   0.227975980325634032488E+0008   0.000000000000000000000E+0000   0.000000000000000000000E+0000   0.000000000000000000000E+0000   0.485612086622385215014E+0007
   0.133333333333333470261E+0000   0.235338169530791694577E-0008   0.228787346656721681356E+0008   0.000000000000000000000E+0000   0.000000000000000000000E+0000   0.000000000000000000000E+0000   0.493724956667675543576E+0007
   0.135416666666666796193E+0000   0.247542043761997102270E-0008   0.229651846181364357471E+0008   0.000000000000000000000E+0000   0.000000000000000000000E+0000   0.000000000000000000000E+0000   0.502369136909947264940E+0007
   0.137500000000000122125E+0000   0.260719851692233088724E-0008   0.230572758751999139786E+0008   0.000000000000000000000E+0000   0.000000000000000000000E+0000   0.000000000000000000000E+0000   0.511577426335022971034E+0007
   0.139583333333333448056E+0000   0.274949983030469811518E-0008   0.231553602870159745216E+0008   0.000000000000000000000E+0000   0.000000000000000000000E+0000   0.000000000000000000000E+0000   0.521385010457407962531E+0007
   0.141666666666666773988E+0000   0.290317639394986202124E-0008   0.232598153423375897110E+0008   0.000000000000000000000E+0000   0.000000000000000000000E+0000   0.000000000000000000000E+0000   0.531829638717603962868E+0007
   0.143750000000000099920E+0000   0.306915425802223912247E-0008   0.233710460622160919011E+0008   0.000000000000000000000E+0000   0.000000000000000000000E+0000   0.000000000000000000000E+0000   0.542951813678554072976E+0007
   0.145833333333333425852E+0000   0.324843992362714279217E-0008   0.234894870354797616601E+0008   0.000000000000000000000E+0000   0.000000000000000000000E+0000   0.000000000000000000000E+0000   0.554794994837022852153E+0007
   0.147916666666666751784E+0000   0.344212730373705306402E-0008   0.236156045968564152718E+0008   0.000000000000000000000E+0000   0.000000000000000000000E+0000   0.000000000000000000000E+0000   0.567405816131938807666E+0007
   0.150000000000000077716E+0000   0.365140527312047571586E-0008   0.237498991362139545381E+0008   0.000000000000000000000E+0000   0.000000000000000000000E+0000   0.000000000000000000000E+0000   0.580834317101130634546E+0007
   0.152083333333333403647E+0000   0.387756585566963302507E-0008   0.238929076091712340713E+0008   0.000000000000000000000E+0000   0.000000000000000000000E+0000   0.000000000000000000000E+0000   0.595134193929750844836E+0007
   0.154166666666666729579E+0000   0.412201310111750577935E-0008   0.240452061965974345803E+0008   0.000000000000000000000E+0000   0.000000000000000000000E+0000   0.000000000000000000000E+0000   0.610363065189855080098E+0007
   0.156250000000000055511E+0000   0.438627270698393680851E-0008   0.242074131580695509911E+0008   0.000000000000000000000E+0000   0.000000000000000000000E+0000   0.000000000000000000000E+0000   0.626582757338682655245E+0007
   0.158333333333333381443E+0000   0.467200244569346979310E-0008   0.243801919000769555569E+0008   0.000000000000000000000E+0000   0.000000000000000000000E+0000   0.000000000000000000000E+0000   0.643859611651463713497E+0007
   0.160416666666666707375E+0000   0.498100346119755918079E-0008   0.245642542521604672074E+0008   0.000000000000000000000E+0000   0.000000000000000000000E+0000   0.000000000000000000000E+0000   0.662264811569071561098E+0007
   0.162500000000000033307E+0000   0.531523250410063169693E-0008   0.247603639597891345620E+0008   0.000000000000000000000E+0000   0.000000000000000000000E+0000   0.000000000000000000000E+0000   0.681874732155696675181E+0007
   0.164583333333333359239E+0000   0.567681517927694517326E-0008   0.249693404568358510733E+0008   0.000000000000000000000E+0000   0.000000000000000000000E+0000   0.000000000000000000000E+0000   0.702771317412278335541E+0007
   0.166666666666666685170E+0000   0.606806028525807596703E-0008   0.251920628858203291893E+0008   0.000000000000000000000E+0000   0.000000000000000000000E+0000   0.000000000000000000000E+0000   0.725042482047318015248E+0007
   0.168750000000000011102E+0000   0.649147533031359956016E-0008   0.254294743677884042263E+0008   0.000000000000000000000E+0000   0.000000000000000000000E+0000   0.000000000000000000000E+0000   0.748782538697501644492E+0007
   0.170833333333333337034E+0000   0.694978331613401038300E-0008   0.256825866444009207189E+0008   0.000000000000000000000E+0000   0.000000000000000000000E+0000   0.000000000000000000000E+0000   0.774092662056665401906E+0007
   0.172916666666666662966E+0000   0.744594088637912654101E-0008   0.259524849724718406796E+0008   0.000000000000000000000E+0000   0.000000000000000000000E+0000   0.000000000000000000000E+0000   0.801081378332922235131E+0007
   0.174999999999999988898E+0000   0.798315794410981822307E-0008   0.262403333983630724251E+0008   0.000000000000000000000E+0000   0.000000000000000000000E+0000   0.000000000000000000000E+0000   0.829865092545466870070E+0007
   0.177083333333333314830E+0000   0.856491884925618004049E-0008   0.265473803719582706690E+0008   0.000000000000000000000E+0000   0.000000000000000000000E+0000   0.000000000000000000000E+0000   0.860568650370681285858E+0007
   0.179166666666666640761E+0000   0.919500531485687251412E-0008   0.268749647820910736918E+0008   0.000000000000000000000E+0000   0.000000000000000000000E+0000   0.000000000000000000000E+0000   0.893325940950267016888E+0007
   0.181249999999999966693E+0000   0.987752112880271220385E-0008   0.272245223527340330184E+0008   0.000000000000000000000E+0000   0.000000000000000000000E+0000   0.000000000000000000000E+0000   0.928280537301210686564E+0007
   0.183333333333333292625E+0000   0.106169188362888872487E-0007   0.275975925307722650468E+0008   0.000000000000000000000E+0000   0.000000000000000000000E+0000   0.000000000000000000000E+0000   0.965586384592184238136E+0007
   0.185416666666666618557E+0000   0.114180285271286927073E-0007   0.279958257931433394551E+0008   0.000000000000000000000E+0000   0.000000000000000000000E+0000   0.000000000000000000000E+0000   0.100540853086401857436E+0008
   0.187499999999999944489E+0000   0.122860888815092312379E-0007   0.284209914912875704467E+0008   0.000000000000000000000E+0000   0.000000000000000000000E+0000   0.000000000000000000000E+0000   0.104792391170375775546E+0008
   0.189583333333333270421E+0000   0.132267806377239484970E-0007   0.288749861741369925439E+0008   0.000000000000000000000E+0000   0.000000000000000000000E+0000   0.000000000000000000000E+0000   0.109332218266176301986E+0008
   0.191666666666666596353E+0000   0.142462626559175169218E-0007   0.293598425274142995477E+0008   0.000000000000000000000E+0000   0.000000000000000000000E+0000   0.000000000000000000000E+0000   0.114180661245568618178E+0008
   0.193749999999999922284E+0000   0.153512107628995009478E-0007   0.298777388349295333028E+0008   0.000000000000000000000E+0000   0.000000000000000000000E+0000   0.000000000000000000000E+0000   0.119359502995532844216E+0008
   0.195833333333333248216E+0000   0.165488595746859469607E-0007   0.304310091272145546973E+0008   0.000000000000000000000E+0000   0.000000000000000000000E+0000   0.000000000000000000000E+0000   0.124892083873966038227E+0008
   0.197916666666666574148E+0000   0.178470475056671115076E-0007   0.310221539691074043512E+0008   0.000000000000000000000E+0000   0.000000000000000000000E+0000   0.000000000000000000000E+0000   0.130803409562338758260E+0008
   0.199999999999999900080E+0000   0.192542651860537514743E-0007   0.316538519494797252119E+0008   0.000000000000000000000E+0000   0.000000000000000000000E+0000   0.000000000000000000000E+0000   0.137120265976862218231E+0008
   0.202083333333333226012E+0000   0.207797075227321565829E-0007   0.323289719251875355840E+0008   0.000000000000000000000E+0000   0.000000000000000000000E+0000   0.000000000000000000000E+0000   0.143871341749073136598E+0008
   0.204166666666666551944E+0000   0.224333296527162855719E-0007   0.330505860494906641543E+0008   0.000000000000000000000E+0000   0.000000000000000000000E+0000   0.000000000000000000000E+0000   0.151087358431410416961E+0008
   0.206249999999999877875E+0000   0.242259070531340275242E-0007   0.338219836584551185369E+0008   0.000000000000000000000E+0000   0.000000000000000000000E+0000   0.000000000000000000000E+0000   0.158801209413257557899E+0008
   0.208333333333333203807E+0000   0.261691000871109392781E-0007   0.346466859901560470462E+0008   0.000000000000000000000E+0000   0.000000000000000000000E+0000   0.000000000000000000000E+0000   0.167048107134827896953E+0008
   0.210416666666666529739E+0000   0.282755232810260184057E-0007   0.355284619152973592281E+0008   0.000000000000000000000E+0000   0.000000000000000000000E+0000   0.000000000000000000000E+0000   0.175865740309013575315E+0008
