    0.208333333333333330442E-0002   0.208333333333333300534E-0011  -0.468674932081830424447E-0043   0.139638367127771191299E+0008   0.000000000000000000000E+0000
    0.208333333333333330442E-0002   0.208333333333333300534E-0011  -0.468674932081830424447E-0043   0.139638367127771191299E+0008   0.000000000000000000000E+0000
    0.208333333333333330442E-0002   0.208333333333333300534E-0011  -0.468674932081830424447E-0043   0.139638367127771191299E+0008   0.000000000000000000000E+0000
    0.208333333333333330442E-0002   0.208333333333333340923E-0011  -0.468674932081830524015E-0043   0.139638367127771191299E+0008   0.000000000000000000000E+0000
    0.208333333333333330442E-0002   0.208333333333333340923E-0011   0.473568572345694297771E-0037   0.139638367081526797265E+0008   0.709764265796077478609E-0018
    0.208333333333333330442E-0002   0.208333333333333340923E-0011   0.494693245829555673703E-0037   0.139638367081526797265E+0008   0.612917276839537052206E-0018
    0.208333333333333330442E-0002   0.208333333333333340923E-0011   0.470928417043983678150E-0037   0.139638367081526797265E+0008   0.560356745348857754148E-0018
    0.208333333333333330442E-0002   0.208333333333333340923E-0011   0.601780958540659043502E-0037   0.139638367081526797265E+0008   0.764934835315773988061E-0018
    0.208333333333333330442E-0002   0.208333333333333340923E-0011   0.635140106488618673758E-0037   0.139638367081526797265E+0008   0.776760034957368142946E-0018
    0.208333333333333330442E-0002   0.208333333333333340923E-0011   0.575177470098668839886E-0037   0.139638367081526797265E+0008   0.700146176430659211903E-0018
    0.208333333333333330442E-0002   0.208333333333333340923E-0011   0.484301433452196999338E-0037   0.139638367081526797265E+0008   0.653591190423822908008E-0018
    0.208333333333333330442E-0002   0.208333333333333340923E-0011   0.378182889165160643698E-0037   0.139638367081526797265E+0008   0.556836954900404639371E-0018
    0.208333333333333330442E-0002   0.208333333333333340923E-0011   0.500102300818765155872E-0037   0.160361632918473221362E+0008   0.684752157110761756773E-0018
    0.208333333333333330442E-0002   0.208333333333333340923E-0011   0.390707842812653478936E-0037   0.160361632918473221362E+0008   0.653328852177735054173E-0018
    0.208333333333333330442E-0002   0.208333333333333340923E-0011   0.403505451673108715938E-0037   0.160361632918473221362E+0008   0.697307330811409141104E-0018
    0.208333333333333330442E-0002   0.208333333333333340923E-0011   0.426478212816691125372E-0037   0.160361632918473221362E+0008   0.669663330273887153999E-0018
    0.208333333333333330442E-0002   0.208333333333333340923E-0011   0.358207582153931779556E-0037   0.160361632918473221362E+0008   0.494910570310280139485E-0018
    0.208333333333333330442E-0002   0.208333333333333340923E-0011   0.394484517657436530853E-0037   0.160361632918473221362E+0008   0.528056938771695815029E-0018
    0.208333333333333330442E-0002   0.208333333333333340923E-0011   0.405902838668094717210E-0037   0.160361632918473221362E+0008   0.479772071680688300250E-0018
    0.208333333333333330442E-0002   0.208333333333333340923E-0011   0.453392916738486537414E-0037   0.160361632918473221362E+0008   0.668832372780062735809E-0018
    0.208333333333333330442E-0002   0.208333333333333340923E-0011   0.410497906336856469105E-0037   0.160361632918473221362E+0008   0.615457777046261320801E-0018
    0.208333333333333330442E-0002   0.208333333333333340923E-0011   0.427624030585457910272E-0037   0.160361632918473221362E+0008   0.643748778617244724447E-0018
    0.208333333333333330442E-0002   0.208333333333333340923E-0011   0.388915807448729368237E-0037   0.160361632918473221362E+0008   0.627504330471395082750E-0018
    0.208333333333333330442E-0002   0.208333333333333340923E-0011   0.359473741893015213618E-0037   0.160361632918473221362E+0008   0.471366747286807294557E-0018
    0.208333333333333330442E-0002   0.208333333333333340923E-0011   0.197837666470942557418E-0037   0.160361632918473221362E+0008   0.345487286305034989195E-0018
    0.208333333333333330442E-0002   0.208333333333333340923E-0011   0.384007743747509538048E-0037   0.160361632918473221362E+0008   0.474450900151364775881E-0018
    0.208333333333333330442E-0002   0.208333333333333340923E-0011   0.348544946711197563424E-0037   0.160361632918473221362E+0008   0.528104262841117923903E-0018
    0.208333333333333330442E-0002   0.208333333333333340923E-0011   0.206506363104555358776E-0037   0.160361632918473221362E+0008   0.346957292283277932366E-0018
    0.208333333333333330442E-0002   0.208333333333333340923E-0011   0.247966769439323586612E-0037   0.160361632918473221362E+0008   0.518408422165941932930E-0018
    0.208333333333333330442E-0002   0.208333333333333340923E-0011   0.357119081374147898878E-0037   0.139638367081526797265E+0008   0.486060066938093035180E-0018
    0.208333333333333330442E-0002   0.208333333333333340923E-0011   0.280577390206026207367E-0037   0.139638367081526797265E+0008   0.362990064670324437858E-0018
    0.208333333333333330442E-0002   0.208333333333333340923E-0011   0.281239855539668756597E-0037   0.139638367081526797265E+0008   0.340860527630963145202E-0018
    0.208333333333333330442E-0002   0.208333333333333340923E-0011   0.308517298890196044734E-0037   0.139638367081526797265E+0008   0.513346103036867103776E-0018
    0.208333333333333330442E-0002   0.208333333333333340923E-0011   0.237680739440856223224E-0037   0.139638367081526797265E+0008   0.307933546385673906637E-0018
    0.208333333333333330442E-0002   0.208333333333333340923E-0011   0.378134340062830752497E-0037   0.139638367081526797265E+0008   0.610668095366596589677E-0018
    0.208333333333333330442E-0002   0.208333333333333340923E-0011   0.348502943773938803033E-0037   0.139638367081526797265E+0008   0.501374359403431694227E-0018
    0.208333333333333330442E-0002   0.208333333333333340923E-0011   0.351815184273446558765E-0037   0.139638367081526797265E+0008   0.446561796244791752144E-0018
    0.208333333333333330442E-0002   0.208333333333333340923E-0011  -0.468674932081830524015E-0043   0.139638367127771191299E+0008   0.000000000000000000000E+0000
    0.208333333333333330442E-0002   0.208333333333333340923E-0011  -0.468674932081830524015E-0043   0.139638367127771191299E+0008   0.000000000000000000000E+0000
    0.208333333333333330442E-0002   0.208333333333333381313E-0011  -0.468674932081830623583E-0043   0.139638367127771191299E+0008   0.000000000000000000000E+0000
    0.208333333333333330442E-0002   0.208333333333333340923E-0011  -0.468674932081830524015E-0043   0.139638367127771191299E+0008   0.000000000000000000000E+0000
    0.437499999999999972244E-0001   0.437499999999999910926E-0010  -0.984217357371843851511E-0042   0.139638367127771191299E+0008   0.000000000000000000000E+0000
    0.437499999999999972244E-0001   0.437499999999999910926E-0010  -0.984217357371843851511E-0042   0.139638367127771191299E+0008   0.000000000000000000000E+0000
    0.437499999999999972244E-0001   0.437499999999999910926E-0010  -0.984217357371843851511E-0042   0.139638367127771191299E+0008   0.000000000000000000000E+0000
    0.437499999999999972244E-0001   0.437499999999999910926E-0010  -0.984217357371843851511E-0042   0.139638367127771191299E+0008   0.000000000000000000000E+0000
    0.437499999999999972244E-0001   0.437499999999999910926E-0010  -0.114296104526130994537E-0027   0.139638367081526797265E+0008  -0.587430831860224334920E-0009
    0.437499999999999972244E-0001   0.437499999999999910926E-0010  -0.140127779426055704915E-0027   0.139638367081526797265E+0008  -0.720194092445748897792E-0009
    0.437499999999999972244E-0001   0.437499999999999910926E-0010  -0.184162586798339018879E-0027   0.139638367081526797265E+0008  -0.946513569661242503276E-0009
    0.437499999999999972244E-0001   0.437499999999999910926E-0010  -0.255468717036116704337E-0027   0.139638367081526815891E+0008  -0.131299617886759703838E-0008
    0.437499999999999972244E-0001   0.437499999999999910926E-0010  -0.371910869727866189215E-0027   0.139638367081526797265E+0008  -0.191146034555299600672E-0008
    0.437499999999999972244E-0001   0.437499999999999910926E-0010  -0.568988661603135789924E-0027   0.139638367081526797265E+0008  -0.292436024677028332620E-0008
    0.437499999999999972244E-0001   0.437499999999999910926E-0010  -0.926247256378190190870E-0027   0.139638367081526797265E+0008  -0.476055838612416956577E-0008
    0.437499999999999972244E-0001   0.437499999999999910926E-0010  -0.155418553022026099163E-0026   0.139638367081526797265E+0008  -0.798770735893760245531E-0008
    0.437499999999999972244E-0001   0.437499999999999910926E-0010  -0.348864135425547810274E-0026   0.160361632918473221362E+0008  -0.205957388236427747635E-0007
    0.437499999999999972244E-0001   0.437500215341712126557E-0010  -0.852101004975830704428E-0026   0.160361639282692223787E+0008  -0.502829666629298035516E-0007
    0.437499999999999972244E-0001   0.437503888461287114118E-0010  -0.737709331751973571733E-0026   0.160361747758264318109E+0008  -0.435320433461330981177E-0007
    0.437499999999999972244E-0001   0.437507712341753774378E-0010  -0.193509318730977030976E-0026   0.160361860682459864765E+0008  -0.114288489182658692324E-0007
    0.437499999999999972244E-0001   0.437510199530830118814E-0010  -0.597814473689572972355E-0027   0.160361934127992261201E+0008  -0.352863549153686672978E-0008
    0.437499999999999972244E-0001   0.437511551032012490950E-0010  -0.198964584659870691512E-0027   0.160361974035731721669E+0008  -0.117464506666533781929E-0008
    0.437499999999999972244E-0001   0.437511977956256725823E-0010  -0.868120031648015680038E-0030   0.160361986641930658370E+0008  -0.515500646452488466450E-0011
    0.437499999999999972244E-0001   0.437511551032012297079E-0010   0.197185279557310712048E-0027   0.160361974035731721669E+0008   0.116408061609218997220E-0008
    0.437499999999999972244E-0001   0.437510199530830118814E-0010   0.595985455318116241067E-0027   0.160361934127992261201E+0008   0.351777869841957282392E-0008
    0.437499999999999972244E-0001   0.437507712341753774378E-0010   0.193350015030814021303E-0026   0.160361860682459864765E+0008   0.114193931232555385013E-0007
    0.437499999999999972244E-0001   0.437503888461287307988E-0010   0.737644835691498804772E-0026   0.160361747758264318109E+0008   0.435282064579341922288E-0007
    0.437499999999999972244E-0001   0.437500215341712320428E-0010   0.852177089276919611381E-0026   0.160361639282692223787E+0008   0.502874597048388956143E-0007
    0.437499999999999972244E-0001   0.437499999999999910926E-0010   0.349073252157083475337E-0026   0.160361632918473221362E+0008   0.206081130436926109589E-0007
    0.437499999999999972244E-0001   0.437499999999999910926E-0010   0.135615915215228076211E-0026   0.160361632918473221362E+0008   0.800438888583700028088E-0008
    0.437499999999999972244E-0001   0.437499999999999975549E-0010   0.809245912020382673846E-0027   0.160361632918473221362E+0008   0.477651450073410900859E-0008
    0.437499999999999972244E-0001   0.437499999999999975549E-0010   0.497596393079591825696E-0027   0.160361632918473221362E+0008   0.293700763524573414793E-0008
    0.437499999999999972244E-0001   0.437499999999999910926E-0010   0.325205634650826584656E-0027   0.160361632918473239988E+0008   0.191948816718863837248E-0008
    0.437499999999999972244E-0001   0.437500000000000040173E-0010   0.255766460009260915528E-0027   0.139638367081526797265E+0008   0.131454236169745015853E-0008
    0.437499999999999972244E-0001   0.437499999999999910926E-0010   0.182488582518544985667E-0027   0.139638367081526797265E+0008   0.937920878905422702581E-0009
    0.437499999999999972244E-0001   0.437499999999999910926E-0010   0.135210888439608275982E-0027   0.139638367081526797265E+0008   0.694931053719755963765E-0009
    0.437499999999999972244E-0001   0.437499999999999910926E-0010   0.104006042026041110559E-0027   0.139638367081526797265E+0008   0.534549822400075718640E-0009
    0.437499999999999972244E-0001   0.437499999999999975549E-0010   0.832525156578830074215E-0028   0.139638367081526797265E+0008   0.427884528148571412134E-0009
    0.437499999999999972244E-0001   0.437499999999999910926E-0010   0.696818521994379430458E-0028   0.139638367081526797265E+0008   0.358136405077532184309E-0009
    0.437499999999999972244E-0001   0.437499999999999910926E-0010   0.613989975507454462165E-0028   0.139638367081526797265E+0008   0.315565623166276268823E-0009
    0.437499999999999972244E-0001   0.437499999999999975549E-0010   0.573819439236965364052E-0028   0.139638367081526797265E+0008   0.294919360885396750397E-0009
    0.437499999999999972244E-0001   0.437499999999999910926E-0010  -0.984217357371843851511E-0042   0.139638367127771191299E+0008   0.000000000000000000000E+0000
    0.437499999999999972244E-0001   0.437499999999999910926E-0010  -0.984217357371843851511E-0042   0.139638367127771191299E+0008   0.000000000000000000000E+0000
    0.437499999999999972244E-0001   0.437499999999999975549E-0010  -0.984217357371844170130E-0042   0.139638367127771191299E+0008   0.000000000000000000000E+0000
    0.437499999999999972244E-0001   0.437499999999999910926E-0010  -0.984217357371843851511E-0042   0.139638367127771191299E+0008   0.000000000000000000000E+0000
    0.854166666666667240282E-0001   0.854166666666667335943E-0010  -0.192156722153550549695E-0041   0.139638367127771191299E+0008   0.000000000000000000000E+0000
    0.854166666666667240282E-0001   0.854166666666667335943E-0010  -0.192156722153550549695E-0041   0.139638367127771191299E+0008   0.000000000000000000000E+0000
    0.854166666666667240282E-0001   0.854166666666667335943E-0010  -0.192156722153550549695E-0041   0.139638367127771191299E+0008   0.000000000000000000000E+0000
    0.854166666666667240282E-0001   0.854166666666667335943E-0010  -0.192156722153550549695E-0041   0.139638367127771191299E+0008   0.000000000000000000000E+0000
    0.854166666666667240282E-0001   0.854166666666666431214E-0010  -0.338175618577749696545E-0024   0.139638367081526797265E+0008  -0.521042851761806164250E-0006
    0.854166666666667240282E-0001   0.854166666666667335943E-0010  -0.414585122890022499582E-0024   0.139638367081526815891E+0008  -0.638749358062147256705E-0006
    0.854166666666667240282E-0001   0.854166666666666431214E-0010  -0.544836150839041700171E-0024   0.139638367081526797265E+0008  -0.839393881406110367321E-0006
    0.854166666666667240282E-0001   0.854166666666667335943E-0010  -0.755738759645778490508E-0024   0.139638367081526815891E+0008  -0.116426224740299982272E-0005
    0.854166666666667240282E-0001   0.854166666666667335943E-0010  -0.110009856172075702980E-0023   0.139638367081526797265E+0008  -0.169465950724977182545E-0005
    0.854166666666667240282E-0001   0.854166666666666431214E-0010  -0.168283769587084932314E-0023   0.139638367081526797265E+0008  -0.259212560212594579753E-0005
    0.854166666666667240282E-0001   0.854166666666666431214E-0010  -0.273883671825873073896E-0023   0.139638367081526778638E+0008  -0.421803579246693064299E-0005
    0.854166666666667240282E-0001   0.854166666666667335943E-0010  -0.459628648477618360357E-0023   0.139638367081526797265E+0008  -0.707951916583983031120E-0005
    0.854166666666667240282E-0001   0.854166666666666431214E-0010  -0.102839246536651894300E-0022   0.160361632918473221362E+0008  -0.181478476265597421231E-0004
    0.854166666666667240282E-0001   0.854354040783677123622E-0010  -0.252004071849168573386E-0022   0.160363302024906333536E+0008  -0.445067293051575152787E-0004
    0.854166666666667240282E-0001   0.857575222333605373680E-0010  -0.224400520496227122900E-0022   0.160391751555251125246E+0008  -0.392259935350219721617E-0004
    0.854166666666667240282E-0001   0.860984367519113326387E-0010  -0.628831773622737572663E-0023   0.160421368431994635612E+0008  -0.111182471865413798161E-0004
    0.854166666666667240282E-0001   0.863232811082640023627E-0010  -0.206903723128364674464E-0023   0.160440631492619533092E+0008  -0.372685625895350264606E-0005
    0.854166666666667240282E-0001   0.864464975201633096008E-0010  -0.718198910486529219429E-0024   0.160451098479547053576E+0008  -0.131057581519486060403E-0005
    0.854166666666667240282E-0001   0.864855735140193387474E-0010  -0.270048890696475649192E-0026   0.160454404845028910786E+0008  -0.447035675526176293607E-0008
    0.854166666666667240282E-0001   0.864464975201590186014E-0010   0.712676500334142311494E-0024   0.160451098479546643794E+0008   0.130141577793882452804E-0005
    0.854166666666667240282E-0001   0.863232811082557434812E-0010   0.206340064656321840975E-0023   0.160440631492618639022E+0008   0.371744809809435858484E-0005
    0.854166666666667240282E-0001   0.860984367518985759627E-0010   0.628347185141030372390E-0023   0.160421368431993257254E+0008   0.111100684057030909163E-0004
    0.854166666666667240282E-0001   0.857575222333431794998E-0010   0.224381355924489072246E-0022   0.160391751555249225348E+0008   0.392227176619434068135E-0004
    0.854166666666667240282E-0001   0.854354040783461151934E-0010   0.252026628014934028183E-0022   0.160363302024904005229E+0008   0.445107169382716070312E-0004
    0.854166666666667240282E-0001   0.854166666666666431214E-0010   0.102900899619198232610E-0022   0.160361632918473221362E+0008   0.181587073654660246364E-0004
    0.854166666666667240282E-0001   0.854166666666665655732E-0010   0.401062011932787289886E-0023   0.160361632918473221362E+0008   0.709413704921764216220E-0005
    0.854166666666667240282E-0001   0.854166666666667335943E-0010   0.239284638080902414659E-0023   0.160361632918473221362E+0008   0.423202402661503486442E-0005
    0.854166666666667240282E-0001   0.854166666666667335943E-0010   0.147166753404451121328E-0023   0.160361632918473221362E+0008   0.260322117122482980732E-0005
    0.854166666666667240282E-0001   0.854166666666666818955E-0010   0.961931512911112092546E-0024   0.160361632918473221362E+0008   0.170169568569299393307E-0005
    0.854166666666667240282E-0001   0.854166666666667465190E-0010   0.756606925211510922373E-0024   0.139638367081526778638E+0008   0.116557485190475426740E-0005
    0.854166666666667240282E-0001   0.854166666666666431214E-0010   0.539872958116882267377E-0024   0.139638367081526797265E+0008   0.831728162610699955474E-0006
    0.854166666666667240282E-0001   0.854166666666666431214E-0010   0.400027557116580614498E-0024   0.139638367081526797265E+0008   0.616304212848282068405E-0006
    0.854166666666667240282E-0001   0.854166666666667335943E-0010   0.307719183217174959280E-0024   0.139638367081526797265E+0008   0.474102323041907007582E-0006
    0.854166666666667240282E-0001   0.854166666666667335943E-0010   0.246324788375851080335E-0024   0.139638367081526797265E+0008   0.379521058032693009527E-0006
    0.854166666666667240282E-0001   0.854166666666666431214E-0010   0.206178337234897783301E-0024   0.139638367081526797265E+0008   0.317672498463874596463E-0006
    0.854166666666667240282E-0001   0.854166666666667335943E-0010   0.181675156457046803560E-0024   0.139638367081526797265E+0008   0.279923774611239898939E-0006
    0.854166666666667240282E-0001   0.854166666666667335943E-0010   0.169792506583355495578E-0024   0.139638367081526797265E+0008   0.261618909218826987216E-0006
    0.854166666666667240282E-0001   0.854166666666667335943E-0010  -0.192156722153550549695E-0041   0.139638367127771191299E+0008   0.000000000000000000000E+0000
    0.854166666666667240282E-0001   0.854166666666667335943E-0010  -0.192156722153550549695E-0041   0.139638367127771191299E+0008   0.000000000000000000000E+0000
    0.854166666666667240282E-0001   0.854166666666667335943E-0010  -0.192156722153550613419E-0041   0.139638367127771191299E+0008   0.000000000000000000000E+0000
    0.854166666666667240282E-0001   0.854166666666667335943E-0010  -0.192156722153550549695E-0041   0.139638367127771191299E+0008   0.000000000000000000000E+0000
    0.127083333333333492465E+0000   0.127083333333333437322E-0009  -0.285891708569916714239E-0041   0.139638367127771191299E+0008   0.000000000000000000000E+0000
    0.127083333333333492465E+0000   0.127083333333333437322E-0009  -0.285891708569916714239E-0041   0.139638367127771191299E+0008   0.000000000000000000000E+0000
    0.127083333333333492465E+0000   0.127083333333333437322E-0009  -0.285891708569916714239E-0041   0.139638367127771191299E+0008   0.000000000000000000000E+0000
    0.127083333333333492465E+0000   0.127083333333333437322E-0009  -0.285891708569916714239E-0041   0.139638367127771191299E+0008   0.000000000000000000000E+0000
    0.127083333333333492465E+0000   0.127083333333333256376E-0009  -0.958352867711863395689E-0023   0.139638367081526797265E+0008  -0.806961226488689877955E-0005
    0.127083333333333492465E+0000   0.127083333333333437322E-0009  -0.117449584001947049395E-0022   0.139638367081526797265E+0008  -0.988741346695154402094E-0005
    0.127083333333333492465E+0000   0.127083333333333256376E-0009  -0.154288413561906541710E-0022   0.139638367081526797265E+0008  -0.129853040493078699785E-0004
    0.127083333333333492465E+0000   0.127083333333333437322E-0009  -0.213909345223849290765E-0022   0.139638367081526815891E+0008  -0.179974331149170058066E-0004
    0.127083333333333492465E+0000   0.127083333333333437322E-0009  -0.311175578646104043882E-0022   0.139638367081526797265E+0008  -0.261697403835774545318E-0004
    0.127083333333333492465E+0000   0.127083333333333256376E-0009  -0.475601091030075128857E-0022   0.139638367081526797265E+0008  -0.399751892624748355969E-0004
    0.127083333333333492465E+0000   0.127083333333333256376E-0009  -0.772809801924474594920E-0022   0.139638367081526797265E+0008  -0.648884304114454772781E-0004
    0.127083333333333492465E+0000   0.127083333333333437322E-0009  -0.129836965499431447154E-0021   0.139638367081526815891E+0008  -0.109089804260111740701E-0003
    0.127083333333333492465E+0000   0.127083333333333256376E-0009  -0.283840608199200714434E-0021   0.160361632918473221362E+0008  -0.269787455075790050252E-0003
    0.127083333333333492465E+0000   0.127338944202857057036E-0009  -0.711878281806796573702E-0021   0.160372943204549755901E+0008  -0.678654580773274305160E-0003
    0.127083333333333492465E+0000   0.131968693272143894229E-0009  -0.759039904827406626004E-0021   0.160565724042196739465E+0008  -0.665728412936667369830E-0003
    0.127083333333333492465E+0000   0.137392550386101480802E-0009  -0.314136469512292113455E-0021   0.160766415104294754565E+0008  -0.272755812946465637896E-0003
    0.127083333333333492465E+0000   0.141295459349947251338E-0009  -0.143834332513686515338E-0021   0.160896946229020841420E+0008  -0.124167117944580431693E-0003
    0.127083333333333492465E+0000   0.143552838232612114069E-0009  -0.603357441313815729955E-0022   0.160967873049428202212E+0008  -0.515341702540474374595E-0004
    0.127083333333333492465E+0000   0.144287029052612962609E-0009  -0.988651151736025969368E-0025   0.160990277777635641396E+0008  -0.591372981048022263072E-0007
    0.127083333333333492465E+0000   0.143552838232439698610E-0009   0.601362707408986900763E-0022   0.160967873049421291798E+0008   0.514130700923899378279E-0004
    0.127083333333333492465E+0000   0.141295459349614311141E-0009   0.143639332199840664417E-0021   0.160896946229006741196E+0008   0.124043127411617665288E-0003
    0.127083333333333492465E+0000   0.137392550385634976786E-0009   0.313982179080739806665E-0021   0.160766415104273166507E+0008   0.272649401975304684232E-0003
    0.127083333333333492465E+0000   0.131968693271587486020E-0009   0.758988673424174302675E-0021   0.160565724042167291045E+0008   0.665689974608676005713E-0003
    0.127083333333333492465E+0000   0.127338944202232587372E-0009   0.711942706952195111355E-0021   0.160372943204512279481E+0008   0.678716484496721603192E-0003
    0.127083333333333492465E+0000   0.127083333333333256376E-0009   0.284007688835219193910E-0021   0.160361632918473221362E+0008   0.269944345225838519368E-0003
    0.127083333333333492465E+0000   0.127083333333333075430E-0009   0.113281976136983504336E-0021   0.160361632918473221362E+0008   0.109298883795161237307E-0003
    0.127083333333333492465E+0000   0.127083333333333437322E-0009   0.675084272813986391191E-0022   0.160361632918473221362E+0008   0.650890728851690099094E-0004
    0.127083333333333492465E+0000   0.127083333333333437322E-0009   0.415844654619391187422E-0022   0.160361632918473221362E+0008   0.401350887500305191619E-0004
    0.127083333333333492465E+0000   0.127083333333333282226E-0009   0.272039758670298015529E-0022   0.160361632918473221362E+0008   0.262704532038442792991E-0004
    0.127083333333333492465E+0000   0.127083333333333437322E-0009   0.214110583109676710605E-0022   0.139638367081526797265E+0008   0.180119808376482575321E-0004
    0.127083333333333492465E+0000   0.127083333333333256376E-0009   0.152848277516678228812E-0022   0.139638367081526797265E+0008   0.128622328058249395314E-0004
    0.127083333333333492465E+0000   0.127083333333333256376E-0009   0.113295833560197853815E-0022   0.139638367081526797265E+0008   0.953612352479964002494E-0005
    0.127083333333333492465E+0000   0.127083333333333437322E-0009   0.871771003835669231346E-0023   0.139638367081526797265E+0008   0.733908494626102504672E-0005
    0.127083333333333492465E+0000   0.127083333333333437322E-0009   0.698006189714139351425E-0023   0.139638367081526797265E+0008   0.587715070591994601118E-0005
    0.127083333333333492465E+0000   0.127083333333333256376E-0009   0.584363644690941589828E-0023   0.139638367081526797265E+0008   0.492095484916585242878E-0005
    0.127083333333333492465E+0000   0.127083333333333437322E-0009   0.515006754232734311256E-0023   0.139638367081526778638E+0008   0.433740521348455909954E-0005
    0.127083333333333492465E+0000   0.127083333333333437322E-0009   0.481393408459133154412E-0023   0.139638367081526797265E+0008   0.405470756474299805802E-0005
    0.127083333333333492465E+0000   0.127083333333333437322E-0009  -0.285891708569916714239E-0041   0.139638367127771191299E+0008   0.000000000000000000000E+0000
    0.127083333333333492465E+0000   0.127083333333333437322E-0009  -0.285891708569916714239E-0041   0.139638367127771191299E+0008   0.000000000000000000000E+0000
    0.127083333333333492465E+0000   0.127083333333333437322E-0009  -0.285891708569916746101E-0041   0.139638367127771191299E+0008   0.000000000000000000000E+0000
    0.127083333333333492465E+0000   0.127083333333333437322E-0009  -0.285891708569916714239E-0041   0.139638367127771191299E+0008   0.000000000000000000000E+0000
    0.168750000000000011102E+0000   0.168749999999999960104E-0009  -0.379626694986282623888E-0041   0.139638367127771191299E+0008   0.000000000000000000000E+0000
    0.168750000000000011102E+0000   0.168749999999999960104E-0009  -0.379626694986282623888E-0041   0.139638367127771191299E+0008   0.000000000000000000000E+0000
    0.168750000000000011102E+0000   0.168749999999999960104E-0009  -0.379626694986282623888E-0041   0.139638367127771191299E+0008   0.000000000000000000000E+0000
    0.168750000000000011102E+0000   0.168749999999999960104E-0009  -0.379626694986282623888E-0041   0.139638367127771191299E+0008   0.000000000000000000000E+0000
    0.168750000000000011102E+0000   0.168749999999999779158E-0009  -0.774879286739107780569E-0022   0.139638367081526797265E+0008  -0.463125087154371185166E-0004
    0.168750000000000011102E+0000   0.168749999999999960104E-0009  -0.948885709489810861078E-0022   0.139638367081526797265E+0008  -0.566788595776723143891E-0004
    0.168750000000000011102E+0000   0.168749999999999779158E-0009  -0.124535007711689583558E-0021   0.139638367081526797265E+0008  -0.743359446477030499836E-0004
    0.168750000000000011102E+0000   0.168749999999999960104E-0009  -0.172461725626172528128E-0021   0.139638367081526797265E+0008  -0.102856887176659385829E-0003
    0.168750000000000011102E+0000   0.168749999999999960104E-0009  -0.250496432913046549024E-0021   0.139638367081526797265E+0008  -0.149227917715662644670E-0003
    0.168750000000000011102E+0000   0.168750000018660922078E-0009  -0.382081963746562192971E-0021   0.139638367095858585089E+0008  -0.227274249018319547937E-0003
    0.168750000000000011102E+0000   0.168750000050717608784E-0009  -0.618587597641716856730E-0021   0.139638367096508108079E+0008  -0.366979278991952449340E-0003
    0.168750000000000011102E+0000   0.168750000120500555663E-0009  -0.104125170214855560674E-0020   0.139638367111164480448E+0008  -0.618391248509852272525E-0003
    0.168750000000000011102E+0000   0.168750001157355194229E-0009  -0.216383436594629656430E-0020   0.160361632988133225590E+0008  -0.142311135610345305610E-0002
    0.168750000000000011102E+0000   0.169844558996793906157E-0009  -0.566266481790911310252E-0020   0.160391331662820316851E+0008  -0.371328304571868746467E-0002
    0.168750000000000011102E+0000   0.191937982879429420961E-0009  -0.888396732855347741112E-0020   0.160897537276479899883E+0008  -0.448123302124660283230E-0002
    0.168750000000000011102E+0000   0.223969869007728708913E-0009  -0.738175103797133797236E-0020   0.161424513520228080451E+0008  -0.297250158746324797537E-0002
    0.168750000000000011102E+0000   0.251763177062330162924E-0009  -0.548673678462388930298E-0020   0.161767263188747037202E+0008  -0.183758304648087259121E-0002
    0.168750000000000011102E+0000   0.269861253134129461173E-0009  -0.295176221128179518016E-0020   0.161953503384246435016E+0008  -0.882648998148069497370E-0003
    0.168750000000000011102E+0000   0.276087315748224214223E-0009  -0.131440674504918757485E-0023   0.162012333891021478921E+0008  -0.230305204450362675444E-0006
    0.168750000000000011102E+0000   0.269861253131078353785E-0009   0.294918785939489759015E-0020   0.161953503384205438197E+0008   0.882178336194593712243E-0003
    0.168750000000000011102E+0000   0.251763177056986059179E-0009   0.548444964039190163394E-0020   0.161767263188664335757E+0008   0.183710607788603748868E-0002
    0.168750000000000011102E+0000   0.223969869001430348934E-0009   0.738024980438494209005E-0020   0.161424513520102016628E+0008   0.297210976230942881121E-0002
    0.168750000000000011102E+0000   0.191937982873612221604E-0009   0.888365448885483831711E-0020   0.160897537276308629662E+0008   0.448114541841698396651E-0002
    0.168750000000000011102E+0000   0.169844558991624957907E-0009   0.566319450820805255397E-0020   0.160391331662602499127E+0008   0.371364019354315701843E-0002
    0.168750000000000011102E+0000   0.168750001153101236983E-0009   0.216505643182341216108E-0020   0.160361632987867761403E+0008   0.142389015164603072346E-0002
    0.168750000000000011102E+0000   0.168750000420224254893E-0009   0.908303066029322160091E-0021   0.160361632952705621719E+0008   0.619404646398250620550E-0003
    0.168750000000000011102E+0000   0.168750000162197644667E-0009   0.540198957818836612362E-0021   0.160361632935774326324E+0008   0.367958307561265507684E-0003
    0.168750000000000011102E+0000   0.168750000016965046726E-0009   0.333948026888714936349E-0021   0.160361632934759687632E+0008   0.228062993989788467429E-0003
    0.168750000000000011102E+0000   0.168749999999999805007E-0009   0.218901284507814558322E-0021   0.160361632918473221362E+0008   0.149716367433244381064E-0003
    0.168750000000000011102E+0000   0.168749999999999960104E-0009   0.172547888724179978473E-0021   0.139638367081526797265E+0008   0.102877048700923472927E-0003
    0.168750000000000011102E+0000   0.168749999999999779158E-0009   0.123312266977520469937E-0021   0.139638367081526797265E+0008   0.735810119669785275094E-0004
    0.168750000000000011102E+0000   0.168749999999999779158E-0009   0.914798488796353218460E-0022   0.139638367081526778638E+0008   0.546204470249177017759E-0004
    0.168750000000000011102E+0000   0.168749999999999960104E-0009   0.704379039914621756466E-0022   0.139638367081526815891E+0008   0.420777477896702367861E-0004
    0.168750000000000011102E+0000   0.168749999999999960104E-0009   0.564296684781430602196E-0022   0.139638367081526797265E+0008   0.337236134838215796368E-0004
    0.168750000000000011102E+0000   0.168749999999999779158E-0009   0.472652471786127462394E-0022   0.139638367081526797265E+0008   0.282568764621715656652E-0004
    0.168750000000000011102E+0000   0.168749999999999960104E-0009   0.416729658194213710454E-0022   0.139638367081526778638E+0008   0.249213573690314391074E-0004
    0.168750000000000011102E+0000   0.168749999999999960104E-0009   0.389667055107928751755E-0022   0.139638367081526797265E+0008   0.233089844842290707261E-0004
    0.168750000000000011102E+0000   0.168749999999999960104E-0009  -0.379626694986282623888E-0041   0.139638367127771191299E+0008   0.000000000000000000000E+0000
    0.168750000000000011102E+0000   0.168749999999999960104E-0009  -0.379626694986282623888E-0041   0.139638367127771191299E+0008   0.000000000000000000000E+0000
    0.168750000000000011102E+0000   0.168749999999999960104E-0009  -0.379626694986282751336E-0041   0.139638367127771191299E+0008   0.000000000000000000000E+0000
    0.168750000000000011102E+0000   0.168749999999999960104E-0009  -0.379626694986282623888E-0041   0.139638367127771191299E+0008   0.000000000000000000000E+0000
    0.210416666666666529739E+0000   0.210416666666666482886E-0009  -0.473361681402648565400E-0041   0.139638367127771191299E+0008   0.000000000000000000000E+0000
    0.210416666666666529739E+0000   0.210416666666666482886E-0009  -0.473361681402648565400E-0041   0.139638367127771191299E+0008   0.000000000000000000000E+0000
    0.210416666666666529739E+0000   0.210416666666666482886E-0009  -0.473361681402648565400E-0041   0.139638367127771191299E+0008   0.000000000000000000000E+0000
    0.210416666666666529739E+0000   0.210416666666666482886E-0009  -0.473361681402648565400E-0041   0.139638367127771191299E+0008   0.000000000000000000000E+0000
    0.210416666666666529739E+0000   0.210416666721415525528E-0009  -0.389029281810443092332E-0021   0.139638367095542605966E+0008  -0.194372564035810978808E-0003
    0.210416666666666529739E+0000   0.210416666737919148767E-0009  -0.475771771849994917084E-0021   0.139638367095927335322E+0008  -0.237467790669742808080E-0003
    0.210416666666666529739E+0000   0.210416666776372888438E-0009  -0.623477954623066005325E-0021   0.139638367109745629132E+0008  -0.310819588228316580868E-0003
    0.210416666666666529739E+0000   0.210416666820755884590E-0009  -0.861833468772345357172E-0021   0.139638367109919004142E+0008  -0.429020814340028795383E-0003
    0.210416666666666529739E+0000   0.210416666892338414590E-0009  -0.124872706229442249137E-0020   0.139638367126272786409E+0008  -0.620416214180221129403E-0003
    0.210416666666666529739E+0000   0.210416667008320096613E-0009  -0.189845057143079695110E-0020   0.139638367141536176205E+0008  -0.940771595949475825625E-0003
    0.210416666666666529739E+0000   0.210416667201833314053E-0009  -0.305642237693656238563E-0020   0.139638367178917527199E+0008  -0.150803356302281910822E-0002
    0.210416666666666529739E+0000   0.210416667578343827655E-0009  -0.515161752537560092029E-0020   0.139638367230876516551E+0008  -0.254261192770437226621E-0002
    0.210416666666666529739E+0000   0.210416673777589138785E-0009  -0.996762494131514659260E-0020   0.160361633184694238007E+0008  -0.535289690280684078705E-0002
    0.210416666666666529739E+0000   0.213261570192721408919E-0009  -0.271590101299496974984E-0019   0.160414695898371879011E+0008  -0.141346283270309489716E-0001
    0.210416666666666529739E+0000   0.280111286456615958981E-0009  -0.732333118388219164105E-0019   0.161319131609524488449E+0008  -0.219498577892724942850E-0001
    0.210416666666666529739E+0000   0.410938086635581101735E-0009  -0.134580354967656773739E-0018   0.162260677616407703608E+0008  -0.220510779341946475118E-0001
    0.210416666666666529739E+0000   0.558934746767829307052E-0009  -0.167382230024100898365E-0018   0.162873066384372990578E+0008  -0.176631031504029395451E-0001
    0.210416666666666529739E+0000   0.673141377876419909976E-0009  -0.118109982487942409005E-0018   0.163205820364662911743E+0008  -0.970453710601064736818E-0002
    0.210416666666666529739E+0000   0.715736775255000196599E-0009  -0.113528363598954091167E-0022   0.163310932347394488752E+0008  -0.451435963340509830256E-0006
    0.210416666666666529739E+0000   0.673141377829826687227E-0009   0.118088691598878393735E-0018   0.163205820364486463368E+0008   0.970362109352878969559E-0002
    0.210416666666666529739E+0000   0.558934746696642557126E-0009   0.167365844744978104285E-0018   0.162873066384017486125E+0008   0.176622091346878493101E-0001
    0.210416666666666529739E+0000   0.410938086570052163801E-0009   0.134572441576074739948E-0018   0.162260677615867741406E+0008   0.220504672011302867152E-0001
    0.210416666666666529739E+0000   0.280111286414642384857E-0009   0.732331285789277308713E-0019   0.161319131608793660998E+0008   0.219501195854334939239E-0001
    0.210416666666666529739E+0000   0.213261570165964080657E-0009   0.271617356689062891260E-0019   0.160414695897444859147E+0008   0.141361395592921931103E-0001
    0.210416666666666529739E+0000   0.210416673749219144371E-0009   0.997291525541600447326E-0020   0.160361633183566089720E+0008   0.535559588409860454217E-0002
    0.210416666666666529739E+0000   0.210416670189185084447E-0009   0.449267051344887947704E-0020   0.160361633066488895565E+0008   0.254598891327301353471E-0002
    0.210416666666666529739E+0000   0.210416668699269303821E-0009   0.266802877907674850163E-0020   0.160361633008105158806E+0008   0.151133133823757562393E-0002
    0.210416666666666529739E+0000   0.210416667905602404924E-0009   0.165845260756638628715E-0020   0.160361632985571380705E+0008   0.943473717276837545859E-0003
    0.210416666666666529739E+0000   0.210416667461617191943E-0009   0.109062522602212342714E-0020   0.160361632967792488635E+0008   0.622040202334606779321E-0003
    0.210416666666666529739E+0000   0.210416666808352285456E-0009   0.861751206689015979818E-0021   0.139638367110343165696E+0008   0.428797984015457679923E-0003
    0.210416666666666529739E+0000   0.210416666761648918439E-0009   0.616935953984265074971E-0021   0.139638367109666503966E+0008   0.307405983440073966254E-0003
    0.210416666666666529739E+0000   0.210416666729383342779E-0009   0.458296988055843211135E-0021   0.139638367095693442971E+0008   0.228603537176602644720E-0003
    0.210416666666666529739E+0000   0.210416666708598594581E-0009   0.353263588596279942172E-0021   0.139638367096164915711E+0008   0.176362507290466635507E-0003
    0.210416666666666529739E+0000   0.210416666692869703535E-0009   0.283265330881015954338E-0021   0.139638367095901146531E+0008   0.141517794093367580300E-0003
    0.210416666666666529739E+0000   0.210416666677858417519E-0009   0.237447298868224424614E-0021   0.139638367095852736384E+0008   0.118700439433354354175E-0003
    0.210416666666666529739E+0000   0.210416666666666482886E-0009   0.209495360481535927182E-0021   0.139638367081526797265E+0008   0.104783197654612894503E-0003
    0.210416666666666529739E+0000   0.210416666666666482886E-0009   0.196001321033243352290E-0021   0.139638367081526797265E+0008   0.980775010971849352118E-0004
    0.210416666666666529739E+0000   0.210416666666666482886E-0009  -0.473361681402648565400E-0041   0.139638367127771191299E+0008   0.000000000000000000000E+0000
    0.210416666666666529739E+0000   0.210416666666666482886E-0009  -0.473361681402648565400E-0041   0.139638367127771191299E+0008   0.000000000000000000000E+0000
    0.210416666666666529739E+0000   0.210416666666666482886E-0009  -0.473361681402648692847E-0041   0.139638367127771191299E+0008   0.000000000000000000000E+0000
    0.210416666666666529739E+0000   0.210416666666666482886E-0009  -0.473361681402648565400E-0041   0.139638367127771191299E+0008   0.000000000000000000000E+0000
