    0.208333333333333330442E-0002   0.208333333333333300534E-0011  -0.468674932081830424447E-0043   0.139638367127771191299E+0008   0.000000000000000000000E+0000
    0.208333333333333330442E-0002   0.208333333333333300534E-0011  -0.468674932081830424447E-0043   0.139638367127771191299E+0008   0.000000000000000000000E+0000
    0.208333333333333330442E-0002   0.208333333333333300534E-0011  -0.468674932081830424447E-0043   0.139638367127771191299E+0008   0.000000000000000000000E+0000
    0.208333333333333330442E-0002   0.208333333333333340923E-0011  -0.468674932081830524015E-0043   0.139638367127771191299E+0008   0.000000000000000000000E+0000
    0.208333333333333330442E-0002   0.208333333333333340923E-0011   0.409956792921193689478E-0037   0.139638367081526797265E+0008   0.508092842263164166354E-0018
    0.208333333333333330442E-0002   0.208333333333333340923E-0011   0.454960040464721202362E-0037   0.139638367081526797265E+0008   0.683005163039409652409E-0018
    0.208333333333333330442E-0002   0.208333333333333340923E-0011   0.494406205549314456805E-0037   0.139638367081526797265E+0008   0.672212054852930448691E-0018
    0.208333333333333330442E-0002   0.208333333333333340923E-0011   0.482898492663819729932E-0037   0.139638367081526797265E+0008   0.557961490828224960293E-0018
    0.208333333333333330442E-0002   0.208333333333333340923E-0011   0.473846278634255148799E-0037   0.139638367081526797265E+0008   0.556380906015724211020E-0018
    0.208333333333333330442E-0002   0.208333333333333340923E-0011   0.518247059896501287670E-0037   0.139638367081526797265E+0008   0.774564562378229486809E-0018
    0.208333333333333330442E-0002   0.208333333333333340923E-0011   0.467897496736334547977E-0037   0.139638367081526797265E+0008   0.615454971546426877487E-0018
    0.208333333333333330442E-0002   0.208333333333333340923E-0011   0.573537817054146542159E-0037   0.139638367081526797265E+0008   0.597112715926472384714E-0018
    0.208333333333333330442E-0002   0.208333333333333340923E-0011   0.364216833565448198165E-0037   0.160361632918473221362E+0008   0.557290478715086046197E-0018
    0.208333333333333330442E-0002   0.208333333333333340923E-0011   0.452819106319547175313E-0037   0.160361632918473221362E+0008   0.628996662802945560413E-0018
    0.208333333333333330442E-0002   0.208333333333333340923E-0011   0.437739313197639404443E-0037   0.160361632918473221362E+0008   0.632496233309566107147E-0018
    0.208333333333333330442E-0002   0.208333333333333340923E-0011   0.418756609878710092130E-0037   0.160361632918473221362E+0008   0.574191538524260066705E-0018
    0.208333333333333330442E-0002   0.208333333333333340923E-0011   0.528941913899624536614E-0037   0.160361632918473221362E+0008   0.688887540952561501280E-0018
    0.208333333333333330442E-0002   0.208333333333333340923E-0011   0.493475002502057352451E-0037   0.160361632918473221362E+0008   0.754277208783149510973E-0018
    0.208333333333333330442E-0002   0.208333333333333340923E-0011   0.462325104879754757880E-0037   0.160361632918473221362E+0008   0.663275845903280064784E-0018
    0.208333333333333330442E-0002   0.208333333333333340923E-0011   0.501842347392181293226E-0037   0.160361632918473221362E+0008   0.741352534376910366193E-0018
    0.208333333333333330442E-0002   0.208333333333333340923E-0011   0.410497906336856469105E-0037   0.160361632918473221362E+0008   0.615457777046261320801E-0018
    0.208333333333333330442E-0002   0.208333333333333340923E-0011   0.355244799342860003533E-0037   0.160361632918473221362E+0008   0.506609719003363487080E-0018
    0.208333333333333330442E-0002   0.208333333333333340923E-0011   0.399374002286841409732E-0037   0.160361632918473221362E+0008   0.562673679071044664563E-0018
    0.208333333333333330442E-0002   0.208333333333333340923E-0011   0.293119365008559312133E-0037   0.160361632918473221362E+0008   0.477995862018509825863E-0018
    0.208333333333333330442E-0002   0.208333333333333340923E-0011   0.338459334200263860806E-0037   0.160361632918473221362E+0008   0.532080599743170268993E-0018
    0.208333333333333330442E-0002   0.208333333333333340923E-0011   0.459501447097253735929E-0037   0.160361632918473221362E+0008   0.559227861640205547152E-0018
    0.208333333333333330442E-0002   0.208333333333333340923E-0011   0.394662638427054331640E-0037   0.160361632918473221362E+0008   0.537103853798806242984E-0018
    0.208333333333333330442E-0002   0.208333333333333340923E-0011   0.416890990167880929992E-0037   0.160361632918473221362E+0008   0.541960086605766883162E-0018
    0.208333333333333330442E-0002   0.208333333333333340923E-0011   0.329804774744572946761E-0037   0.160361632918473221362E+0008   0.612660382215726792076E-0018
    0.208333333333333330442E-0002   0.208333333333333340923E-0011   0.402120081689954922507E-0037   0.139638367081526797265E+0008   0.603606170318977694969E-0018
    0.208333333333333330442E-0002   0.208333333333333340923E-0011   0.247055700573542120377E-0037   0.139638367081526797265E+0008   0.440677041707137643561E-0018
    0.208333333333333330442E-0002   0.208333333333333340923E-0011   0.169999569555413744823E-0037   0.139638367081526797265E+0008   0.223604437064613740772E-0018
    0.208333333333333330442E-0002   0.208333333333333340923E-0011   0.243212821691856099945E-0037   0.139638367081526797265E+0008   0.478756774821677992256E-0018
    0.208333333333333330442E-0002   0.208333333333333340923E-0011   0.214690210639880869479E-0037   0.139638367081526797265E+0008   0.361092491055636068050E-0018
    0.208333333333333330442E-0002   0.208333333333333340923E-0011   0.301888192708461270604E-0037   0.139638367081526797265E+0008   0.476504397464071820818E-0018
    0.208333333333333330442E-0002   0.208333333333333300534E-0011   0.363324748454677909436E-0037   0.139638367081526797265E+0008   0.456792767035006766109E-0018
    0.208333333333333330442E-0002   0.208333333333333340923E-0011   0.310520108677050986785E-0037   0.139638367081526797265E+0008   0.494632147260597568415E-0018
    0.208333333333333330442E-0002   0.208333333333333300534E-0011  -0.468674932081830424447E-0043   0.139638367127771191299E+0008   0.000000000000000000000E+0000
    0.208333333333333330442E-0002   0.208333333333333340923E-0011  -0.468674932081830524015E-0043   0.139638367127771191299E+0008   0.000000000000000000000E+0000
    0.208333333333333330442E-0002   0.208333333333333300534E-0011  -0.468674932081830424447E-0043   0.139638367127771191299E+0008   0.000000000000000000000E+0000
    0.208333333333333330442E-0002   0.208333333333333381313E-0011  -0.468674932081830623583E-0043   0.139638367127771191299E+0008   0.000000000000000000000E+0000
    0.437499999999999972244E-0001   0.437499999999999910926E-0010  -0.984217357371843851511E-0042   0.139638367127771191299E+0008   0.000000000000000000000E+0000
    0.437499999999999972244E-0001   0.437499999999999910926E-0010  -0.984217357371843851511E-0042   0.139638367127771191299E+0008   0.000000000000000000000E+0000
    0.437499999999999972244E-0001   0.437499999999999910926E-0010  -0.984217357371843851511E-0042   0.139638367127771191299E+0008   0.000000000000000000000E+0000
    0.437499999999999972244E-0001   0.437499999999999910926E-0010  -0.984217357371843851511E-0042   0.139638367127771191299E+0008   0.000000000000000000000E+0000
    0.437499999999999972244E-0001   0.437499999999999975549E-0010  -0.128474322800143342153E-0027   0.139638367081526797265E+0008  -0.660299757597852043996E-0009
    0.437499999999999972244E-0001   0.437499999999999910926E-0010  -0.160399783581038078050E-0027   0.139638367081526797265E+0008  -0.824382375821085462901E-0009
    0.437499999999999972244E-0001   0.437499999999999910926E-0010  -0.207144039172150787927E-0027   0.139638367081526797265E+0008  -0.106462723818228899058E-0008
    0.437499999999999972244E-0001   0.437500000000000040173E-0010  -0.279129037583445227129E-0027   0.139638367081526797265E+0008  -0.143459895932352684379E-0008
    0.437499999999999972244E-0001   0.437499999999999846302E-0010  -0.395042232125938549982E-0027   0.139638367081526797265E+0008  -0.203034459447766950002E-0008
    0.437499999999999972244E-0001   0.437499999999999910926E-0010  -0.590877053936641142792E-0027   0.139638367081526797265E+0008  -0.303685628971408503349E-0008
    0.437499999999999972244E-0001   0.437499999999999910926E-0010  -0.946475215821440297844E-0027   0.139638367081526815891E+0008  -0.486452061399656789833E-0008
    0.437499999999999972244E-0001   0.437499999999999910926E-0010  -0.157251297514312975404E-0026   0.139638367081526815891E+0008  -0.808190186693735699384E-0008
    0.437499999999999972244E-0001   0.437499999999999910926E-0010  -0.350282888661621656056E-0026   0.160361632918473221362E+0008  -0.206794775053953097907E-0007
    0.437499999999999972244E-0001   0.437500215341676583641E-0010  -0.853336597629315788471E-0026   0.160361639282691068947E+0008  -0.503558945293007346250E-0007
    0.437499999999999972244E-0001   0.437503888461272961575E-0010  -0.738759370261825004962E-0026   0.160361747758263833821E+0008  -0.435940153219683947709E-0007
    0.437499999999999972244E-0001   0.437507712341752352661E-0010  -0.194373788443440407840E-0026   0.160361860682459827513E+0008  -0.114798653409294733904E-0007
    0.437499999999999972244E-0001   0.437510199530830118814E-0010  -0.604622803600111746746E-0027   0.160361934127992261201E+0008  -0.356881288346754548283E-0008
    0.437499999999999972244E-0001   0.437511551032012426326E-0010  -0.203973316632694483734E-0027   0.160361974035731740296E+0008  -0.120420201078592239242E-0008
    0.437499999999999972244E-0001   0.437511977956255368730E-0010  -0.413100988874828445005E-0029   0.160361986641930695623E+0008  -0.244094574340031491035E-0010
    0.437499999999999972244E-0001   0.437511551032012297079E-0010   0.195597568059916022003E-0027   0.160361974035731740296E+0008   0.115471142057413278105E-0008
    0.437499999999999972244E-0001   0.437510199530830118814E-0010   0.595985455318116241067E-0027   0.160361934127992261201E+0008   0.351777869841957282392E-0008
    0.437499999999999972244E-0001   0.437507712341752352661E-0010   0.193498399508043151418E-0026   0.160361860682459827513E+0008   0.114281499986166575519E-0007
    0.437499999999999972244E-0001   0.437503888461272961575E-0010   0.737929679844725941927E-0026   0.160361747758263833821E+0008   0.435450176782477484020E-0007
    0.437499999999999972244E-0001   0.437500215341676971381E-0010   0.852585049327864825851E-0026   0.160361639282691087574E+0008   0.503115386488775689901E-0007
    0.437499999999999972244E-0001   0.437500000000000040173E-0010   0.349589771987705124801E-0026   0.160361632918473221362E+0008   0.206385995709488495742E-0007
    0.437499999999999972244E-0001   0.437499999999999975549E-0010   0.136225303117724940776E-0026   0.160361632918473221362E+0008   0.804035683072848832653E-0008
    0.437499999999999972244E-0001   0.437499999999999910926E-0010   0.816100508238597659104E-0027   0.160361632918473221362E+0008   0.481697246526861065335E-0008
    0.437499999999999972244E-0001   0.437499999999999910926E-0010   0.505032010717502675621E-0027   0.160361632918473221362E+0008   0.298089496881244537754E-0008
    0.437499999999999972244E-0001   0.437500000000000040173E-0010   0.333027461169423066843E-0027   0.160361632918473221362E+0008   0.196565506684628144955E-0008
    0.437499999999999972244E-0001   0.437499999999999910926E-0010   0.264943696296919671372E-0027   0.139638367081526797265E+0008   0.136170942971991663371E-0008
    0.437499999999999972244E-0001   0.437499999999999910926E-0010   0.191572359849331783419E-0027   0.139638367081526797265E+0008   0.984607662182161282125E-0009
    0.437499999999999972244E-0001   0.437499999999999910926E-0010   0.143851336194783900067E-0027   0.139638367081526797265E+0008   0.739339387494198738291E-0009
    0.437499999999999972244E-0001   0.437500000000000040173E-0010   0.111755920872917043325E-0027   0.139638367081526815891E+0008   0.574381061593106745573E-0009
    0.437499999999999972244E-0001   0.437499999999999975549E-0010   0.895126327086866604369E-0028   0.139638367081526815891E+0008   0.460059048962058077627E-0009
    0.437499999999999972244E-0001   0.437499999999999975549E-0010   0.736183232013424179418E-0028   0.139638367081526815891E+0008   0.378368430837376433863E-0009
    0.437499999999999972244E-0001   0.437499999999999910926E-0010   0.618169271161749053196E-0028   0.139638367081526815891E+0008   0.317713869382136722873E-0009
    0.437499999999999972244E-0001   0.437500000000000040173E-0010   0.525408435456352619835E-0028   0.139638367081526815891E+0008   0.270038470004801151113E-0009
    0.437499999999999972244E-0001   0.437499999999999910926E-0010  -0.984217357371843851511E-0042   0.139638367127771191299E+0008   0.000000000000000000000E+0000
    0.437499999999999972244E-0001   0.437499999999999910926E-0010  -0.984217357371843851511E-0042   0.139638367127771191299E+0008   0.000000000000000000000E+0000
    0.437499999999999972244E-0001   0.437499999999999910926E-0010  -0.984217357371843851511E-0042   0.139638367127771191299E+0008   0.000000000000000000000E+0000
    0.437499999999999972244E-0001   0.437499999999999975549E-0010  -0.984217357371844170130E-0042   0.139638367127771191299E+0008   0.000000000000000000000E+0000
    0.854166666666667240282E-0001   0.854166666666667335943E-0010  -0.192156722153550549695E-0041   0.139638367127771191299E+0008   0.000000000000000000000E+0000
    0.854166666666667240282E-0001   0.854166666666667335943E-0010  -0.192156722153550549695E-0041   0.139638367127771191299E+0008   0.000000000000000000000E+0000
    0.854166666666667240282E-0001   0.854166666666667335943E-0010  -0.192156722153550549695E-0041   0.139638367127771191299E+0008   0.000000000000000000000E+0000
    0.854166666666667240282E-0001   0.854166666666667335943E-0010  -0.192156722153550549695E-0041   0.139638367127771191299E+0008   0.000000000000000000000E+0000
    0.854166666666667240282E-0001   0.854166666666667335943E-0010  -0.380130070668334318131E-0024   0.139638367081526797265E+0008  -0.585689173443892344144E-0006
    0.854166666666667240282E-0001   0.854166666666666431214E-0010  -0.474574218726180089382E-0024   0.139638367081526797265E+0008  -0.731187188111176133310E-0006
    0.854166666666667240282E-0001   0.854166666666666560461E-0010  -0.612844871172386761297E-0024   0.139638367081526815891E+0008  -0.944191004071211623616E-0006
    0.854166666666667240282E-0001   0.854166666666666560461E-0010  -0.825757824501297168043E-0024   0.139638367081526797265E+0008  -0.127215857166148596832E-0005
    0.854166666666667240282E-0001   0.854166666666666301967E-0010  -0.116855335004111452645E-0023   0.139638367081526797265E+0008  -0.180014644099177842327E-0005
    0.854166666666667240282E-0001   0.854166666666667335943E-0010  -0.174761491121842274347E-0023   0.139638367081526797265E+0008  -0.269194634235478714120E-0005
    0.854166666666667240282E-0001   0.854166666666667335943E-0010  -0.279870062101435547321E-0023   0.139638367081526797265E+0008  -0.431028582822677008824E-0005
    0.854166666666667240282E-0001   0.854166666666667335943E-0010  -0.465052636157553752954E-0023   0.139638367081526797265E+0008  -0.716310307418990733391E-0005
    0.854166666666667240282E-0001   0.854166666666667335943E-0010  -0.103259123964586989611E-0022   0.160361632918473221362E+0008  -0.182221535050695219256E-0004
    0.854166666666667240282E-0001   0.854354040675517313170E-0010  -0.252370121244922160664E-0022   0.160363302023721765727E+0008  -0.445714436078789976044E-0004
    0.854166666666667240282E-0001   0.857575222285401811224E-0010  -0.224717049422672333807E-0022   0.160391751554725654423E+0008  -0.392809871135277750278E-0004
    0.854166666666667240282E-0001   0.860984367513604562002E-0010  -0.631485308693275675391E-0023   0.160421368431933019310E+0008  -0.111635183895538727620E-0004
    0.854166666666667240282E-0001   0.863232811082585869146E-0010  -0.209018436144406047716E-0023   0.160440631492618937045E+0008  -0.376250930932822671759E-0005
    0.854166666666667240282E-0001   0.864464975202931511076E-0010  -0.733856863798180883260E-0024   0.160451098479561991990E+0008  -0.133680448662796823073E-0005
    0.854166666666667240282E-0001   0.864855735141699631671E-0010  -0.129215056178116437710E-0025   0.160454404845046438277E+0008  -0.215567070079755182748E-0007
    0.854166666666667240282E-0001   0.864464975202914062735E-0010   0.707713105866233745597E-0024   0.160451098479561880231E+0008   0.129310156714750086000E-0005
    0.854166666666667240282E-0001   0.863232811082557434812E-0010   0.206340064656321840975E-0023   0.160440631492618639022E+0008   0.371744809809435858484E-0005
    0.854166666666667240282E-0001   0.860984367513563849206E-0010   0.628802661219247086565E-0023   0.160421368431932590902E+0008   0.111178391929828542179E-0004
    0.854166666666667240282E-0001   0.857575222285351792647E-0010   0.224467225126636884246E-0022   0.160391751554725132883E+0008   0.392376368053773885301E-0004
    0.854166666666667240282E-0001   0.854354040675442608421E-0010   0.252147490574631356196E-0022   0.160363302023720927536E+0008   0.445320846535045430058E-0004
    0.854166666666667240282E-0001   0.854166666666667465190E-0010   0.103053764511700863325E-0022   0.160361632918473221362E+0008   0.181857602348992770643E-0004
    0.854166666666667240282E-0001   0.854166666666667335943E-0010   0.402865553962829845115E-0023   0.160361632918473221362E+0008   0.712605497468941598310E-0005
    0.854166666666667240282E-0001   0.854166666666666431214E-0010   0.241313323361577686838E-0023   0.160361632918473221362E+0008   0.426792637636086081605E-0005
    0.854166666666667240282E-0001   0.854166666666666431214E-0010   0.149367396125261365207E-0023   0.160361632918473221362E+0008   0.264216668413766375478E-0005
    0.854166666666667240282E-0001   0.854166666666667465190E-0010   0.985080953400892100262E-0024   0.160361632918473221362E+0008   0.174266398400415878761E-0005
    0.854166666666667240282E-0001   0.854166666666667335943E-0010   0.783767793360264531518E-0024   0.139638367081526797265E+0008   0.120743056984241630573E-0005
    0.854166666666667240282E-0001   0.854166666666667335943E-0010   0.566757208989341551118E-0024   0.139638367081526797265E+0008   0.873157546560098958205E-0006
    0.854166666666667240282E-0001   0.854166666666666431214E-0010   0.425599744654786049381E-0024   0.139638367081526797265E+0008   0.655711625298812105937E-0006
    0.854166666666667240282E-0001   0.854166666666666560461E-0010   0.330655698135718115418E-0024   0.139638367081526797265E+0008   0.509448097823825334381E-0006
    0.854166666666667240282E-0001   0.854166666666666560461E-0010   0.264852368522245281257E-0024   0.139638367081526778638E+0008   0.408072672547778303386E-0006
    0.854166666666667240282E-0001   0.854166666666666560461E-0010   0.217829290577745061841E-0024   0.139638367081526797265E+0008   0.335627420735965599709E-0006
    0.854166666666667240282E-0001   0.854166666666666560461E-0010   0.182913525420680084778E-0024   0.139638367081526797265E+0008   0.281833467145974382307E-0006
    0.854166666666667240282E-0001   0.854166666666666560461E-0010   0.155467989368427654956E-0024   0.139638367081526797265E+0008   0.239547466001635690658E-0006
    0.854166666666667240282E-0001   0.854166666666667335943E-0010  -0.192156722153550549695E-0041   0.139638367127771191299E+0008   0.000000000000000000000E+0000
    0.854166666666667240282E-0001   0.854166666666667335943E-0010  -0.192156722153550549695E-0041   0.139638367127771191299E+0008   0.000000000000000000000E+0000
    0.854166666666667240282E-0001   0.854166666666667335943E-0010  -0.192156722153550549695E-0041   0.139638367127771191299E+0008   0.000000000000000000000E+0000
    0.854166666666667240282E-0001   0.854166666666667335943E-0010  -0.192156722153550613419E-0041   0.139638367127771191299E+0008   0.000000000000000000000E+0000
    0.127083333333333492465E+0000   0.127083333333333437322E-0009  -0.285891708569916714239E-0041   0.139638367127771191299E+0008   0.000000000000000000000E+0000
    0.127083333333333492465E+0000   0.127083333333333437322E-0009  -0.285891708569916714239E-0041   0.139638367127771191299E+0008   0.000000000000000000000E+0000
    0.127083333333333492465E+0000   0.127083333333333437322E-0009  -0.285891708569916714239E-0041   0.139638367127771191299E+0008   0.000000000000000000000E+0000
    0.127083333333333492465E+0000   0.127083333333333437322E-0009  -0.285891708569916714239E-0041   0.139638367127771191299E+0008   0.000000000000000000000E+0000
    0.127083333333333492465E+0000   0.127083333333333437322E-0009  -0.107734266439014621767E-0022   0.139638367081526797265E+0008  -0.907207007537640355475E-0005
    0.127083333333333492465E+0000   0.127083333333333256376E-0009  -0.134468138192536810527E-0022   0.139638367081526797265E+0008  -0.113214423283450811743E-0004
    0.127083333333333492465E+0000   0.127083333333333282226E-0009  -0.173585397926064556499E-0022   0.139638367081526797265E+0008  -0.146115045437426817245E-0004
    0.127083333333333492465E+0000   0.127083333333333282226E-0009  -0.233779347862704194874E-0022   0.139638367081526797265E+0008  -0.196720682894314393384E-0004
    0.127083333333333492465E+0000   0.127083333333333256376E-0009  -0.330603714029117699231E-0022   0.139638367081526797265E+0008  -0.278072493300240747207E-0004
    0.127083333333333492465E+0000   0.127083333333333437322E-0009  -0.493987078493823917285E-0022   0.139638367081526797265E+0008  -0.415249487863624547552E-0004
    0.127083333333333492465E+0000   0.127083333333333437322E-0009  -0.789802425238054704432E-0022   0.139638367081526797265E+0008  -0.663208101585358950287E-0004
    0.127083333333333492465E+0000   0.127083333333333437322E-0009  -0.131376676541758444723E-0021   0.139638367081526797265E+0008  -0.110387740236679446695E-0003
    0.127083333333333492465E+0000   0.127083333333333437322E-0009  -0.285032568368551617658E-0021   0.160361632918473221362E+0008  -0.270941398389549831151E-0003
    0.127083333333333492465E+0000   0.127338943900610405238E-0009  -0.712924052039158429235E-0021   0.160372943186799958348E+0008  -0.679659635857502060496E-0003
    0.127083333333333492465E+0000   0.131968693100852547903E-0009  -0.760048137756832982218E-0021   0.160565724032647162676E+0008  -0.666582545830928505960E-0003
    0.127083333333333492465E+0000   0.137392550353433145732E-0009  -0.315085216776391782235E-0021   0.160766415102433636785E+0008  -0.273458968534881984806E-0003
    0.127083333333333492465E+0000   0.141295459349726756005E-0009  -0.144650439255200637499E-0021   0.160896946229011621326E+0008  -0.124720901234667011850E-0003
    0.127083333333333492465E+0000   0.143552838245183837663E-0009  -0.609658707740082442170E-0022   0.160967873050112929195E+0008  -0.519415789318169242609E-0004
    0.127083333333333492465E+0000   0.144287029068477407879E-0009  -0.515699365347111812630E-0024   0.160990277778497058898E+0008  -0.324543914069994491481E-0006
    0.127083333333333492465E+0000   0.143552838245121928364E-0009   0.599365231435878239744E-0022   0.160967873050110433251E+0008   0.512839214188628503819E-0004
    0.127083333333333492465E+0000   0.141295459349614311141E-0009   0.143639332199840664417E-0021   0.160896946229006741196E+0008   0.124043127411617665288E-0003
    0.127083333333333492465E+0000   0.137392550353283529438E-0009   0.314145041321704517420E-0021   0.160766415102426558733E+0008   0.272770111564803597985E-0003
    0.127083333333333492465E+0000   0.131968693100675117662E-0009   0.759262217991298989608E-0021   0.160565724032637495548E+0008   0.665921728588339924618E-0003
    0.127083333333333492465E+0000   0.127338943900389367069E-0009   0.712288039149758455841E-0021   0.160372943186786416918E+0008   0.679048407125665233128E-0003
    0.127083333333333492465E+0000   0.127083333333333437322E-0009   0.284441713476156649993E-0021   0.160361632918473221362E+0008   0.270364571186157442474E-0003
    0.127083333333333492465E+0000   0.127083333333333437322E-0009   0.113794055117363389112E-0021   0.160361632918473221362E+0008   0.109794681429888142427E-0003
    0.127083333333333492465E+0000   0.127083333333333256376E-0009   0.680844285918226363422E-0022   0.160361632918473221362E+0008   0.656467629606707577840E-0004
    0.127083333333333492465E+0000   0.127083333333333256376E-0009   0.422092855071353402461E-0022   0.160361632918473221362E+0008   0.407400426619534576167E-0004
    0.127083333333333492465E+0000   0.127083333333333437322E-0009   0.278612420300253836095E-0022   0.160361632918473221362E+0008   0.269068173686190836088E-0004
    0.127083333333333492465E+0000   0.127083333333333437322E-0009   0.221822081971358259179E-0022   0.139638367081526797265E+0008   0.186621164619128659446E-0004
    0.127083333333333492465E+0000   0.127083333333333437322E-0009   0.160481134225516025804E-0022   0.139638367081526797265E+0008   0.135057327164084704313E-0004
    0.127083333333333492465E+0000   0.127083333333333256376E-0009   0.120556096083624310146E-0022   0.139638367081526778638E+0008   0.101482072018291841203E-0004
    0.127083333333333492465E+0000   0.127083333333333282226E-0009   0.936890754291361275858E-0023   0.139638367081526797265E+0008   0.788808460646259452609E-0005
    0.127083333333333492465E+0000   0.127083333333333282226E-0009   0.750610827875243813009E-0023   0.139638367081526797265E+0008   0.632065432501720547720E-0005
    0.127083333333333492465E+0000   0.127083333333333282226E-0009   0.617451699369264937813E-0023   0.139638367081526778638E+0008   0.519996162363468135902E-0005
    0.127083333333333492465E+0000   0.127083333333333282226E-0009   0.518547918202955973857E-0023   0.139638367081526797265E+0008   0.436740230142923022133E-0005
    0.127083333333333492465E+0000   0.127083333333333282226E-0009   0.440781110634882035727E-0023   0.139638367081526797265E+0008   0.371264080706576379007E-0005
    0.127083333333333492465E+0000   0.127083333333333437322E-0009  -0.285891708569916714239E-0041   0.139638367127771191299E+0008   0.000000000000000000000E+0000
    0.127083333333333492465E+0000   0.127083333333333437322E-0009  -0.285891708569916714239E-0041   0.139638367127771191299E+0008   0.000000000000000000000E+0000
    0.127083333333333492465E+0000   0.127083333333333437322E-0009  -0.285891708569916714239E-0041   0.139638367127771191299E+0008   0.000000000000000000000E+0000
    0.127083333333333492465E+0000   0.127083333333333437322E-0009  -0.285891708569916746101E-0041   0.139638367127771191299E+0008   0.000000000000000000000E+0000
    0.168750000000000011102E+0000   0.168749999999999960104E-0009  -0.379626694986282623888E-0041   0.139638367127771191299E+0008   0.000000000000000000000E+0000
    0.168750000000000011102E+0000   0.168749999999999960104E-0009  -0.379626694986282623888E-0041   0.139638367127771191299E+0008   0.000000000000000000000E+0000
    0.168750000000000011102E+0000   0.168749999999999960104E-0009  -0.379626694986282623888E-0041   0.139638367127771191299E+0008   0.000000000000000000000E+0000
    0.168750000000000011102E+0000   0.168749999999999960104E-0009  -0.379626694986282623888E-0041   0.139638367127771191299E+0008   0.000000000000000000000E+0000
    0.168750000000000011102E+0000   0.168749999999999960104E-0009  -0.871270607693988542708E-0022   0.139638367081526797265E+0008  -0.520815711371137228351E-0004
    0.168750000000000011102E+0000   0.168749999999999779158E-0009  -0.108684126877483857599E-0021   0.139638367081526797265E+0008  -0.649396725548312539001E-0004
    0.168750000000000011102E+0000   0.168749999999999805007E-0009  -0.140183991423439609963E-0021   0.139638367081526797265E+0008  -0.837095010156053943255E-0004
    0.168750000000000011102E+0000   0.168749999999999805007E-0009  -0.188580489225470373077E-0021   0.139638367081526778638E+0008  -0.112514112329088305760E-0003
    0.168750000000000011102E+0000   0.168749999999999779158E-0009  -0.266260751277681455987E-0021   0.139638367081526797265E+0008  -0.158674573481050034405E-0003
    0.168750000000000011102E+0000   0.168749999999999960104E-0009  -0.397003769000555235905E-0021   0.139638367081526797265E+0008  -0.236217425446847150176E-0003
    0.168750000000000011102E+0000   0.168749999999999960104E-0009  -0.632380928594028499546E-0021   0.139638367081526815891E+0008  -0.375247180441694457541E-0003
    0.168750000000000011102E+0000   0.168750000019305580119E-0009  -0.105375166121139687930E-0020   0.139638367096353527158E+0008  -0.625884673583012663203E-0003
    0.168750000000000011102E+0000   0.168750000544888489914E-0009  -0.217351218418182900721E-0020   0.160361632951390109956E+0008  -0.142977454243015784062E-0002
    0.168750000000000011102E+0000   0.169844556681202904145E-0009  -0.567126891282951049403E-0020   0.160391331570886224508E+0008  -0.371908726862806319688E-0002
    0.168750000000000011102E+0000   0.191937980729819550085E-0009  -0.889441339637367157996E-0020   0.160897537207192778587E+0008  -0.448616627588460051973E-0002
    0.168750000000000011102E+0000   0.223969868092184941015E-0009  -0.739438426922559843974E-0020   0.161424513496374469250E+0008  -0.297656325994840242552E-0002
    0.168750000000000011102E+0000   0.251763177058959557024E-0009  -0.549959916997537455332E-0020   0.161767263188696131110E+0008  -0.184078213146403150968E-0002
    0.168750000000000011102E+0000   0.269861253817229376488E-0009  -0.296266393870068170542E-0020   0.161953503397087920457E+0008  -0.885002649283793581259E-0003
    0.168750000000000011102E+0000   0.276087316681530961993E-0009  -0.874337802263661784447E-0023   0.162012333907904643565E+0008  -0.176366401226214340922E-0005
    0.168750000000000011102E+0000   0.269861253816064085800E-0009   0.294573186196550374657E-0020   0.161953503397071771324E+0008   0.881432166769741381324E-0003
    0.168750000000000011102E+0000   0.251763177056986059179E-0009   0.548444964039190163394E-0020   0.161767263188664335757E+0008   0.183710607788603748868E-0002
    0.168750000000000011102E+0000   0.223969868089948658228E-0009   0.738241878608416332247E-0020   0.161424513496327493340E+0008   0.297280720651796424164E-0002
    0.168750000000000011102E+0000   0.191937980727762636245E-0009   0.888648912508711316401E-0020   0.160897537207128871232E+0008   0.448248442092914756163E-0002
    0.168750000000000011102E+0000   0.169844556679242098352E-0009   0.566603650975522826469E-0020   0.160391331570799909532E+0008   0.371555794216417390949E-0002
    0.168750000000000011102E+0000   0.168750000543498154401E-0009   0.216858179356040174925E-0020   0.160361632951302267611E+0008   0.142631813367820087408E-0002
    0.168750000000000011102E+0000   0.168750000017763198469E-0009   0.912462422308655755706E-0021   0.160361632935525942594E+0008   0.622269270131852814468E-0003
    0.168750000000000011102E+0000   0.168749999999999779158E-0009   0.544877539456928508710E-0021   0.160361632918473221362E+0008   0.371180509101958378427E-0003
    0.168750000000000011102E+0000   0.168749999999999779158E-0009   0.339023073359134747941E-0021   0.160361632918473221362E+0008   0.231558198932586693005E-0003
    0.168750000000000011102E+0000   0.168749999999999960104E-0009   0.224239758566534585863E-0021   0.160361632918473221362E+0008   0.153392940858714476021E-0003
    0.168750000000000011102E+0000   0.168749999999999960104E-0009   0.178811181922537475451E-0021   0.139638367081526797265E+0008   0.106633046716117160790E-0003
    0.168750000000000011102E+0000   0.168749999999999960104E-0009   0.129511508064294482901E-0021   0.139638367081526815891E+0008   0.772985261271710090729E-0004
    0.168750000000000011102E+0000   0.168749999999999779158E-0009   0.973763546490670444316E-0022   0.139638367081526797265E+0008   0.581563730417092411801E-0004
    0.168750000000000011102E+0000   0.168749999999999805007E-0009   0.757267447691314102043E-0022   0.139638367081526797265E+0008   0.452493183494313974072E-0004
    0.168750000000000011102E+0000   0.168749999999999805007E-0009   0.607025960632162656742E-0022   0.139638367081526797265E+0008   0.362862192999536690898E-0004
    0.168750000000000011102E+0000   0.168749999999999805007E-0009   0.499545355099534215195E-0022   0.139638367081526778638E+0008   0.298704779634107020600E-0004
    0.168750000000000011102E+0000   0.168749999999999805007E-0009   0.419656967517022663329E-0022   0.139638367081526815891E+0008   0.250992371978352103896E-0004
    0.168750000000000011102E+0000   0.168749999999999805007E-0009   0.356796664277764508759E-0022   0.139638367081526797265E+0008   0.213429828719199403083E-0004
    0.168750000000000011102E+0000   0.168749999999999960104E-0009  -0.379626694986282623888E-0041   0.139638367127771191299E+0008   0.000000000000000000000E+0000
    0.168750000000000011102E+0000   0.168749999999999960104E-0009  -0.379626694986282623888E-0041   0.139638367127771191299E+0008   0.000000000000000000000E+0000
    0.168750000000000011102E+0000   0.168749999999999960104E-0009  -0.379626694986282623888E-0041   0.139638367127771191299E+0008   0.000000000000000000000E+0000
    0.168750000000000011102E+0000   0.168749999999999960104E-0009  -0.379626694986282751336E-0041   0.139638367127771191299E+0008   0.000000000000000000000E+0000
    0.210416666666666529739E+0000   0.210416666666666482886E-0009  -0.473361681402648565400E-0041   0.139638367127771191299E+0008   0.000000000000000000000E+0000
    0.210416666666666529739E+0000   0.210416666666666482886E-0009  -0.473361681402648565400E-0041   0.139638367127771191299E+0008   0.000000000000000000000E+0000
    0.210416666666666529739E+0000   0.210416666666666482886E-0009  -0.473361681402648565400E-0041   0.139638367127771191299E+0008   0.000000000000000000000E+0000
    0.210416666666666529739E+0000   0.210416666666666482886E-0009  -0.473361681402648565400E-0041   0.139638367127771191299E+0008   0.000000000000000000000E+0000
    0.210416666666666529739E+0000   0.210416666666666482886E-0009  -0.437568649587723038781E-0021   0.139638367081526797265E+0008  -0.218681755405657598026E-0003
    0.210416666666666529739E+0000   0.210416666666666301940E-0009  -0.545318640381096260596E-0021   0.139638367081526797265E+0008  -0.272328799170756710290E-0003
    0.210416666666666529739E+0000   0.210416666666666327789E-0009  -0.702422776380075856234E-0021   0.139638367081526797265E+0008  -0.350413134978103503817E-0003
    0.210416666666666529739E+0000   0.210416666678188953722E-0009  -0.943190740337167189090E-0021   0.139638367096275798976E+0008  -0.469841267991293954406E-0003
    0.210416666666666529739E+0000   0.210416666707465460540E-0009  -0.132832879155812009291E-0020   0.139638367095769401640E+0008  -0.660369192623252803352E-0003
    0.210416666666666529739E+0000   0.210416666739256260377E-0009  -0.197382403649689396094E-0020   0.139638367096197586507E+0008  -0.978612739161257823642E-0003
    0.210416666666666529739E+0000   0.210416666823208500956E-0009  -0.312611546906410389574E-0020   0.139638367110100444406E+0008  -0.154303079602903644649E-0002
    0.210416666666666529739E+0000   0.210416667005235204067E-0009  -0.521479037529711391654E-0020   0.139638367144203241915E+0008  -0.257434084213543521932E-0002
    0.210416666666666529739E+0000   0.210416670441063390427E-0009  -0.100165436822628159228E-0019   0.160361633066796325147E+0008  -0.538111736545917457297E-0002
    0.210416666666666529739E+0000   0.213261559709238251292E-0009  -0.272033191531330597660E-0019   0.160414695573993492872E+0008  -0.141592144473337410576E-0001
    0.210416666666666529739E+0000   0.280111267808302299681E-0009  -0.733079645159649402668E-0019   0.161319131258019804955E+0008  -0.219707568668425327896E-0001
    0.210416666666666529739E+0000   0.410938068024486847687E-0009  -0.134709751419616299818E-0018   0.162260677423629704863E+0008  -0.220682879028416337186E-0001
    0.210416666666666529739E+0000   0.558934746725873879202E-0009  -0.167550053694632929657E-0018   0.162873066384169142693E+0008  -0.176766613028117927642E-0001
    0.210416666666666529739E+0000   0.673141407328876315738E-0009  -0.118272562664925675324E-0018   0.163205820515244212002E+0008  -0.971451382402145451056E-0002
    0.210416666666666529739E+0000   0.715736819010439233265E-0009  -0.126941828938926477042E-0021   0.163310932553550358862E+0008  -0.695112172005956531061E-0005
    0.210416666666666529739E+0000   0.673141407309339550440E-0009   0.118037165245781140357E-0018   0.163205820515167806298E+0008   0.970045868645372059980E-0002
    0.210416666666666529739E+0000   0.558934746696642557126E-0009   0.167365844744978104285E-0018   0.162873066384017486125E+0008   0.176622091346878493101E-0001
    0.210416666666666529739E+0000   0.410938067998279956424E-0009   0.134594648522144852936E-0018   0.162260677423403188586E+0008   0.220534220504327964363E-0001
    0.210416666666666529739E+0000   0.280111267791648930902E-0009   0.732533829594539896605E-0019   0.161319131257712915540E+0008   0.219557930971454456914E-0001
    0.210416666666666529739E+0000   0.213261559698200792638E-0009   0.271763761290303301266E-0019   0.160414695573590453714E+0008   0.141442678930761012168E-0001
    0.210416666666666529739E+0000   0.210416670429622810471E-0009   0.999074734001299741709E-0020   0.160361633066286314279E+0008   0.536588906853355338683E-0002
    0.210416666666666529739E+0000   0.210416667930464119565E-0009   0.451371026781032185912E-0020   0.160361632969583198428E+0008   0.255813359637570032074E-0002
    0.210416666666666529739E+0000   0.210416667216660345588E-0009   0.269169489359326535476E-0020   0.160361632952712140977E+0008   0.152499188427094060569E-0002
    0.210416666666666529739E+0000   0.210416666921216866587E-0009   0.168412365764137446502E-0020   0.160361632934764456004E+0008   0.958291307188684974953E-0003
    0.210416666666666529739E+0000   0.210416666753025534703E-0009   0.111762794928900108111E-0020   0.160361632935054171830E+0008   0.637626097777008139442E-0003
    0.210416666666666529739E+0000   0.210416666670476786980E-0009   0.893430638761729781577E-0021   0.139638367096158340573E+0008   0.444719853197374237214E-0003
    0.210416666666666529739E+0000   0.210416666666666482886E-0009   0.648290213742725694688E-0021   0.139638367081526797265E+0008   0.323163999590533185247E-0003
    0.210416666666666529739E+0000   0.210416666666666301940E-0009   0.488119418640715636174E-0021   0.139638367081526797265E+0008   0.243591487947593794651E-0003
    0.210416666666666529739E+0000   0.210416666666666327789E-0009   0.380013651068800186048E-0021   0.139638367081526797265E+0008   0.189806844895181017806E-0003
    0.210416666666666529739E+0000   0.210416666666666327789E-0009   0.304882070382062191741E-0021   0.139638367081526797265E+0008   0.152384268408407462167E-0003
    0.210416666666666529739E+0000   0.210416666666666327789E-0009   0.251066955141723729831E-0021   0.139638367081526797265E+0008   0.125552829349945700146E-0003
    0.210416666666666529739E+0000   0.210416666666666327789E-0009   0.211020683230167032008E-0021   0.139638367081526815891E+0008   0.105567981383009553190E-0003
    0.210416666666666529739E+0000   0.210416666666666327789E-0009   0.179473574326337210867E-0021   0.139638367081526797265E+0008   0.898101106566986842183E-0004
    0.210416666666666529739E+0000   0.210416666666666482886E-0009  -0.473361681402648565400E-0041   0.139638367127771191299E+0008   0.000000000000000000000E+0000
    0.210416666666666529739E+0000   0.210416666666666482886E-0009  -0.473361681402648565400E-0041   0.139638367127771191299E+0008   0.000000000000000000000E+0000
    0.210416666666666529739E+0000   0.210416666666666482886E-0009  -0.473361681402648565400E-0041   0.139638367127771191299E+0008   0.000000000000000000000E+0000
    0.210416666666666529739E+0000   0.210416666666666482886E-0009  -0.473361681402648692847E-0041   0.139638367127771191299E+0008   0.000000000000000000000E+0000
