  0.2083333333333E-02  0.0000000E+00  0.0000000E+00 -0.0000000E+00 -0.0000000E+00  0.0000000E+00  0.0000000E+00
  0.4166666666667E-02  0.1041667E-11  0.4166667E-16 -0.2037184E-26 -0.8148737E-31 -0.1071865E-27 -0.4287459E-32
  0.6250000000000E-02  0.2083333E-11  0.4166667E-16 -0.4075058E-26 -0.8151498E-31 -0.1901155E-27 -0.3317160E-32
  0.8333333333333E-02  0.3125000E-11  0.4166667E-16 -0.6058452E-26 -0.7933575E-31 -0.2131897E-27 -0.9229673E-33
  0.1041666666667E-01  0.4166667E-11  0.4166667E-16 -0.8180192E-26 -0.8486961E-31 -0.2054983E-27  0.3076558E-33
  0.1250000000000E-01  0.5208333E-11  0.4166667E-16 -0.1019544E-25 -0.8060976E-31 -0.8795799E-28  0.4701611E-32
  0.1458333333333E-01  0.6250000E-11  0.4166667E-16 -0.1185845E-25 -0.6652070E-31 -0.4957991E-27 -0.1631364E-31
  0.1666666666667E-01  0.7291667E-11  0.4166667E-16 -0.1400327E-25 -0.8579257E-31 -0.4788386E-27  0.6784204E-33
  0.1875000000000E-01  0.8333333E-11  0.4166667E-16 -0.1585965E-25 -0.7425548E-31  0.7573065E-28  0.2218277E-31
  0.2083333333333E-01  0.9375000E-11  0.4166667E-16 -0.1799096E-25 -0.8525221E-31 -0.4180963E-28 -0.4701611E-32
  0.2291666666667E-01  0.1041667E-10  0.4166667E-16 -0.1986726E-25 -0.7505223E-31 -0.1356841E-27 -0.3754978E-32
  0.2500000000000E-01  0.1145833E-10  0.4166667E-16 -0.2194000E-25 -0.8290929E-31 -0.8677470E-29  0.5080265E-32
  0.2708333333333E-01  0.1250000E-10  0.4166667E-16 -0.1590024E-21 -0.6359220E-26  0.8354985E-21  0.3341994E-25
  0.2916666666667E-01  0.1354167E-10  0.4166668E-16 -0.1057614E-20 -0.3594449E-25  0.5611489E-20  0.1910397E-24
  0.3125000000000E-01  0.1458333E-10  0.4166672E-16 -0.4555958E-20 -0.1399340E-24  0.2428152E-19  0.7468021E-24
  0.3333333333333E-01  0.1562500E-10  0.4166685E-16 -0.1596289E-19 -0.4562791E-24  0.8518631E-19  0.2436202E-23
  0.3541666666667E-01  0.1666667E-10  0.4166716E-16 -0.4811311E-19 -0.1286024E-23  0.2568454E-18  0.6866441E-23
  0.3750000000000E-01  0.1770834E-10  0.4166786E-16 -0.1283945E-18 -0.3211345E-23  0.6854903E-18  0.1714627E-22
  0.3958333333333E-01  0.1875001E-10  0.4166928E-16 -0.3095379E-18 -0.7246168E-23  0.1652674E-17  0.3868967E-22
  0.4166666666667E-01  0.1979168E-10  0.4167194E-16 -0.6847169E-18 -0.1500897E-22  0.3655885E-17  0.8013808E-22
  0.4375000000000E-01  0.2083336E-10  0.4167658E-16 -0.1407098E-17 -0.2890179E-22  0.7512920E-17  0.1543164E-21
  0.4583333333333E-01  0.2187505E-10  0.4168424E-16 -0.2713535E-17 -0.5227844E-22  0.1448840E-16  0.2791312E-21
  0.4791666666667E-01  0.2291675E-10  0.4169624E-16 -0.4951768E-17 -0.8958967E-22  0.2643894E-16  0.4783437E-21
  0.5000000000000E-01  0.2395848E-10  0.4171422E-16 -0.8609966E-17 -0.1464863E-21  0.4597085E-16  0.7821224E-21
  0.5208333333333E-01  0.2500024E-10  0.4174018E-16 -0.1434758E-16 -0.2298884E-21  0.7660481E-16  0.1227408E-20
  0.5416666666667E-01  0.2604205E-10  0.4177643E-16 -0.2302639E-16 -0.3480188E-21  0.1229414E-15  0.1858088E-20
  0.5625000000000E-01  0.2708393E-10  0.4182562E-16 -0.3574050E-16 -0.5104011E-21  0.1908208E-15  0.2724983E-20
  0.5833333333333E-01  0.2812589E-10  0.4189065E-16 -0.5384448E-16 -0.7278418E-21  0.2874728E-15  0.3885741E-20
  0.6041666666667E-01  0.2916798E-10  0.4197474E-16 -0.7897891E-16 -0.1012405E-20  0.4216523E-15  0.5404696E-20
  0.6250000000000E-01  0.3021021E-10  0.4208132E-16 -0.1130930E-15 -0.1377393E-20  0.6037587E-15  0.7352748E-20
  0.6458333333333E-01  0.3125263E-10  0.4221403E-16 -0.1584639E-15 -0.1837349E-20  0.8459385E-15  0.9807356E-20
  0.6666666666667E-01  0.3229528E-10  0.4237671E-16 -0.2177132E-15 -0.2408085E-20  0.1162170E-14  0.1285267E-19
  0.6875000000000E-01  0.3333821E-10  0.4257333E-16 -0.2938202E-15 -0.3106756E-20  0.1568332E-14  0.1657990E-19
  0.7083333333333E-01  0.3438148E-10  0.4280803E-16 -0.3901328E-15 -0.3951973E-20  0.2082260E-14  0.2108788E-19
  0.7291666666667E-01  0.3542514E-10  0.4308506E-16 -0.5103765E-15 -0.4963975E-20  0.2723788E-14  0.2648394E-19
  0.7500000000000E-01  0.3646926E-10  0.4340883E-16 -0.6586615E-15 -0.6164851E-20  0.3514782E-14  0.3288508E-19
  0.7708333333333E-01  0.3751393E-10  0.4378385E-16 -0.8394890E-15 -0.7578829E-20  0.4479172E-14  0.4041941E-19
  0.7916666666667E-01  0.3855921E-10  0.4421479E-16 -0.1057757E-14 -0.9232626E-20  0.5642970E-14  0.4922796E-19
  0.8125000000000E-01  0.3960520E-10  0.4470648E-16 -0.1318768E-14 -0.1115586E-19  0.7034301E-14  0.5946686E-19
  0.8333333333333E-01  0.4065198E-10  0.4526394E-16 -0.1628233E-14 -0.1338154E-19  0.8683429E-14  0.7130979E-19
  0.8541666666667E-01  0.4169966E-10  0.4589240E-16 -0.1992281E-14 -0.1594663E-19  0.1062278E-13  0.8495096E-19
  0.8750000000000E-01  0.4274835E-10  0.4659732E-16 -0.2417467E-14 -0.1889271E-19  0.1288701E-13  0.1006084E-18
  0.8958333333333E-01  0.4379815E-10  0.4738449E-16 -0.2910787E-14 -0.2226672E-19  0.1551299E-13  0.1185278E-18
  0.9166666666667E-01  0.4484920E-10  0.4826000E-16 -0.3479685E-14 -0.2612177E-19  0.1853995E-13  0.1389870E-18
  0.9375000000000E-01  0.4590160E-10  0.4923038E-16 -0.4132077E-14 -0.3051820E-19  0.2200948E-13  0.1623009E-18
  0.9583333333333E-01  0.4695550E-10  0.5030255E-16 -0.4876362E-14 -0.3552460E-19  0.2596564E-13  0.1888268E-18
  0.9791666666667E-01  0.4801104E-10  0.5148400E-16 -0.5721448E-14 -0.4121915E-19  0.3045505E-13  0.2189715E-18
  0.1000000000000E+00  0.4906837E-10  0.5278275E-16 -0.6676778E-14 -0.4769103E-19  0.3552703E-13  0.2531985E-18
  0.1020833333333E+00  0.5012763E-10  0.5420750E-16 -0.7752355E-14 -0.5504210E-19  0.4123371E-13  0.2920361E-18
  0.1041666666667E+00  0.5118901E-10  0.5576770E-16 -0.8958779E-14 -0.6338885E-19  0.4763016E-13  0.3360876E-18
  0.1062500000000E+00  0.5225267E-10  0.5747361E-16 -0.1030728E-13 -0.7286454E-19  0.5477461E-13  0.3860421E-18
  0.1083333333333E+00  0.5331879E-10  0.5933642E-16 -0.1180974E-13 -0.8362179E-19  0.6272857E-13  0.4426879E-18
  0.1104166666667E+00  0.5438757E-10  0.6136834E-16 -0.1347880E-13 -0.9583548E-19  0.7155710E-13  0.5069262E-18
  0.1125000000000E+00  0.5545921E-10  0.6358278E-16 -0.1532781E-13 -0.1097061E-18  0.8132901E-13  0.5797894E-18
  0.1145833333333E+00  0.5653392E-10  0.6599440E-16 -0.1737097E-13 -0.1254637E-18  0.9211710E-13  0.6624594E-18
  0.1166666666667E+00  0.5761193E-10  0.6861930E-16 -0.1962336E-13 -0.1433725E-18  0.1039985E-12  0.7562912E-18
  0.1187500000000E+00  0.5869348E-10  0.7147517E-16 -0.2210097E-13 -0.1637355E-18  0.1170547E-12  0.8628383E-18
  0.1208333333333E+00  0.5977882E-10  0.7458148E-16 -0.2482083E-13 -0.1869016E-18  0.1313725E-12  0.9838833E-18
  0.1229166666667E+00  0.6086820E-10  0.7795965E-16 -0.2780102E-13 -0.2132713E-18  0.1470437E-12  0.1121472E-17
  0.1250000000000E+00  0.6196192E-10  0.8163335E-16 -0.3106082E-13 -0.2433060E-18  0.1641656E-12  0.1277955E-17
  0.1270833333333E+00  0.6306027E-10  0.8562862E-16 -0.3462074E-13 -0.2775363E-18  0.1828420E-12  0.1456032E-17
  0.1291666666667E+00  0.6416356E-10  0.8997431E-16 -0.3850266E-13 -0.3165738E-18  0.2031828E-12  0.1658809E-17
  0.1312500000000E+00  0.6527212E-10  0.9470222E-16 -0.4272989E-13 -0.3611230E-18  0.2253050E-12  0.1889858E-17
  0.1333333333333E+00  0.6638631E-10  0.9984760E-16 -0.4732732E-13 -0.4119961E-18  0.2493334E-12  0.2153290E-17
  0.1354166666667E+00  0.6750651E-10  0.1054495E-15 -0.5232152E-13 -0.4701305E-18  0.2754006E-12  0.2453839E-17
  0.1375000000000E+00  0.6863309E-10  0.1115511E-15 -0.5774088E-13 -0.5366078E-18  0.3036479E-12  0.2796961E-17
  0.1395833333333E+00  0.6976650E-10  0.1182004E-15 -0.6361574E-13 -0.6126773E-18  0.3342262E-12  0.3188944E-17
  0.1416666666667E+00  0.7090716E-10  0.1254507E-15 -0.6997856E-13 -0.6997823E-18  0.3672962E-12  0.3637041E-17
  0.1437500000000E+00  0.7205557E-10  0.1333613E-15 -0.7686404E-13 -0.7995913E-18  0.4030296E-12  0.4149620E-17
  0.1458333333333E+00  0.7321223E-10  0.1419981E-15 -0.8430936E-13 -0.9140340E-18  0.4416098E-12  0.4736342E-17
  0.1479166666667E+00  0.7437767E-10  0.1514343E-15 -0.9235433E-13 -0.1045343E-17  0.4832326E-12  0.5408364E-17
  0.1500000000000E+00  0.7555246E-10  0.1617519E-15 -0.1010416E-12 -0.1196103E-17  0.5281073E-12  0.6178579E-17
  0.1520833333333E+00  0.7673723E-10  0.1730423E-15 -0.1104168E-12 -0.1369308E-17  0.5764578E-12  0.7061894E-17
  0.1541666666667E+00  0.7793261E-10  0.1854073E-15 -0.1205289E-12 -0.1568425E-17  0.6285236E-12  0.8075538E-17
  0.1562500000000E+00  0.7913931E-10  0.1989613E-15 -0.1314306E-12 -0.1797474E-17  0.6845609E-12  0.9239461E-17
  0.1583333333333E+00  0.8035807E-10  0.2138316E-15 -0.1431782E-12 -0.2061116E-17  0.7448440E-12  0.1057673E-16
  0.1604166666667E+00  0.8158967E-10  0.2301618E-15 -0.1558320E-12 -0.2364759E-17  0.8096668E-12  0.1211409E-16
  0.1625000000000E+00  0.8283496E-10  0.2481120E-15 -0.1694572E-12 -0.2714674E-17  0.8793438E-12  0.1388246E-16
  0.1645833333333E+00  0.8409484E-10  0.2678629E-15 -0.1841233E-12 -0.3118145E-17  0.9542122E-12  0.1591773E-16
  0.1666666666667E+00  0.8537028E-10  0.2896172E-15 -0.1999051E-12 -0.3583627E-17  0.1034633E-11  0.1826144E-16
  0.1687500000000E+00  0.8666230E-10  0.3136031E-15 -0.2168831E-12 -0.4120940E-17  0.1120995E-11  0.2096180E-16
  0.1708333333333E+00  0.8797201E-10  0.3400775E-15 -0.2351436E-12 -0.4741494E-17  0.1213711E-11  0.2407468E-16
  0.1729166666667E+00  0.8930058E-10  0.3693308E-15 -0.2547792E-12 -0.5458551E-17  0.1313228E-11  0.2766491E-16
  0.1750000000000E+00  0.9064927E-10  0.4016902E-15 -0.2758898E-12 -0.6287521E-17  0.1420024E-11  0.3180771E-16
  0.1770833333333E+00  0.9201942E-10  0.4375261E-15 -0.2985823E-12 -0.7246327E-17  0.1534610E-11  0.3659039E-16
  0.1791666666667E+00  0.9341248E-10  0.4772571E-15 -0.3229720E-12 -0.8355803E-17  0.1657536E-11  0.4211426E-16
  0.1812500000000E+00  0.9482998E-10  0.5213580E-15 -0.3491824E-12 -0.9640197E-17  0.1789393E-11  0.4849704E-16
  0.1833333333333E+00  0.9627358E-10  0.5703666E-15 -0.3773466E-12 -0.1112770E-16  0.1930814E-11  0.5587536E-16
  0.1854166666667E+00  0.9774503E-10  0.6248931E-15 -0.4076075E-12 -0.1285112E-16  0.2082477E-11  0.6440790E-16
  0.1875000000000E+00  0.9924624E-10  0.6856316E-15 -0.4401188E-12 -0.1484863E-16  0.2245112E-11  0.7427906E-16
  0.1895833333333E+00  0.1007792E-09  0.7533703E-15 -0.4750458E-12 -0.1716466E-16  0.2419503E-11  0.8570301E-16
  0.1916666666667E+00  0.1023461E-09  0.8290071E-15 -0.5125661E-12 -0.1985091E-16  0.2606488E-11  0.9892863E-16
  0.1937500000000E+00  0.1039493E-09  0.9135647E-15 -0.5528707E-12 -0.2296757E-16  0.2806971E-11  0.1142451E-15
  0.1958333333333E+00  0.1055912E-09  0.1008209E-14 -0.5961648E-12 -0.2658469E-16  0.3021919E-11  0.1319886E-15
  0.1979166666667E+00  0.1072745E-09  0.1114270E-14 -0.6426692E-12 -0.3078383E-16  0.3252372E-11  0.1525496E-15
  0.2000000000000E+00  0.1090020E-09  0.1233267E-14 -0.6926213E-12 -0.3565987E-16  0.3499446E-11  0.1763818E-15
  0.2020833333333E+00  0.1107769E-09  0.1366937E-14 -0.7462760E-12 -0.4132337E-16  0.3764340E-11  0.2040132E-15
  0.2041666666667E+00  0.1126023E-09  0.1517264E-14 -0.8039078E-12 -0.4790288E-16  0.4048338E-11  0.2360565E-15
  0.2062500000000E+00  0.1144818E-09  0.1686521E-14 -0.8658113E-12 -0.5554811E-16  0.4352822E-11  0.2732241E-15
  0.2083333333333E+00  0.1164191E-09  0.1877311E-14 -0.9323034E-12 -0.6443333E-16  0.4679275E-11  0.3163442E-15
  0.2104166666667E+00  0.1184182E-09  0.2092612E-14 -0.1003725E-11 -0.7476119E-16  0.5029285E-11  0.3663785E-15
