  0.2083333333333E-02  0.0000000E+00  0.0000000E+00 -0.0000000E+00 -0.0000000E+00  0.0000000E+00  0.0000000E+00
  0.4166666666667E-02  0.1041667E-11  0.4166667E-16 -0.5820216E-26 -0.2328086E-30 -0.4748943E-27 -0.1899577E-31
  0.6250000000000E-02  0.2083333E-11  0.4166667E-16 -0.1168776E-25 -0.2347019E-30 -0.9399278E-27 -0.1860134E-31
  0.8333333333333E-02  0.3125000E-11  0.4166667E-16 -0.1733285E-25 -0.2258036E-30 -0.1416104E-26 -0.1904705E-31
  0.1041666666667E-01  0.4166667E-11  0.4166667E-16 -0.2340708E-25 -0.2429692E-30 -0.1732733E-26 -0.1266516E-31
  0.1250000000000E-01  0.5208333E-11  0.4166667E-16 -0.2935825E-25 -0.2380467E-30 -0.2133080E-26 -0.1601388E-31
  0.1458333333333E-01  0.6250000E-11  0.4166667E-16 -0.3367489E-25 -0.1726659E-30 -0.2795723E-26 -0.2650573E-31
  0.1666666666667E-01  0.7291667E-11  0.4166667E-16 -0.4045279E-25 -0.2711157E-30 -0.3366267E-26 -0.2282175E-31
  0.1875000000000E-01  0.8333333E-11  0.4166667E-16 -0.4576655E-25 -0.2125507E-30 -0.3166882E-26  0.7975384E-32
  0.2083333333333E-01  0.9375000E-11  0.4166667E-16 -0.5157257E-25 -0.2322407E-30 -0.3615744E-26 -0.1795448E-31
  0.2291666666667E-01  0.1041667E-10  0.4166667E-16 -0.5681061E-25 -0.2095215E-30 -0.4197134E-26 -0.2325562E-31
  0.2500000000000E-01  0.1145833E-10  0.4166667E-16 -0.6232632E-25 -0.2206286E-30 -0.4416043E-26 -0.8756357E-32
  0.2708333333333E-01  0.1250000E-10  0.4166667E-16 -0.1467608E-22 -0.5845503E-27  0.1458021E-21  0.5832260E-26
  0.2916666666667E-01  0.1354167E-10  0.4166668E-16 -0.9926377E-22 -0.3383509E-26  0.9931200E-21  0.3389273E-25
  0.3125000000000E-01  0.1458333E-10  0.4166672E-16 -0.4304370E-21 -0.1324695E-25  0.4319176E-20  0.1330424E-24
  0.3333333333333E-01  0.1562500E-10  0.4166684E-16 -0.1510455E-20 -0.4320089E-25  0.1517134E-19  0.4340885E-24
  0.3541666666667E-01  0.1666667E-10  0.4166715E-16 -0.4554454E-20 -0.1217613E-24  0.4575798E-19  0.1223479E-23
  0.3750000000000E-01  0.1770833E-10  0.4166783E-16 -0.1215553E-19 -0.3040513E-24  0.1221350E-18  0.3055163E-23
  0.3958333333333E-01  0.1875000E-10  0.4166921E-16 -0.2930616E-19 -0.6860662E-24  0.2944712E-18  0.6893862E-23
  0.4166666666667E-01  0.1979167E-10  0.4167181E-16 -0.6482790E-19 -0.1421041E-23  0.6514110E-18  0.1427931E-22
  0.4375000000000E-01  0.2083334E-10  0.4167633E-16 -0.1332223E-18 -0.2736395E-23  0.1338671E-17  0.2749662E-22
  0.4583333333333E-01  0.2187502E-10  0.4168378E-16 -0.2569138E-18 -0.4949643E-23  0.2581582E-17  0.4973636E-22
  0.4791666666667E-01  0.2291671E-10  0.4169545E-16 -0.4688229E-18 -0.8482076E-23  0.4710940E-17  0.8523175E-22
  0.5000000000000E-01  0.2395840E-10  0.4171293E-16 -0.8151627E-18 -0.1386859E-22  0.8191111E-17  0.1393576E-21
  0.5208333333333E-01  0.2500011E-10  0.4173816E-16 -0.1358357E-17 -0.2176412E-22  0.1364934E-16  0.2186945E-21
  0.5416666666667E-01  0.2604185E-10  0.4177337E-16 -0.2179972E-17 -0.3294663E-22  0.2190522E-16  0.3310591E-21
  0.5625000000000E-01  0.2708361E-10  0.4182112E-16 -0.3383545E-17 -0.4831675E-22  0.3399905E-16  0.4855003E-21
  0.5833333333333E-01  0.2812542E-10  0.4188425E-16 -0.5097228E-17 -0.6889590E-22  0.5121847E-16  0.6922794E-21
  0.6041666666667E-01  0.2916728E-10  0.4196583E-16 -0.7476186E-17 -0.9582353E-22  0.7512244E-16  0.9628424E-21
  0.6250000000000E-01  0.3020922E-10  0.4206921E-16 -0.1070470E-16 -0.1303547E-21  0.1075623E-15  0.1309796E-20
  0.6458333333333E-01  0.3125124E-10  0.4219787E-16 -0.1499794E-16 -0.1738599E-21  0.1506997E-15  0.1746901E-20
  0.6666666666667E-01  0.3229337E-10  0.4235553E-16 -0.2060346E-16 -0.2278267E-21  0.2070214E-15  0.2289095E-20
  0.6875000000000E-01  0.3333563E-10  0.4254602E-16 -0.2780237E-16 -0.2938658E-21  0.2793507E-15  0.2952545E-20
  0.7083333333333E-01  0.3437805E-10  0.4277329E-16 -0.3691023E-16 -0.3737208E-21  0.3708568E-15  0.3754750E-20
  0.7291666666667E-01  0.3542065E-10  0.4304145E-16 -0.4827781E-16 -0.4692832E-21  0.4850618E-15  0.4714680E-20
  0.7500000000000E-01  0.3646347E-10  0.4335469E-16 -0.6229153E-16 -0.5826113E-21  0.6258452E-15  0.5852980E-20
  0.7708333333333E-01  0.3750655E-10  0.4371732E-16 -0.7937393E-16 -0.7159562E-21  0.7974483E-15  0.7192213E-20
  0.7916666666667E-01  0.3854992E-10  0.4413379E-16 -0.9998396E-16 -0.8717922E-21  0.1004476E-14  0.8757171E-20
  0.8125000000000E-01  0.3959362E-10  0.4460867E-16 -0.1246173E-15 -0.1052854E-20  0.1251903E-14  0.1057524E-19
  0.8333333333333E-01  0.4063769E-10  0.4514670E-16 -0.1538068E-15 -0.1262178E-20  0.1545070E-14  0.1267683E-19
  0.8541666666667E-01  0.4168218E-10  0.4575278E-16 -0.1881225E-15 -0.1503155E-20  0.1889696E-14  0.1509587E-19
  0.8750000000000E-01  0.4272715E-10  0.4643204E-16 -0.2281726E-15 -0.1779587E-20  0.2291874E-14  0.1787037E-19
  0.8958333333333E-01  0.4377264E-10  0.4718987E-16 -0.2746040E-15 -0.2095749E-20  0.2758085E-14  0.2104311E-19
  0.9166666666667E-01  0.4481872E-10  0.4803193E-16 -0.3281027E-15 -0.2456468E-20  0.3295198E-14  0.2466230E-19
  0.9375000000000E-01  0.4586543E-10  0.4896421E-16 -0.3893953E-15 -0.2867206E-20  0.3910486E-14  0.2878254E-19
  0.9583333333333E-01  0.4691285E-10  0.4999309E-16 -0.4592500E-15 -0.3334156E-20  0.4611633E-14  0.3346566E-19
  0.9791666666667E-01  0.4796104E-10  0.5112539E-16 -0.5384781E-15 -0.3864355E-20  0.5406750E-14  0.3878190E-19
  0.1000000000000E+00  0.4901006E-10  0.5236841E-16 -0.6279355E-15 -0.4465804E-20  0.6304390E-14  0.4481110E-19
  0.1020833333333E+00  0.5006000E-10  0.5373001E-16 -0.7285251E-15 -0.5147615E-20  0.7313569E-14  0.5164418E-19
  0.1041666666667E+00  0.5111093E-10  0.5521867E-16 -0.8411985E-15 -0.5920177E-20  0.8443785E-14  0.5938469E-19
  0.1062500000000E+00  0.5216293E-10  0.5684357E-16 -0.9669591E-15 -0.6795339E-20  0.9705044E-14  0.6815074E-19
  0.1083333333333E+00  0.5321608E-10  0.5861466E-16 -0.1106865E-14 -0.7786627E-20  0.1110789E-13  0.7807709E-19
  0.1104166666667E+00  0.5427048E-10  0.6054273E-16 -0.1262031E-14 -0.8909492E-20  0.1266343E-13  0.8931762E-19
  0.1125000000000E+00  0.5532622E-10  0.6263956E-16 -0.1433634E-14 -0.1018159E-19  0.1438337E-13  0.1020481E-18
  0.1145833333333E+00  0.5638341E-10  0.6491796E-16 -0.1622915E-14 -0.1162313E-19  0.1628007E-13  0.1164696E-18
  0.1166666666667E+00  0.5744214E-10  0.6739192E-16 -0.1831187E-14 -0.1325721E-19  0.1836654E-13  0.1328118E-18
  0.1187500000000E+00  0.5850252E-10  0.7007669E-16 -0.2059832E-14 -0.1511029E-19  0.2065656E-13  0.1513379E-18
  0.1208333333333E+00  0.5956468E-10  0.7298898E-16 -0.2310317E-14 -0.1721266E-19  0.2316464E-13  0.1723489E-18
  0.1229166666667E+00  0.6062874E-10  0.7614703E-16 -0.2584189E-14 -0.1959905E-19  0.2590614E-13  0.1961897E-18
  0.1250000000000E+00  0.6169482E-10  0.7957085E-16 -0.2883087E-14 -0.2230928E-19  0.2889730E-13  0.2232557E-18
  0.1270833333333E+00  0.6276308E-10  0.8328232E-16 -0.3208749E-14 -0.2538901E-19  0.3215533E-13  0.2540001E-18
  0.1291666666667E+00  0.6383364E-10  0.8730549E-16 -0.3563014E-14 -0.2889066E-19  0.3569843E-13  0.2889430E-18
  0.1312500000000E+00  0.6490667E-10  0.9166667E-16 -0.3947835E-14 -0.3287443E-19  0.3954590E-13  0.3286812E-18
  0.1333333333333E+00  0.6598233E-10  0.9639479E-16 -0.4365284E-14 -0.3740947E-19  0.4371822E-13  0.3739001E-18
  0.1354166666667E+00  0.6706080E-10  0.1015216E-15 -0.4817562E-14 -0.4257527E-19  0.4823712E-13  0.4253872E-18
  0.1375000000000E+00  0.6814225E-10  0.1070821E-15 -0.5307007E-14 -0.4846327E-19  0.5312566E-13  0.4840479E-18
  0.1395833333333E+00  0.6922689E-10  0.1131146E-15 -0.5836105E-14 -0.5517864E-19  0.5840837E-13  0.5509231E-18
  0.1416666666667E+00  0.7031492E-10  0.1196614E-15 -0.6407505E-14 -0.6284247E-19  0.6411132E-13  0.6272108E-18
  0.1437500000000E+00  0.7140656E-10  0.1267690E-15 -0.7024021E-14 -0.7159424E-19  0.7026226E-13  0.7142901E-18
  0.1458333333333E+00  0.7250204E-10  0.1344887E-15 -0.7688655E-14 -0.8159462E-19  0.7689070E-13  0.8137489E-18
  0.1479166666667E+00  0.7360163E-10  0.1428772E-15 -0.8404605E-14 -0.9302886E-19  0.8402810E-13  0.9274172E-18
  0.1500000000000E+00  0.7470557E-10  0.1519967E-15 -0.9175281E-14 -0.1061106E-18  0.9170798E-13  0.1057404E-17
  0.1520833333333E+00  0.7581416E-10  0.1619163E-15 -0.1000432E-13 -0.1210863E-18  0.9996604E-13  0.1206142E-17
  0.1541666666667E+00  0.7692769E-10  0.1727122E-15 -0.1089560E-13 -0.1382403E-18  0.1088404E-12  0.1376437E-17
  0.1562500000000E+00  0.7804650E-10  0.1844688E-15 -0.1185327E-13 -0.1579015E-18  0.1183717E-12  0.1571529E-17
  0.1583333333333E+00  0.7917091E-10  0.1972792E-15 -0.1288176E-13 -0.1804489E-18  0.1286034E-12  0.1795156E-17
  0.1604166666667E+00  0.8030130E-10  0.2112471E-15 -0.1398579E-13 -0.2063213E-18  0.1395818E-12  0.2051638E-17
  0.1625000000000E+00  0.8143805E-10  0.2264870E-15 -0.1517042E-13 -0.2360255E-18  0.1513563E-12  0.2345964E-17
  0.1645833333333E+00  0.8258159E-10  0.2431265E-15 -0.1644105E-13 -0.2701477E-18  0.1639800E-12  0.2683904E-17
  0.1666666666667E+00  0.8373235E-10  0.2613069E-15 -0.1780346E-13 -0.3093660E-18  0.1775092E-12  0.3072125E-17
  0.1687500000000E+00  0.8489082E-10  0.2811856E-15 -0.1926383E-13 -0.3544650E-18  0.1920045E-12  0.3518343E-17
  0.1708333333333E+00  0.8605749E-10  0.3029378E-15 -0.2082878E-13 -0.4063526E-18  0.2075306E-12  0.4031477E-17
  0.1729166666667E+00  0.8723292E-10  0.3267588E-15 -0.2250538E-13 -0.4660807E-18  0.2241565E-12  0.4621857E-17
  0.1750000000000E+00  0.8841768E-10  0.3528662E-15 -0.2430121E-13 -0.5348666E-18  0.2419562E-12  0.5301434E-17
  0.1770833333333E+00  0.8961239E-10  0.3815034E-15 -0.2622439E-13 -0.6141211E-18  0.2610090E-12  0.6084049E-17
  0.1791666666667E+00  0.9081772E-10  0.4129417E-15 -0.2828359E-13 -0.7054779E-18  0.2813995E-12  0.6985726E-17
  0.1812500000000E+00  0.9203438E-10  0.4474858E-15 -0.3048814E-13 -0.8108317E-18  0.3032185E-12  0.8025034E-17
  0.1833333333333E+00  0.9326311E-10  0.4854761E-15 -0.3284798E-13 -0.9323774E-18  0.3265631E-12  0.9223481E-17
  0.1854166666667E+00  0.9450475E-10  0.5272941E-15 -0.3537381E-13 -0.1072659E-17  0.3515373E-12  0.1060598E-16
  0.1875000000000E+00  0.9576015E-10  0.5733689E-15 -0.3807705E-13 -0.1234629E-17  0.3782526E-12  0.1220143E-16
  0.1895833333333E+00  0.9703025E-10  0.6241820E-15 -0.4096997E-13 -0.1421707E-17  0.4068282E-12  0.1404329E-16
  0.1916666666667E+00  0.9831604E-10  0.6802751E-15 -0.4406570E-13 -0.1637863E-17  0.4373919E-12  0.1617039E-16
  0.1937500000000E+00  0.9961859E-10  0.7422586E-15 -0.4737832E-13 -0.1887699E-17  0.4700807E-12  0.1862771E-16
  0.1958333333333E+00  0.1009390E-09  0.8108200E-15 -0.5092292E-13 -0.2176554E-17  0.5050411E-12  0.2146742E-16
  0.1979166666667E+00  0.1022786E-09  0.8867354E-15 -0.5471566E-13 -0.2510624E-17  0.5424304E-12  0.2475003E-16
  0.2000000000000E+00  0.1036386E-09  0.9708801E-15 -0.5877388E-13 -0.2897090E-17  0.5824169E-12  0.2854566E-16
  0.2020833333333E+00  0.1050204E-09  0.1064247E-14 -0.6311615E-13 -0.3344295E-17  0.6251811E-12  0.3293569E-16
  0.2041666666667E+00  0.1064256E-09  0.1167956E-14 -0.6776239E-13 -0.3861903E-17  0.6709160E-12  0.3801441E-16
  0.2062500000000E+00  0.1078557E-09  0.1283277E-14 -0.7273394E-13 -0.4461136E-17  0.7198290E-12  0.4389123E-16
  0.2083333333333E+00  0.1093125E-09  0.1411651E-14 -0.7805366E-13 -0.5155013E-17  0.7721418E-12  0.5069303E-16
  0.2104166666667E+00  0.1107977E-09  0.1554712E-14 -0.8374609E-13 -0.5958625E-17  0.8280921E-12  0.5856681E-16
