   0.650000000000000022204E-0001   0.650076626562112701491E-0010  -0.674855428576559532208E-0016   0.100023003476795393780E-0008   0.207647824177402954226E-0014   0.132732911885442188549E+0002  -0.268784623702363627458E-0004  -0.250000000000000000000E+0002   0.814612803567819199202E+0001
   0.983333333333333281523E-0001   0.983505843609262784323E-0010  -0.151912275023538299821E-0015   0.100034653811865778578E-0008   0.304013451403001814490E-0014   0.132734076582837872138E+0002  -0.404865670053123968418E-0004  -0.250000000000000000000E+0002   0.814612803567815646488E+0001
   0.131666666666666654084E+0000   0.131697431760063143673E-0009  -0.270903959507837817423E-0015   0.100046428815596084167E-0008   0.408824262913437096277E-0014   0.132735253605540339805E+0002  -0.542376235265027307336E-0004  -0.250000000000000000000E+0002   0.814612803567810850325E+0001
   0.164999999999999980016E+0000   0.165048203981127084441E-0009  -0.424454500826217169632E-0015   0.100058204113992194903E-0008   0.512498473456629121727E-0014   0.132736430519027628350E+0002  -0.679869656971057462896E-0004  -0.250000000000000000000E+0002   0.814612803567804810712E+0001
   0.198333333333333305948E+0000   0.198402901561531011610E-0009  -0.612571705277401853737E-0015   0.100069982252717045656E-0008   0.616209884515899717841E-0014   0.132737607577709990636E+0002  -0.817381167878841144881E-0004  -0.250000000000000000000E+0002   0.814612803567797527649E+0001
   0.231666666666666631880E+0000   0.231761525858964514871E-0009  -0.835271925512829117387E-0015   0.100081765616507030690E-0008   0.719983201661507567462E-0014   0.132738785019798388731E+0002  -0.954943627193903619033E-0004  -0.250000000000000000000E+0002   0.814612803567789001136E+0001
   0.264999999999999957812E+0000   0.265124079000498628716E-0009  -0.109257950124864669677E-0014   0.100093556444640322475E-0008   0.823841544050129536856E-0014   0.132739963068859161410E+0002  -0.109258775029383013743E-0003  -0.250000000000000000000E+0002   0.814612803567779408809E+0001
   0.298333333333333283743E+0000   0.298490563836517585031E-0009  -0.138452625365518751916E-0014   0.100105356844571972153E-0008   0.927806594914933228555E-0014   0.132741141935184661094E+0002  -0.123034231223229231300E-0003  -0.250000000000000000000E+0002   0.814612803567768573032E+0001
   0.331666666666666609675E+0000   0.331860983898923935836E-0009  -0.171115102737739486350E-0014   0.100117168804052953363E-0008   0.103189873531769335275E-0013   0.132742321817011248442E+0002  -0.136823432847106140481E-0003  -0.250000000000000000000E+0002   0.814612803567756493806E+0001
   0.364999999999999935607E+0000   0.365235343363149378924E-0009  -0.207249927493625903769E-0014   0.100128994201932045038E-0008   0.113613716340573411568E-0013   0.132743502901605197053E+0002  -0.150628921583407360653E-0003  -0.250000000000000000000E+0002   0.814612803567742993494E+0001
   0.398333333333333261539E+0000   0.398613647013560100092E-0009  -0.246862267892452835463E-0014   0.100140834817807167986E-0008   0.124054000091705924176E-0013   0.132744685366232619828E+0002  -0.164453093622250908195E-0003  -0.250000000000000000000E+0002   0.814612803567728427367E+0001
   0.431666666666666587471E+0000   0.431995900211889131120E-0009  -0.289957880785583729783E-0014   0.100152692340621797376E-0008   0.134512438771310980017E-0013   0.132745869379023506696E+0002  -0.178298212443689070919E-0003  -0.250000000000000000000E+0002   0.814612803567712795427E+0001
   0.464999999999999913403E+0000   0.465382108868384651898E-0009  -0.336543080216426730066E-0014   0.100164568376411757324E-0008   0.144990656716819847042E-0013   0.132747055099750017604E+0002  -0.192166420324766572475E-0003  -0.250000000000000000000E+0002   0.814612803567695742402E+0001
   0.498333333333333239334E+0000   0.498772279415396665903E-0009  -0.386624708726788023548E-0014   0.100176464455243446436E-0008   0.155490196255858014480E-0013   0.132748242680524111137E+0002  -0.206059748636031259605E-0003  -0.250000000000000000000E+0002   0.814612803567677445926E+0001
   0.531666666666666620777E+0000   0.532166418783153429546E-0009  -0.440210111089826889060E-0014   0.100188382037464593544E-0008   0.166012524570764421108E-0013   0.132749432266425522187E+0002  -0.219980127100217603010E-0003  -0.250000000000000000000E+0002   0.814612803567657906001E+0001
   0.564999999999999946709E+0000   0.565564534377512671844E-0009  -0.497307110227450604980E-0014   0.100200322519341721053E-0008   0.176559039885280909423E-0013   0.132750623996068277677E+0002  -0.233929392130235308533E-0003  -0.250000000000000000000E+0002   0.814612803567637300262E+0001
   0.598333333333333272641E+0000   0.598966634059496215484E-0009  -0.557923985097056351964E-0014   0.100212287238154874414E-0008   0.187131077048364262427E-0013   0.132751818002112589312E+0002  -0.247909294352183836446E-0003  -0.250000000000000000000E+0002   0.814612803567615273437E+0001
   0.631666666666666598573E+0000   0.632372726126436152518E-0009  -0.622069450357029816935E-0014   0.100224277476807995983E-0008   0.197729912583208417519E-0013   0.132753014411728127442E+0002  -0.261921505405660710528E-0003  -0.250000000000000000000E+0002   0.814612803567592180798E+0001
   0.664999999999999924505E+0000   0.665782819294583475385E-0009  -0.689752637641835666966E-0014   0.100236294468017436772E-0008   0.208356769261088046859E-0013   0.132754213347014751179E+0002  -0.275967624102050322100E-0003  -0.250000000000000000000E+0002   0.814612803567567667073E+0001
   0.698333333333333250437E+0000   0.699196922683044022616E-0009  -0.760983078296270665980E-0014   0.100248339398111031567E-0008   0.219012820252178159434E-0013   0.132755414925384584990E+0002  -0.290049182011441794137E-0003  -0.250000000000000000000E+0002   0.814612803567542087535E+0001
   0.731666666666666576369E+0000   0.732615045798922108242E-0009  -0.835770687434881154332E-0014   0.100260413410497480532E-0008   0.229699192899166734651E-0013   0.132756619259909918185E+0002  -0.304167648540147465049E-0003  -0.250000000000000000000E+0002   0.814612803567515086911E+0001
   0.764999999999999902300E+0000   0.766037198523565645575E-0009  -0.914125749206967935302E-0014   0.100272517608821112668E-0008   0.240416972153873392507E-0013   0.132757826459640604355E+0002  -0.318324435553277726788E-0003  -0.250000000000000000000E+0002   0.814612803567486842837E+0001
   0.798333333333333228232E+0000   0.799463391099815881855E-0009  -0.996058903160285864793E-0014   0.100284653059851579242E-0008   0.251167203712334439333E-0013   0.132759036629894175974E+0002  -0.332520901590287827534E-0003  -0.250000000000000000000E+0002   0.814612803567457532949E+0001
   0.831666666666666554164E+0000   0.832893634120176544135E-0009  -0.108158113160772012861E-0013   0.100296820796127336915E-0008   0.261950896879563645995E-0013   0.132760249872521232106E+0002  -0.346758355715739052978E-0003  -0.250000000000000000000E+0002   0.814612803567426801976E+0001
   0.864999999999999880096E+0000   0.866327938515825572028E-0009  -0.117070374791107816640E-0013   0.100309021818379452366E-0008   0.272769027191604002063E-0013   0.132761466286148905880E+0002  -0.361038061042579785584E-0003  -0.250000000000000000000E+0002   0.814612803567394827553E+0001
   0.898333333333333206028E+0000   0.899766315546398506563E-0009  -0.126343838560196020372E-0013   0.100321257097749418275E-0008   0.283622538801923146424E-0013   0.132762685966403779503E+0002  -0.375361237949734677117E-0003  -0.250000000000000000000E+0002   0.814612803567361609680E+0001
   0.931666666666666531960E+0000   0.933208776790488631042E-0009  -0.135979698828221684051E-0013   0.100333527577861178718E-0008   0.294512346751276245495E-0013   0.132763909006119380507E+0002  -0.389729067080441091055E-0003  -0.250000000000000000000E+0002   0.814612803567327148357E+0001
   0.964999999999999857891E+0000   0.966655334136792622968E-0009  -0.145979180022139522604E-0013   0.100345834176677736051E-0008   0.305439338905211390653E-0013   0.132765135495523214360E+0002  -0.404142692024805157049E-0003  -0.250000000000000000000E+0002   0.814612803567291443585E+0001
   0.998333333333333183823E+0000   0.100010599977586749244E-0008  -0.156343535761346390248E-0013   0.100358177788265940750E-0008   0.316404377901944288277E-0013   0.132766365522413405387E+0002  -0.418603221857241267721E-0003  -0.250000000000000000000E+0002   0.814612803567254317727E+0001
   0.103166666666666650976E+0001   0.103356078619243914665E-0008  -0.167074048042917370141E-0013   0.100370559284391419704E-0008   0.327408302825918718455E-0013   0.132767599172318977452E+0002  -0.433111733431160010090E-0003  -0.250000000000000000000E+0002   0.814612803567216126055E+0001
   0.106499999999999994671E+0001   0.106701970615822897617E-0008  -0.178172026482408563553E-0013   0.100382979516011161596E-0008   0.338451930823392722248E-0013   0.132768836528649583073E+0002  -0.447669273519782384176E-0003  -0.250000000000000000000E+0002   0.814612803567176513297E+0001
   0.109833333333333338366E+0001   0.110048277272525575998E-0008  -0.189638807605859570799E-0013   0.100395439314653357560E-0008   0.349536058570516508690E-0013   0.132770077672834077021E+0002  -0.462276860789828051429E-0003  -0.250000000000000000000E+0002   0.814612803567135479454E+0001
   0.113166666666666682062E+0001   0.113394999921958218002E-0008  -0.201475754189182594325E-0013   0.100407939493698641914E-0008   0.360661463637560925709E-0013   0.132771322684448627172E+0002  -0.476935487628755408387E-0003  -0.250000000000000000000E+0002   0.814612803567093379797E+0001
   0.116500000000000025757E+0001   0.116742139923547016978E-0008  -0.213684254641523342831E-0013   0.100420480849563849651E-0008   0.371828905757458933384E-0013   0.132772571641335819237E+0002  -0.491646121838225803186E-0003  -0.250000000000000000000E+0002   0.814612803567049859055E+0001
   0.119833333333333369453E+0001   0.120089698662991986790E-0008  -0.226265722429031587719E-0013   0.100433064162825120919E-0008   0.383039127980577305033E-0013   0.132773824619717135676E+0002  -0.506409708203615417134E-0003  -0.250000000000000000000E+0002   0.814612803567005094862E+0001
   0.123166666666666713148E+0001   0.123437677551756612056E-0008  -0.239221595537217525417E-0013   0.100445690199231900374E-0008   0.394292857812453602789E-0013   0.132775081694294438961E+0002  -0.521227169968766792206E-0003  -0.250000000000000000000E+0002   0.814612803566959087220E+0001
   0.126500000000000056843E+0001   0.126786078026590254748E-0008  -0.252553335967965008091E-0013   0.100458359710675358881E-0008   0.405590808186470508983E-0013   0.132776342938347298173E+0002  -0.536099410178030272127E-0003  -0.250000000000000000000E+0002   0.814612803566911658493E+0001
   0.129833333333333400539E+0001   0.130134901549081642089E-0008  -0.266262429269443997523E-0013   0.100471073436085470892E-0008   0.416933678430326429150E-0013   0.132777608423822517381E+0002  -0.551027312951926141228E-0003  -0.250000000000000000000E+0002   0.814612803566862808680E+0001
   0.133166666666666744234E+0001   0.133484149605241491903E-0008  -0.280350384096736434810E-0013   0.100483832102272484598E-0008   0.428322155150615264870E-0013   0.132778878221418672467E+0002  -0.566011744668813211213E-0003  -0.250000000000000000000E+0002   0.814612803566812893052E+0001
   0.136500000000000087930E+0001   0.136833823705111876566E-0008  -0.294818731801048346675E-0013   0.100496636424709207318E-0008   0.439756913059986074182E-0013   0.132780152400664253065E+0002  -0.581053555068130667995E-0003  -0.250000000000000000000E+0002   0.814612803566761556340E+0001
   0.139833333333333431625E+0001   0.140183925382401043447E-0008  -0.309669026045641743493E-0013   0.100509487108272117967E-0008   0.451238615750784704236E-0013   0.132781431029991985326E+0002  -0.596153578282460636442E-0003  -0.250000000000000000000E+0002   0.814612803566708798542E+0001
   0.143166666666666775320E+0001   0.143534456194142285621E-0008  -0.324902842446792529995E-0013   0.100522384847928816186E-0008   0.462767916420176123771E-0013   0.132782714176807470352E+0002  -0.611312633803608911423E-0003  -0.250000000000000000000E+0002   0.814612803566654797294E+0001
   0.146500000000000119016E+0001   0.146885417720374484723E-0008  -0.340521778238204153697E-0013   0.100535330329387917466E-0008   0.474345458550152620834E-0013   0.132784001907554145561E+0002  -0.626531527387905315049E-0003  -0.250000000000000000000E+0002   0.814612803566599374960E+0001
   0.149833333333333462711E+0001   0.150236811563844325917E-0008  -0.356527451957427411798E-0013   0.100548324229708313030E-0008   0.485971876545986827499E-0013   0.132785294287774302546E+0002  -0.641811051905279280824E-0003  -0.250000000000000000000E+0002   0.814612803566542709177E+0001
   0.153166666666666806407E+0001   0.153588639349727496681E-0008  -0.372921503152948192925E-0013   0.100561367217875011618E-0008   0.497647796336191992719E-0013   0.132786591382166587749E+0002  -0.657151988137754045419E-0003  -0.250000000000000000000E+0002   0.814612803566484622309E+0001
   0.156500000000000150102E+0001   0.156940902725369117524E-0008  -0.389705592110738247552E-0013   0.100574459955335400675E-0008   0.509373835937874485513E-0013   0.132787893254639381979E+0002  -0.672555105524596900934E-0003  -0.250000000000000000000E+0002   0.814612803566425291990E+0001
   0.159833333333333493798E+0001   0.160293603360041088556E-0008  -0.406881399598990906240E-0013   0.100587603096520576936E-0008   0.521150605985255329115E-0013   0.132789199968363007542E+0002  -0.688021162882748987116E-0003  -0.250000000000000000000E+0002   0.814612803566364540586E+0001
   0.163166666666666837493E+0001   0.163646742944716600052E-0008  -0.424450626630472314311E-0013   0.100600797289308795040E-0008   0.532978710242081428393E-0013   0.132790511585816002338E+0002  -0.703550909048037201310E-0003  -0.250000000000000000000E+0002   0.814612803566302368097E+0001
   0.166500000000000181188E+0001   0.167000323191859346153E-0008  -0.442414994240560522475E-0013   0.100614043175493444961E-0008   0.544858746057984885178E-0013   0.132791828168831500534E+0002  -0.719145083528245003361E-0003  -0.250000000000000000000E+0002   0.814612803566238952158E+0001
   0.169833333333333524884E+0001   0.170354345835228186165E-0008  -0.460776243281303944298E-0013   0.100627341391213247972E-0008   0.556791304835097063606E-0013   0.132793149778640344749E+0002  -0.734804417069264141811E-0003  -0.250000000000000000000E+0002   0.814612803566173937497E+0001
   0.173166666666666868579E+0001   0.173708812629695640452E-0008  -0.479536134229377586449E-0013   0.100640692567353315154E-0008   0.568776972432804222233E-0013   0.132794476475910823154E+0002  -0.750529632234216040158E-0003  -0.250000000000000000000E+0002   0.814612803566107679387E+0001
   0.176500000000000212275E+0001   0.177063725351079290347E-0008  -0.498696447008285791346E-0013   0.100654097329931254638E-0008   0.580816329583156491796E-0013   0.132795808320787376289E+0002  -0.766321443925744509411E-0003  -0.250000000000000000000E+0002   0.814612803566040177827E+0001
   0.179833333333333555970E+0001   0.180419085795985937327E-0008  -0.518258980823433699307E-0013   0.100667556300469754424E-0008   0.592909952266222156525E-0013   0.132797145372927083429E+0002  -0.782180559887117403915E-0003  -0.250000000000000000000E+0002   0.814612803565971077546E+0001
   0.183166666666666899665E+0001   0.183774895781667570187E-0008  -0.538225554009568239023E-0013   0.100681070096341351262E-0008   0.605058412071063904157E-0013   0.132798487691534656818E+0002  -0.798107681173880045139E-0003  -0.250000000000000000000E+0002   0.814612803565900733815E+0001
   0.186500000000000243361E+0001   0.187131157145888767987E-0008  -0.558598003889883089153E-0013   0.100694639331095497871E-0008   0.617262276536375843675E-0013   0.132799835335394131874E+0002  -0.814103502611887163039E-0003  -0.250000000000000000000E+0002   0.814612803565828791363E+0001
   0.189833333333333587056E+0001   0.190487871746804670235E-0008  -0.579378186646470993838E-0013   0.100708264614776096889E-0008   0.629522109482043132172E-0013   0.132801188362900877138E+0002  -0.830168713217196291287E-0003  -0.250000000000000000000E+0002   0.814612803565755605462E+0001
   0.193166666666666930752E+0001   0.193845041462849121386E-0008  -0.600567977201200338646E-0013   0.100721946554222305111E-0008   0.641838471313883612594E-0013   0.132802546832091223905E+0002  -0.846303996614077144386E-0003  -0.250000000000000000000E+0002   0.814612803565680998474E+0001
   0.196500000000000274447E+0001   0.197202668192632824230E-0008  -0.622169269106993961966E-0013   0.100735685753349630133E-0008   0.654211919327983282775E-0013   0.132803910800670266212E+0002  -0.862510031408900905252E-0003  -0.250000000000000000000E+0002   0.814612803565604970402E+0001
   0.199833333333333618143E+0001   0.200560753854850468191E-0008  -0.644183974448436846129E-0013   0.100749482813425981207E-0008   0.666643007984058182338E-0013   0.132805280326039039096E+0002  -0.878787491565464671216E-0003  -0.250000000000000000000E+0002   0.814612803565527343608E+0001
   0.203166666666666939634E+0001   0.203919300388196977283E-0008  -0.666614023751707892009E-0013   0.100763338333327598920E-0008   0.679132289176680170470E-0013   0.132806655465320258003E+0002  -0.895137046754683300687E-0003  -0.250000000000000000000E+0002   0.814612803565448473364E+0001
   0.206500000000000261124E+0001   0.207278309751291905813E-0008  -0.689461365903380762100E-0013   0.100777252909793475273E-0008   0.691680312498800139606E-0013   0.132808036275382690405E+0002  -0.911559362699190388508E-0003  -0.250000000000000000000E+0002   0.814612803565368004399E+0001
   0.209833333333333582615E+0001   0.210637783922612395381E-0008  -0.712727968077763354047E-0013   0.100791227137658287739E-0008   0.704287625488528697697E-0013   0.132809422812864585950E+0002  -0.928055101477183647975E-0003  -0.250000000000000000000E+0002   0.814612803565286291985E+0001
   0.213166666666666904106E+0001   0.213997724900433493807E-0008  -0.736415815671942615052E-0013   0.100805261610078343649E-0008   0.716954773856816445369E-0013   0.132810815134196111842E+0002  -0.944624921840543055503E-0003  -0.250000000000000000000E+0002   0.814612803565202980849E+0001
   0.216500000000000225597E+0001   0.217358134702775877311E-0008  -0.760526912248839134376E-0013   0.100819356918756573320E-0008   0.729682301722351888600E-0013   0.132812213295620793474E+0002  -0.961269479504940150064E-0003  -0.250000000000000000000E+0002   0.814612803565118248628E+0001
   0.219833333333333547088E+0001   0.220719015367361100047E-0008  -0.785063279487606093971E-0013   0.100833513654145189301E-0008   0.742470751827095024987E-0013   0.132813617353215907002E+0002  -0.977989427430677512459E-0003  -0.250000000000000000000E+0002   0.814612803565032095321E+0001
   0.223166666666666868579E+0001   0.224080368951573171557E-0008  -0.810026957141148162100E-0013   0.100847732405649793191E-0008   0.755320665745581705652E-0013   0.132815027362912481124E+0002  -0.994785416091964035806E-0003  -0.250000000000000000000E+0002   0.814612803564944343293E+0001
   0.226500000000000190070E+0001   0.227442197532427082556E-0008  -0.835420003000491738589E-0013   0.100862013761822336199E-0008   0.768232584086295716756E-0013   0.132816443380513877770E+0002  -0.101165809373533581439E-0002  -0.250000000000000000000E+0002   0.814612803564855170180E+0001
   0.229833333333333511561E+0001   0.230804503206543410482E-0008  -0.861244492865748057746E-0013   0.100876358310547958563E-0008   0.781207046685617869222E-0013   0.132817865461714301745E+0002  -0.102860810662790472247E-0002  -0.250000000000000000000E+0002   0.814612803564764575981E+0001
   0.233166666666666833052E+0001   0.234167288090129170265E-0008  -0.887502520523428830400E-0013   0.100890766639219855528E-0008   0.794244592794740216227E-0013   0.132819293662115853749E+0002  -0.104563609929605614776E-0002  -0.250000000000000000000E+0002   0.814612803564672560697E+0001
   0.236500000000000154543E+0001   0.237530554318964414004E-0008  -0.914196197729886980641E-0013   0.100905239334916893709E-0008   0.807345761260137233483E-0013   0.132820728037245601172E+0002  -0.106274271475518948017E-0002  -0.250000000000000000000E+0002   0.814612803564578946691E+0001
   0.239833333333333476034E+0001   0.240894304048394455468E-0008  -0.941327654200675227756E-0013   0.100919776984564973346E-0008   0.820511090697797803944E-0013   0.132822168642571600827E+0002  -0.107992859473176857146E-0002  -0.250000000000000000000E+0002   0.814612803564483733965E+0001
   0.243166666666666797525E+0001   0.244258539453327553989E-0008  -0.968899037605638992745E-0013   0.100934380175105483634E-0008   0.833741119662356112367E-0013   0.132823615533518974985E+0002  -0.109719437987376364219E-0002  -0.250000000000000000000E+0002   0.814612803564387100153E+0001
   0.246500000000000119016E+0001   0.247623262728238057749E-0008  -0.996912513569467591214E-0013   0.100949049493640907195E-0008   0.847036386808066980281E-0013   0.132825068765484139988E+0002  -0.111454070996150800439E-0002  -0.250000000000000000000E+0002   0.814612803564289045255E+0001
   0.249833333333333440507E+0001   0.250988476087174344716E-0008  -0.102537026567772327639E-0012   0.100963785527589833720E-0008   0.860397431050463155433E-0013   0.132826528393849798704E+0002  -0.113196822410395426736E-0002  -0.250000000000000000000E+0002   0.814612803564189391636E+0001
   0.253166666666666761998E+0001   0.254354181763771809376E-0008  -0.105427449548799737316E-0012   0.100978588864838685576E-0008   0.873824791717731534836E-0013   0.132827994473999630998E+0002  -0.114947756092683350468E-0002  -0.250000000000000000000E+0002   0.814612803564088139296E+0001
   0.256500000000000083489E+0001   0.257720382011270853915E-0008  -0.108362742254600215699E-0012   0.100993460093869744684E-0008   0.887319008696592478802E-0013   0.132829467061330497302E+0002  -0.116706935876652404677E-0002  -0.250000000000000000000E+0002   0.814612803563985465871E+0001
   0.259833333333333404980E+0001   0.261087079102539015295E-0008  -0.111343128440674615257E-0012   0.101008399803908949016E-0008   0.900880622582505238185E-0013   0.132830946211266649470E+0002  -0.118474425585169611079E-0002  -0.250000000000000000000E+0002   0.814612803563881193725E+0001
   0.263166666666666726471E+0001   0.264454275330098014067E-0008  -0.114368833666050558050E-0012   0.101023408585052141032E-0008   0.914510174821547428083E-0013   0.132832431979272147515E+0002  -0.120250289046803138411E-0002  -0.250000000000000000000E+0002   0.814612803563775322857E+0001
   0.266500000000000047962E+0001   0.267821973006155063153E-0008  -0.117440085296317391891E-0012   0.101038487028399712013E-0008   0.928208207840046584020E-0013   0.132833924420863240812E+0002  -0.122034590113448805984E-0002  -0.250000000000000000000E+0002   0.814612803563668030904E+0001
   0.269833333333333369453E+0001   0.271190174462638229816E-0008  -0.120557112507129174527E-0012   0.101053635726179789922E-0008   0.941975265183085078020E-0013   0.132835423591620607198E+0002  -0.123827392677423810292E-0002  -0.250000000000000000000E+0002   0.814612803563558962594E+0001
   0.273166666666666690944E+0001   0.274558882051236429848E-0008  -0.123720146288163152417E-0012   0.101068855271869152540E-0008   0.955811891649459956888E-0013   0.132836929547200650603E+0002  -0.125628760686342759445E-0002  -0.250000000000000000000E+0002   0.814612803563448473199E+0001
   0.276500000000000012434E+0001   0.277928098143442813186E-0008  -0.126929419447479220668E-0012   0.101084146260316622130E-0008   0.969718633410665381041E-0013   0.132838442343347207242E+0002  -0.127438758159617170247E-0002  -0.250000000000000000000E+0002   0.814612803563336385082E+0001
   0.279833333333333333925E+0001   0.281297825130602368162E-0008  -0.130185166616322255785E-0012   0.101099509287856802770E-0008   0.983696038142158195610E-0013   0.132839962035902487969E+0002  -0.129257449203513778702E-0002  -0.250000000000000000000E+0002   0.814612803563222698244E+0001
   0.283166666666666655416E+0001   0.284668065423963785724E-0008  -0.133487624254331980286E-0012   0.101114944952425017100E-0008   0.997744655144377145019E-0013   0.132841488680817771950E+0002  -0.131084898026069735823E-0002  -0.250000000000000000000E+0002   0.814612803563107412685E+0001
   0.286499999999999976907E+0001   0.288038821454734301515E-0008  -0.136837030655157834810E-0012   0.101130453853668913667E-0008   0.101186503546304378238E-0012   0.132843022334164206910E+0002  -0.132921168951671895934E-0002  -0.250000000000000000000E+0002   0.814612803562990528405E+0001
   0.289833333333333298398E+0001   0.291410095674138756561E-0008  -0.140233625952471764285E-0012   0.101146036593059453885E-0008   0.102605773200736223209E-0012   0.132844563052142952131E+0002  -0.134766326435329601013E-0002  -0.250000000000000000000E+0002   0.814612803562872045404E+0001
   0.293166666666666619889E+0001   0.294781890553482256210E-0008  -0.143677652126371547055E-0012   0.101161693773993110196E-0008   0.104032329966628592765E-0012   0.132846110891095072759E+0002  -0.136620435076663490799E-0002  -0.250000000000000000000E+0002   0.814612803562751963682E+0001
   0.296499999999999941380E+0001   0.298154208584215972347E-0008  -0.147169353010169290058E-0012   0.101177426001903245941E-0008   0.105466229542305971025E-0012   0.132847665907511665040E+0002  -0.138483559633635166901E-0002  -0.250000000000000000000E+0002   0.814612803562630283238E+0001
   0.299833333333333262871E+0001   0.301527052278006874719E-0008  -0.150708974297559258834E-0012   0.101193233884359728586E-0008   0.106907527846824378030E-0012   0.132849228158043626280E+0002  -0.140355765036045401425E-0002  -0.250000000000000000000E+0002   0.814612803562506826438E+0001
   0.303166666666666584362E+0001   0.304900424166810646904E-0008  -0.154296763550160170320E-0012   0.101209118031170321387E-0008   0.108356281031131984501E-0012   0.132850797699510607686E+0002  -0.142237116398822162171E-0002  -0.250000000000000000000E+0002   0.814612803562381770917E+0001
   0.306499999999999905853E+0001   0.308274326802947911012E-0008  -0.157932970205428136691E-0012   0.101225079054484680669E-0008   0.109812545489124890144E-0012   0.132852374588911068543E+0002  -0.144127679035126578591E-0002  -0.250000000000000000000E+0002   0.814612803562255116674E+0001
   0.309833333333333227344E+0001   0.311648762759184009244E-0008  -0.161617845584936246495E-0012   0.101241117568887930635E-0008   0.111276377868598204330E-0012   0.132853958883430802729E+0002  -0.146027518469299985408E-0002  -0.250000000000000000000E+0002   0.814612803562126863710E+0001
   0.313166666666666548835E+0001   0.315023734628811763323E-0008  -0.165351642903018435446E-0012   0.101257234191502944248E-0008   0.112747835082123466103E-0012   0.132855550640452531042E+0002  -0.147936700449679430815E-0002  -0.250000000000000000000E+0002   0.814612803561996834389E+0001
   0.316499999999999870326E+0001   0.318399245025737790784E-0008  -0.169134617275774920571E-0012   0.101273429542084290269E-0008   0.114226974317870616727E-0012   0.132857149917564374419E+0002  -0.149855290961308580851E-0002  -0.250000000000000000000E+0002   0.814612803561865206348E+0001
   0.319833333333333191817E+0001   0.321775296584571675046E-0008  -0.172967025730438364672E-0012   0.101289704243117081342E-0008   0.115713853050400841189E-0012   0.132858756772569055471E+0002  -0.151783356238571710481E-0002  -0.250000000000000000000E+0002   0.814612803561731801949E+0001
   0.323166666666666513308E+0001   0.325151891960718775078E-0008  -0.176849127215099256483E-0012   0.101306058919907612308E-0008   0.117208529051439176982E-0012   0.132860371263492496041E+0002  -0.153720962777779794617E-0002  -0.250000000000000000000E+0002   0.814612803561596798829E+0001
   0.326499999999999834799E+0001   0.328529033830475640681E-0008  -0.180781182608791112386E-0012   0.101322494200683200902E-0008   0.118711060400668529431E-0012   0.132861993448592556888E+0002  -0.155668177349740054216E-0002  -0.250000000000000000000E+0002   0.814612803561460019353E+0001
   0.329833333333333156290E+0001   0.331906724891129067366E-0008  -0.184763454731936610378E-0012   0.101339010716682267730E-0008   0.120221505496556579355E-0012   0.132863623386367724066E+0002  -0.157625067012342329198E-0002  -0.250000000000000000000E+0002   0.814612803561321641155E+0001
   0.333166666666666477781E+0001   0.335284967861058046368E-0008  -0.188796208357155211666E-0012   0.101355609102252357161E-0008   0.121739923067254129979E-0012   0.132865261135565599915E+0002  -0.159591699123196192021E-0002  -0.250000000000000000000E+0002   0.814612803561181486600E+0001
   0.336499999999999799272E+0001   0.338663765479838940656E-0008  -0.192879710220436510798E-0012   0.101372289994941003127E-0008   0.123266372181580039210E-0012   0.132866906755191660494E+0002  -0.161568141352358201832E-0002  -0.250000000000000000000E+0002   0.814612803561039555689E+0001
   0.339833333333333120763E+0001   0.342043120508353680159E-0008  -0.197014229032681939662E-0012   0.101389054035593460506E-0008   0.124800912260142416600E-0012   0.132868560304517817627E+0002  -0.163554461695189067710E-0002  -0.250000000000000000000E+0002   0.814612803560895848420E+0001
