   0.650000000000000022204E-0001   0.650159933432804510388E-0010   0.114226635247300592526E-0016   0.100048036868932387876E-0008  -0.351466569991694128954E-0015   0.194900889566721566837E+0002   0.668613731491596773661E-0005  -0.250000000000000000000E+0002   0.814612803567814047767E+0001
   0.983333333333333281523E-0001   0.983693520426005053646E-0010   0.257325408472678643989E-0016   0.100072386582091201598E-0008  -0.515374650927224624729E-0015   0.194901132917312587267E+0002   0.100758302494252038547E-0004  -0.250000000000000000000E+0002   0.814612803567806587068E+0001
   0.131666666666666654084E+0000   0.131730917984494648382E-0009   0.459132305054746189573E-0016   0.100097009069310983030E-0008  -0.693495808041236474617E-0015   0.194901378933793338888E+0002   0.135040523527830903967E-0004  -0.250000000000000000000E+0002   0.814612803567796639470E+0001
   0.164999999999999980016E+0000   0.165100693618262742586E-0009   0.719700355953438663228E-0016   0.100121649072529559781E-0008  -0.869870241052536704913E-0015   0.194901625064705577017E+0002   0.169344667097091729018E-0004  -0.250000000000000000000E+0002   0.814612803567784027337E+0001
   0.198333333333333305948E+0000   0.198478685027295518556E-0009   0.103910134916249937758E-0015   0.100146306137219808612E-0008  -0.104647645888390681479E-0014   0.194901871305411269475E+0002   0.203676880830929414395E-0004  -0.250000000000000000000E+0002   0.814612803567768928303E+0001
   0.231666666666666631880E+0000   0.231864898968911171467E-0009   0.141741733129147776667E-0015   0.100170986533741272687E-0008  -0.122334425506310088351E-0014   0.194902117718410927694E+0002   0.238042931764195166871E-0004  -0.250000000000000000000E+0002   0.814612803567751164735E+0001
   0.264999999999999957812E+0000   0.265259343950598298327E-0009   0.185474001688915259537E-0015   0.100195694507289245823E-0008  -0.140050172552894964069E-0014   0.194902364345931289336E+0002   0.272448243137961110358E-0004  -0.250000000000000000000E+0002   0.814612803567731091903E+0001
   0.298333333333333283743E+0000   0.298662029852141492791E-0009   0.235117024543610839775E-0015   0.100220434059290156765E-0008  -0.157797543045175193538E-0014   0.194902611227724911203E+0002   0.306897927008652931288E-0004  -0.250000000000000000000E+0002   0.814612803567708176899E+0001
   0.331666666666666609675E+0000   0.332072967848377410102E-0009   0.290681749158550178072E-0015   0.100245208970038007719E-0008  -0.175579053791934995840E-0014   0.194902858401298928470E+0002   0.341396813157210778176E-0004  -0.250000000000000000000E+0002   0.814612803567682952632E+0001
   0.364999999999999935607E+0000   0.365492170339057605968E-0009   0.352179942096692836809E-0015   0.100270022818893483842E-0008  -0.193397095217271144515E-0014   0.194903105902119158088E+0002   0.375949474829838345999E-0004  -0.250000000000000000000E+0002   0.814612803567654886194E+0001
   0.398333333333333261539E+0000   0.398919650885058435668E-0009   0.419624148655352020264E-0015   0.100294879002287208403E-0008  -0.211253942772617737945E-0014   0.194903353763791962194E+0002   0.410560251673204316589E-0004  -0.250000000000000000000E+0002   0.814612803567624510492E+0001
   0.431666666666666587471E+0000   0.432355424150232014753E-0009   0.493027656113951445393E-0015   0.100319780749751330235E-0008  -0.229151767084241927031E-0014   0.194903602018226145276E+0002   0.445233270176067537490E-0004  -0.250000000000000000000E+0002   0.814612803567591470255E+0001
   0.464999999999999913403E+0000   0.465799505848320403968E-0009   0.572404460223044680158E-0015   0.100344731138338853456E-0008  -0.247092643133396689863E-0014   0.194903850695778935176E+0002   0.479972462020295019894E-0004  -0.250000000000000000000E+0002   0.814612803567555765483E+0001
   0.498333333333333239334E+0000   0.499251912694404088106E-0009   0.657769234594735900622E-0015   0.100369733105561279915E-0008  -0.265078558445051798387E-0014   0.194904099825386154521E+0002   0.514781580535321058208E-0004  -0.250000000000000000000E+0002   0.814612803567517573811E+0001
   0.531666666666666620777E+0000   0.532712662360441535063E-0009   0.749137302701191650732E-0015   0.100394789461007767102E-0008  -0.283111420468149149261E-0014   0.194904349434679957653E+0002   0.549664215494210096728E-0004  -0.250000000000000000000E+0002   0.814612803567476717603E+0001
   0.564999999999999946709E+0000   0.566181773434462204881E-0009   0.846524612221530478825E-0015   0.100419902896814380931E-0008  -0.301193063229380783194E-0014   0.194904599550094523863E+0002   0.584623806448289606700E-0004  -0.250000000000000000000E+0002   0.814612803567433374496E+0001
   0.598333333333333272641E+0000   0.599659265383087513174E-0009   0.949947711508142308574E-0015   0.100445075997158019864E-0008  -0.319325253346240903090E-0014   0.194904850196961803022E+0002   0.619663654770098986258E-0004  -0.250000000000000000000E+0002   0.814612803567387366854E+0001
   0.631666666666666598573E+0000   0.633145158517042155877E-0009   0.105942372796974762339E-0014   0.100470311246810124183E-0008  -0.337509695471582756481E-0014   0.194905101399597846523E+0002   0.654786934552345722916E-0004  -0.250000000000000000000E+0002   0.814612803567338694677E+0001
   0.664999999999999924505E+0000   0.666639473959385307242E-0009   0.117497034819155942549E-0014   0.100495611038917364313E-0008  -0.355748037234153984054E-0014   0.194905353181381642003E+0002   0.689996702491552842216E-0004  -0.250000000000000000000E+0002   0.814612803567287357964E+0001
   0.698333333333333250437E+0000   0.700142233616202886949E-0009   0.129660579963292916390E-0014   0.100520977682056209312E-0008  -0.374041873730400906231E-0014   0.194905605564825847864E+0002   0.725295906868769979991E-0004  -0.250000000000000000000E+0002   0.814612803567233534352E+0001
   0.731666666666666576369E+0000   0.733653460149542003675E-0009   0.142434883376039321730E-0014   0.100546413406657783448E-0008  -0.392392751616549416020E-0014   0.194905858571642163213E+0002   0.760687395725657364851E-0004  -0.250000000000000000000E+0002   0.814612803567177046205E+0001
   0.764999999999999902300E+0000   0.767173176952391946882E-0009   0.155821871048940352831E-0014   0.100571920370903141067E-0008  -0.410802172843726075591E-0014   0.194906112222800302902E+0002   0.796173924322065022958E-0004  -0.250000000000000000000E+0002   0.814612803567117893522E+0001
   0.798333333333333228232E+0000   0.800701408125532125257E-0009   0.169823518382146176588E-0014   0.100597500666049854783E-0008  -0.429271598073391437745E-0014   0.194906366538582247472E+0002   0.831758161950788379221E-0004  -0.250000000000000000000E+0002   0.814612803567056076304E+0001
   0.831666666666666554164E+0000   0.834238178456079654518E-0009   0.184441848857519372629E-0014   0.100623156321351031112E-0008  -0.447802449806381754477E-0014   0.194906621538631519286E+0002   0.867442698175998168830E-0004  -0.250000000000000000000E+0002   0.814612803566991594550E+0001
   0.864999999999999880096E+0000   0.867783513397610449527E-0009   0.199678932812041186012E-0014   0.100648889308561397537E-0008  -0.466396115254857839972E-0014   0.194906877241998444106E+0002   0.903230048554063286994E-0004  -0.250000000000000000000E+0002   0.814612803566924625898E+0001
   0.898333333333333206028E+0000   0.901337439051703894252E-0009   0.215536886303075899178E-0014   0.100674701546045701812E-0008  -0.485053948967102076498E-0014   0.194907133667182215220E+0002   0.939122659874107312827E-0004  -0.250000000000000000000E+0002   0.814612803566854815074E+0001
   0.931666666666666531960E+0000   0.934899982150822684628E-0009   0.232017870059166619240E-0014   0.100700594902645160946E-0008  -0.503777275313639905166E-0014   0.194907390832168978534E+0002   0.975122915037579784383E-0004  -0.250000000000000000000E+0002   0.814612803566782339715E+0001
   0.964999999999999857891E+0000   0.968471170042397046390E-0009   0.249124088507925021596E-0014   0.100726571201096053911E-0008  -0.522567390646584443056E-0014   0.194907648754467182073E+0002   0.101123313745729009731E-0003  -0.250000000000000000000E+0002   0.814612803566707199820E+0001
   0.998333333333333183823E+0000   0.100205103067403154039E-0008   0.266857788876862604380E-0014   0.100752632221325850274E-0008  -0.541425565452590143721E-0014   0.194907907451140189892E+0002   0.104745559521774507950E-0003  -0.250000000000000000000E+0002   0.814612803566629395391E+0001
   0.103166666666666650976E+0001   0.103563959257974429275E-0008   0.285221260360271531015E-0014   0.100778779703412531553E-0008  -0.560353046209554162351E-0014   0.194908166938836018289E+0002   0.108379250484317614118E-0003  -0.250000000000000000000E+0002   0.814612803566548926426E+0001
   0.106499999999999994671E+0001   0.106923688486717216508E-0008   0.304216833348028608356E-0014   0.100805015350383336142E-0008  -0.579351057193616880677E-0014   0.194908427233815935153E+0002   0.112024603482749175536E-0003  -0.250000000000000000000E+0002   0.814612803566465615290E+0001
   0.109833333333333338366E+0001   0.110284293720565687221E-0008   0.323846878711614163000E-0014   0.100831340830728416431E-0008  -0.598420802121852802727E-0014   0.194908688351979435538E+0002   0.115681830889583325112E-0003  -0.250000000000000000000E+0002   0.814612803566379639619E+0001
   0.113166666666666682062E+0001   0.113645777981515352408E-0008   0.344113807143274504622E-0014   0.100857757780839594735E-0008  -0.617563465685447125446E-0014   0.194908950308888648806E+0002   0.119351140903199579241E-0003  -0.250000000000000000000E+0002   0.814612803566290999413E+0001
   0.116500000000000025757E+0001   0.117008144345590637772E-0008   0.365020068544374521041E-0014   0.100884267807182001906E-0008  -0.636780214962130757998E-0014   0.194909213119790756252E+0002   0.123032737827205606619E-0003  -0.250000000000000000000E+0002   0.814612803566199517036E+0001
   0.119833333333333369453E+0001   0.120371395941883555102E-0008   0.386568151460417233388E-0014   0.100910872488382604991E-0008  -0.656072200794987383964E-0014   0.194909476799637921829E+0002   0.126726822339266417296E-0003  -0.250000000000000000000E+0002   0.814612803566105370123E+0001
   0.123166666666666713148E+0001   0.123735535951659023717E-0008   0.408760582558582875192E-0014   0.100937573377149411000E-0008  -0.675440558972964636690E-0014   0.194909741363107720247E+0002   0.130433591726489668755E-0003  -0.250000000000000000000E+0002   0.814612803566008381040E+0001
   0.126500000000000056843E+0001   0.127100567607521403285E-0008   0.431599926145090853244E-0014   0.100964372002057473935E-0008  -0.694886411419619799189E-0014   0.194910006824620118948E+0002   0.134153240117396887121E-0003  -0.250000000000000000000E+0002   0.814612803565908727421E+0001
   0.129833333333333400539E+0001   0.130466494192638949957E-0008   0.455088783720372994943E-0014   0.100991269869202925136E-0008  -0.714410867275818143690E-0014   0.194910273198354602187E+0002   0.137885958693889518418E-0003  -0.250000000000000000000E+0002   0.814612803565806231632E+0001
   0.133166666666666744234E+0001   0.133833319040022370116E-0008   0.479229793569267092237E-0014   0.101018268463813824812E-0008  -0.734015023915815754280E-0014   0.194910540498266087184E+0002   0.141631935890048401552E-0003  -0.250000000000000000000E+0002   0.814612803565700893671E+0001
   0.136500000000000087930E+0001   0.137201045531853377197E-0008   0.504025630384098451133E-0014   0.101045369251675890536E-0008  -0.753699967900471713119E-0014   0.194910808738099063930E+0002   0.145391357578205195674E-0003  -0.250000000000000000000E+0002   0.814612803565592891175E+0001
   0.139833333333333431625E+0001   0.140569677098861121582E-0008   0.529479004918628069598E-0014   0.101072573680548651144E-0008  -0.773466775873221012687E-0014   0.194911077931402267893E+0002   0.149164407243344675083E-0003  -0.250000000000000000000E+0002   0.814612803565481868873E+0001
   0.143166666666666775320E+0001   0.143939217219743433002E-0008   0.555592663671013068502E-0014   0.101099883181422099512E-0008  -0.793316515402273817795E-0014   0.194911348091540332916E+0002   0.152951266146715173866E-0003  -0.250000000000000000000E+0002   0.814612803565368182035E+0001
   0.146500000000000119016E+0001   0.147309669420628553436E-0008   0.582369388594047510403E-0014   0.101127299169764122286E-0008  -0.813250245773172499694E-0014   0.194911619231707291533E+0002   0.156752113479479197010E-0003  -0.250000000000000000000E+0002   0.814612803565251653026E+0001
   0.149833333333333462711E+0001   0.150681037274577174380E-0008   0.609811996831116376183E-0014   0.101154823046611447706E-0008  -0.833269018736332164847E-0014   0.194911891364936629145E+0002   0.160567126506829123932E-0003  -0.250000000000000000000E+0002   0.814612803565132281847E+0001
   0.153166666666666806407E+0001   0.154053324401120911425E-0008   0.637923340476330495014E-0014   0.101182456199718951036E-0008  -0.853373879210757751619E-0014   0.194912164504112972452E+0002   0.164396480705149977686E-0003  -0.250000000000000000000E+0002   0.814612803565009890860E+0001
   0.156500000000000150102E+0001   0.157426534465835437703E-0008   0.666706306357757112824E-0014   0.101210200004507314025E-0008  -0.873565865955841605916E-0014   0.194912438661981681776E+0002   0.168240349887623650334E-0003  -0.250000000000000000000E+0002   0.814612803564884835339E+0001
   0.159833333333333493798E+0001   0.160800671179947076786E-0008   0.696163815841873343464E-0014   0.101238055825068649063E-0008  -0.893846012190047840949E-0014   0.194912713851158621026E+0002   0.172098906328742990140E-0003  -0.250000000000000000000E+0002   0.814612803564756760011E+0001
   0.163166666666666837493E+0001   0.164175738299970146028E-0008   0.726298824659132456483E-0014   0.101266025015034128921E-0008  -0.914215346206058024740E-0014   0.194912990084138968427E+0002   0.175972320873831996127E-0003  -0.250000000000000000000E+0002   0.814612803564625842512E+0001
   0.166500000000000181188E+0001   0.167551739627373023747E-0008   0.757114322748165031638E-0014   0.101294108918454665276E-0008  -0.934674891914161921924E-0014   0.194913267373305600927E+0002   0.179860763048364730513E-0003  -0.250000000000000000000E+0002   0.814612803564492082842E+0001
   0.169833333333333524884E+0001   0.170928679008272816190E-0008   0.788613334118669017111E-0014   0.101322308870603480692E-0008  -0.955225669387711422360E-0014   0.194913545730937265432E+0002   0.183764401163239750455E-0003  -0.250000000000000000000E+0002   0.814612803564355303365E+0001
   0.173166666666666868579E+0001   0.174306560333155791155E-0008   0.820798916732350660730E-0014   0.101350626198742388067E-0008  -0.975868695390382232858E-0014   0.194913825169216323729E+0002   0.187683402405492783058E-0003  -0.250000000000000000000E+0002   0.814612803564215681718E+0001
   0.176500000000000212275E+0001   0.177685387536622813166E-0008   0.853674162399512655019E-0014   0.101379062222855272358E-0008  -0.996604983833036832871E-0014   0.194914105700235431584E+0002   0.191617932932040721224E-0003  -0.250000000000000000000E+0002   0.814612803564073040263E+0001
   0.179833333333333555970E+0001   0.181065164597158560078E-0008   0.887242196691864812328E-0014   0.101407618256330266433E-0008  -0.101743554624811828608E-0013   0.194914387336004821805E+0002   0.195568157956183176103E-0003  -0.250000000000000000000E+0002   0.814612803563927556638E+0001
   0.183166666666666899665E+0001   0.184445895536923176961E-0008   0.921506178870378632977E-0014   0.101436295606642609348E-0008  -0.103836139222987864394E-0013   0.194914670088458592545E+0002   0.199534241831625787323E-0003  -0.250000000000000000000E+0002   0.814612803563779053206E+0001
   0.186500000000000243361E+0001   0.187827584421565726193E-0008   0.956469301827829832364E-0014   0.101465095575948313868E-0008  -0.105938352986423351279E-0013   0.194914953969460675864E+0002   0.203516348126151326928E-0003  -0.250000000000000000000E+0002   0.814612803563627529968E+0001
   0.189833333333333587056E+0001   0.191210235360056786781E-0008   0.992134792044291439777E-0014   0.101494019461686353959E-0008  -0.108050296610780877217E-0013   0.194915238990810841813E+0002   0.207514639699059598487E-0003  -0.250000000000000000000E+0002   0.814612803563472986923E+0001
   0.193166666666666930752E+0001   0.194593852504541547087E-0008   0.102850590955630132769E-0013   0.101523068557189496305E-0008  -0.110172070718916643307E-0013   0.194915525164250453827E+0002   0.211529278770458906362E-0003  -0.250000000000000000000E+0002   0.814612803563315601707E+0001
   0.196500000000000274447E+0001   0.197978440050211529796E-0008   0.106558594793835190616E-0013   0.101552244152171364939E-0008  -0.112303775896969777351E-0013   0.194915812501467264894E+0002   0.215560426989010449784E-0003  -0.250000000000000000000E+0002   0.814612803563155019049E+0001
   0.199833333333333618143E+0001   0.201364002235193191362E-0008   0.110337823429646627072E-0013   0.101581547533263508929E-0008  -0.114445512729842473254E-0013   0.194916101014100675570E+0002   0.219608245495706759596E-0003  -0.250000000000000000000E+0002   0.814612803562991416584E+0001
   0.203166666666666939634E+0001   0.204750543340453995652E-0008   0.114188612927327231347E-0013   0.101610979984538656156E-0008  -0.116597381835018947120E-0013   0.194916390713746814356E+0002   0.223672894985071468547E-0003  -0.250000000000000000000E+0002   0.814612803562824794312E+0001
   0.206500000000000261124E+0001   0.208138067689724286740E-0008   0.118111302706410936952E-0013   0.101640542787958652300E-0008  -0.118759483894824736460E-0013   0.194916681611962694376E+0002   0.227754535763154017337E-0003  -0.250000000000000000000E+0002   0.814612803562655152234E+0001
   0.209833333333333582615E+0001   0.211526579649435498508E-0008   0.122106235544374709358E-0013   0.101670237223819980308E-0008  -0.120931919687784646927E-0013   0.194916973720270618742E+0002   0.231853327803996204799E-0003  -0.250000000000000000000E+0002   0.814612803562482490349E+0001
   0.213166666666666904106E+0001   0.214916083628671888666E-0008   0.126173757580341869300E-0013   0.101700064571241590172E-0008  -0.123114790118874195410E-0013   0.194917267050163118824E+0002   0.235969430802541443653E-0003  -0.250000000000000000000E+0002   0.814612803562306808658E+0001
   0.216500000000000225597E+0001   0.218306584079137989189E-0008   0.130314218319765512631E-0013   0.101730026108505883445E-0008  -0.125308196248372623630E-0013   0.194917561613105583262E+0002   0.240103004225873721501E-0003  -0.250000000000000000000E+0002   0.814612803562127929524E+0001
   0.219833333333333547088E+0001   0.221698085495138547188E-0008   0.134527970640063343776E-0013   0.101760123113536740928E-0008  -0.127512239319919651311E-0013   0.194917857420541444924E+0002   0.244254207362215678551E-0003  -0.250000000000000000000E+0002   0.814612803561945852948E+0001
   0.223166666666666868579E+0001   0.225090592413572072904E-0008   0.138815370797171926558E-0013   0.101790356864268879485E-0008  -0.129727020787548319456E-0013   0.194918154483895378348E+0002   0.248423199367930587836E-0003  -0.250000000000000000000E+0002   0.814612803561760756565E+0001
   0.226500000000000190070E+0001   0.228484109413938201611E-0008   0.143176778432989918160E-0013   0.101820728638968239778E-0008  -0.131952642341945396793E-0013   0.194918452814576284027E+0002   0.252610139312654520365E-0003  -0.250000000000000000000E+0002   0.814612803561572462741E+0001
   0.229833333333333511561E+0001   0.231878641118355064412E-0008   0.147612556583678652901E-0013   0.101851239716690016851E-0008  -0.134189205935740903560E-0013   0.194918752423981800348E+0002   0.256815186222674027208E-0003  -0.250000000000000000000E+0002   0.814612803561380971473E+0001
   0.233166666666666833052E+0001   0.235274192191590431591E-0008   0.152123071688797687939E-0013   0.101881891377520899969E-0008  -0.136436813808101244651E-0013   0.194919053323500541808E+0002   0.261038499122648326185E-0003  -0.250000000000000000000E+0002   0.814612803561186460399E+0001
   0.236500000000000154543E+0001   0.238670767341103319792E-0008   0.156708693601247811227E-0013   0.101912684903015823989E-0008  -0.138695568508681330178E-0013   0.194919355524516006994E+0002   0.265280237075787069662E-0003  -0.250000000000000000000E+0002   0.814612803560988751883E+0001
   0.239833333333333476034E+0001   0.242068371317097055659E-0008   0.161369795597999218500E-0013   0.101943621576426664111E-0008  -0.140965572920720860828E-0013   0.194919659038409029961E+0002   0.269540559222110158704E-0003  -0.250000000000000000000E+0002   0.814612803560787668289E+0001
   0.243166666666666797525E+0001   0.245467008912582431077E-0008   0.166106754391574677487E-0013   0.101974702683106044780E-0008  -0.143246930283472022050E-0013   0.194919963876561155303E+0002   0.273819624817620997561E-0003  -0.250000000000000000000E+0002   0.814612803560583564888E+0001
   0.246500000000000119016E+0001   0.248866684963451983987E-0008   0.170919950142307763729E-0013   0.102005929510756465802E-0008  -0.145539744215048934844E-0013   0.194920270050357196112E+0002   0.278117593267367341561E-0003  -0.250000000000000000000E+0002   0.814612803560376086409E+0001
   0.249833333333333440507E+0001   0.252267404348563543633E-0008   0.175809766471273237453E-0013   0.102037303349756025397E-0008  -0.147844118732373120217E-0013   0.194920577571188218258E+0002   0.282434624161972079853E-0003  -0.250000000000000000000E+0002   0.814612803560165410488E+0001
   0.253166666666666761998E+0001   0.255669171989834653223E-0008   0.180776590473954216526E-0013   0.102068825493419995378E-0008  -0.150160158273013775995E-0013   0.194920886450453778593E+0002   0.286770877314002255176E-0003  -0.250000000000000000000E+0002   0.814612803559951537125E+0001
   0.256500000000000083489E+0001   0.259071992852344519944E-0008   0.185820812734642611398E-0013   0.102100497238286157114E-0008  -0.152487967716865706049E-0013   0.194921196699564873711E+0002   0.291126512784715464101E-0003  -0.250000000000000000000E+0002   0.814612803559734288683E+0001
   0.259833333333333404980E+0001   0.262475871944447131910E-0008   0.190942827341416154259E-0013   0.102132319884438704769E-0008  -0.154827652403347466216E-0013   0.194921508329946284732E+0002   0.295501690919711351799E-0003  -0.250000000000000000000E+0002   0.814612803559513842799E+0001
   0.263166666666666726471E+0001   0.265880814317892812351E-0008   0.196143031901844398781E-0013   0.102164294735676824719E-0008  -0.157179318152920700933E-0013   0.194921821353038815516E+0002   0.299896572379052971016E-0003  -0.250000000000000000000E+0002   0.814612803559290021838E+0001
   0.266500000000000047962E+0001   0.269286825067957177072E-0008   0.201421827559330731077E-0013   0.102196423099874332994E-0008  -0.159543071286069473976E-0013   0.194922135780301957197E+0002   0.304311318166727211385E-0003  -0.250000000000000000000E+0002   0.814612803559062825798E+0001
   0.269833333333333369453E+0001   0.272693909333580886619E-0008   0.206779619010087488865E-0013   0.102228706289168479263E-0008  -0.161919018642053953419E-0013   0.194922451623215948757E+0002   0.308746089659310779616E-0003  -0.250000000000000000000E+0002   0.814612803558832432316E+0001
   0.273166666666666690944E+0001   0.276102072297515891808E-0008   0.212216814520727149448E-0013   0.102261145620214449620E-0008  -0.164307267597241077829E-0013   0.194922768893283695490E+0002   0.313201048634718687454E-0003  -0.250000000000000000000E+0002   0.814612803558598663756E+0001
   0.276500000000000012434E+0001   0.279511319186480447373E-0008   0.217733825946478390196E-0013   0.102293742414466752755E-0008  -0.166707926083714668541E-0013   0.194923087602033611176E+0002   0.317676357299214275672E-0003  -0.250000000000000000000E+0002   0.814612803558361520118E+0001
   0.279833333333333333925E+0001   0.282921655271322811010E-0008   0.223331068749999222060E-0013   0.102326497998354851072E-0008  -0.169121102606997789432E-0013   0.194923407761021039164E+0002   0.322172178314238013674E-0003  -0.250000000000000000000E+0002   0.814612803558120823766E+0001
   0.283166666666666655416E+0001   0.286333085867191104918E-0008   0.229008962020784892667E-0013   0.102359413703573769924E-0008  -0.171546906263799024948E-0013   0.194923729381830668217E+0002   0.326688674822485272242E-0003  -0.250000000000000000000E+0002   0.814612803557876929972E+0001
   0.286499999999999976907E+0001   0.289745616333712359036E-0008   0.234767928495164847624E-0013   0.102392490867283758328E-0008  -0.173985446759541600514E-0013   0.194924052476078486507E+0002   0.331226010473371251016E-0003  -0.250000000000000000000E+0002   0.814612803557629483464E+0001
   0.289833333333333298398E+0001   0.293159252075179040278E-0008   0.240608394576878400176E-0013   0.102425730832325955634E-0008  -0.176436834425637827077E-0013   0.194924377055413415860E+0002   0.335784349447928814024E-0003  -0.250000000000000000000E+0002   0.814612803557378661878E+0001
   0.293166666666666619889E+0001   0.296573998540741785611E-0008   0.246530790358221473067E-0013   0.102459134947461384681E-0008  -0.178901180236490158020E-0013   0.194924703131519727606E+0002   0.340363856483176367186E-0003  -0.250000000000000000000E+0002   0.814612803557124465215E+0001
   0.296499999999999941380E+0001   0.299989861224610158794E-0008   0.252535549641761541113E-0013   0.102492704567591746982E-0008  -0.181378595826463657754E-0013   0.194925030716118463658E+0002   0.344964696895993453828E-0003  -0.250000000000000000000E+0002   0.814612803556866715837E+0001
   0.299833333333333262871E+0001   0.303406845666261513477E-0008   0.258623109962614589856E-0013   0.102526441053961564989E-0008  -0.183869193506677347853E-0013   0.194925359820969497093E+0002   0.349587036606536973732E-0003  -0.250000000000000000000E+0002   0.814612803556605413746E+0001
   0.303166666666666584362E+0001   0.306824957450655026190E-0008   0.264793912611276012337E-0013   0.102560345774338321348E-0008  -0.186373086281499888110E-0013   0.194925690457873237449E+0002   0.354231042161237273842E-0003  -0.250000000000000000000E+0002   0.814612803556340558941E+0001
   0.306499999999999905853E+0001   0.310244202208453877052E-0008   0.271048402657005412442E-0013   0.102594420103296119811E-0008  -0.188890387865201956934E-0013   0.194926022638672371556E+0002   0.358896880755403167255E-0003  -0.250000000000000000000E+0002   0.814612803556072329059E+0001
   0.309833333333333227344E+0001   0.313664585616254833753E-0008   0.277387028971761749172E-0013   0.102628665422366273468E-0008  -0.191421212698321959688E-0013   0.194926356375253746478E+0002   0.363584720255474640703E-0003  -0.250000000000000000000E+0002   0.814612803555800546462E+0001
   0.313166666666666548835E+0001   0.317086113396823501717E-0008   0.283810244254682037633E-0013   0.102663083120261429332E-0008  -0.193965675963957205451E-0013   0.194926691679550110337E+0002   0.368294729220951765070E-0003  -0.250000000000000000000E+0002   0.814612803555525211152E+0001
   0.316499999999999870326E+0001   0.320508791319337308409E-0008   0.290318505057105973324E-0013   0.102697674593050434322E-0008  -0.196523893604121284984E-0013   0.194927028563541249184E+0002   0.373027076926036671792E-0003  -0.250000000000000000000E+0002   0.814612803555246145493E+0001
   0.319833333333333191817E+0001   0.323932625199634526056E-0008   0.296912271808140926142E-0013   0.102732441244425555959E-0008  -0.199095982335953553062E-0013   0.194927367039256616010E+0002   0.377781933381017868620E-0003  -0.250000000000000000000E+0002   0.814612803554963704755E+0001
   0.323166666666666513308E+0001   0.327357620900470821719E-0008   0.303592008840770491114E-0013   0.102767384485821430940E-0008  -0.201682059667930377842E-0013   0.194927707118776005757E+0002   0.382559469353432510773E-0003  -0.250000000000000000000E+0002   0.814612803554677533668E+0001
   0.326499999999999834799E+0001   0.330783784331781514900E-0008   0.310358184418501641794E-0013   0.102802505736687600467E-0008  -0.204282243916114918207E-0013   0.194928048814232042218E+0002   0.387359856389040779854E-0003  -0.250000000000000000000E+0002   0.814612803554387632232E+0001
   0.329833333333333156290E+0001   0.334211121450951569300E-0008   0.317211270762554746178E-0013   0.102837806424631550456E-0008  -0.206896654220368499361E-0013   0.194928392137811137275E+0002   0.392183266832645926591E-0003  -0.250000000000000000000E+0002   0.814612803554094178082E+0001
   0.333166666666666477781E+0001   0.337639638263091250751E-0008   0.324151744079594551886E-0013   0.102873287985669905612E-0008  -0.209525410560663499035E-0013   0.194928737101755515937E+0002   0.397029873848794400814E-0003  -0.250000000000000000000E+0002   0.814612803553797171219E+0001
   0.336499999999999799272E+0001   0.341069340821319271148E-0008   0.331180084590005990220E-0013   0.102908951864376391357E-0008  -0.212168633773369160002E-0013   0.194929083718364815070E+0002   0.401899851442398623608E-0003  -0.250000000000000000000E+0002   0.814612803553496434006E+0001
   0.339833333333333120763E+0001   0.344500235227052053503E-0008   0.338296776556715304011E-0013   0.102944799514130711799E-0008  -0.214826445567749574609E-0013   0.194929431999997326841E+0002   0.406793374479312759302E-0003  -0.250000000000000000000E+0002   0.814612803553191788808E+0001
