    0.364999999999999935607E+0000   0.365980215871933190931E-0009  -0.208078097614458874012E-0014   0.132784074043058231473E+0008  -0.151176923016125442700E+0003
    0.364999999999999935607E+0000   0.366682887156596133702E-0009  -0.296745044964153336882E-0014   0.132822100373830739409E+0008  -0.215120258044179763601E+0003
    0.364999999999999935607E+0000   0.367812533723168572638E-0009  -0.367327877699142948632E-0014   0.132883453325715418905E+0008  -0.265318380892274774396E+0003
    0.364999999999999935607E+0000   0.381314900854770560314E-0009  -0.406779166164877636128E-0014   0.133583703163863085210E+0008  -0.278467389147610219879E+0003
    0.364999999999999935607E+0000   0.986831476025299206278E-0002  -0.588684319278347055205E-0007   0.211436929921566806734E+0008  -0.255855346146312285782E+0003
    0.364999999999999935607E+0000   0.111962358156460165676E-0001  -0.546095307110860250458E-0007   0.211593068331778310239E+0008  -0.203127045022349307146E+0003
    0.364999999999999935607E+0000   0.114231256365450312140E-0001  -0.304866637406411642082E-0007   0.211625600506827197969E+0008  -0.110687618923195898901E+0003
    0.364999999999999935607E+0000   0.114787073186338340475E-0001   0.637098354968421982126E-0009   0.211632724324260950089E+0008   0.226996870894206326241E+0001
    0.364999999999999935607E+0000   0.114227154919673626332E-0001   0.318233053761968467647E-0007   0.211625553661057427526E+0008   0.115494421365234245513E+0003
    0.364999999999999935607E+0000   0.111954370379561858606E-0001   0.561211980180610787159E-0007   0.211592973725129738450E+0008   0.208757830980725174186E+0003
    0.364999999999999935607E+0000   0.986729675679879833505E-0002   0.604841525907580432033E-0007   0.211436778804892636836E+0008   0.263046326424802884958E+0003
    0.364999999999999935607E+0000   0.580683212285967114800E-0009   0.490756773806629109972E-0014   0.195752718919912874699E+0008   0.287695733751088198460E+0003
    0.364999999999999935607E+0000   0.394292598170337894648E-0009   0.286572027284350938442E-0014   0.195052354370261766016E+0008   0.277010443046445857362E+0003
    0.364999999999999935607E+0000   0.382096012931853755795E-0009   0.228534391493602008793E-0014   0.194990819522202461958E+0008   0.230217969424100004971E+0003
    0.364999999999999935607E+0000   0.374723884092413567170E-0009   0.165104087153411490520E-0014   0.194952607814657576382E+0008   0.170625815492612190383E+0003
    0.364999999999999935607E+0000   0.371332414272912019074E-0009   0.106554288012145837836E-0014   0.194934633344477452338E+0008   0.111415389126285248267E+0003
    0.364999999999999935607E+0000   0.369382425577190468307E-0009   0.577165944076944003355E-0015   0.194924195025903880596E+0008   0.607519795455568143439E+0002
    0.364999999999999935607E+0000   0.368200768291830777053E-0009   0.204423049509934135051E-0015   0.194917827640935294330E+0008   0.215956739420594878709E+0002
    0.364999999999999935607E+0000   0.367431907877534340840E-0009  -0.603171393657242868284E-0016   0.194913667482351772487E+0008  -0.640979451334372640758E+0001
    0.364999999999999935607E+0000   0.366906576606319166243E-0009  -0.236279651773232534651E-0015   0.194910816789270080626E+0008  -0.251084918341099516681E+0002
    0.364999999999999935607E+0000   0.366532057565898366304E-0009  -0.344726543700731607157E-0015   0.194908780253265947104E+0008  -0.366731324429896972106E+0002
    0.364999999999999935607E+0000   0.366255627706990519499E-0009  -0.404453565004926923417E-0015   0.194907274758528470993E+0008  -0.430653868147474199191E+0002
    0.364999999999999935607E+0000   0.366045619264112749607E-0009  -0.430426916150882820186E-0015   0.194906129640092961490E+0008  -0.458627644345772864654E+0002
    0.364999999999999935607E+0000   0.365882233185789751900E-0009  -0.433877883498200379763E-0015   0.194905237894208170474E+0008  -0.462556551893701382028E+0002
    0.364999999999999935607E+0000   0.365752605151814656668E-0009  -0.422919459400872148761E-0015   0.194904529865071959794E+0008  -0.451069377036104057765E+0002
    0.364999999999999935607E+0000   0.365648092349273636256E-0009  -0.403252755810748632067E-0015   0.194903958664472214878E+0008  -0.430244277333086202475E+0002
    0.364999999999999935607E+0000   0.365562703829213711286E-0009  -0.378794650626257088189E-0015   0.194903491749424189329E+0008  -0.404264807496408948850E+0002
    0.364999999999999935607E+0000   0.365492170339057605968E-0009  -0.352179942096692836809E-0015   0.194903105902119167149E+0008  -0.375949474829838337087E+0002
    0.364999999999999935607E+0000   0.365433373028710560631E-0009  -0.325141325019933580270E-0015   0.194902784144072793424E+0008  -0.347154464507416946617E+0002
    0.364999999999999935607E+0000   0.365383980250356790724E-0009  -0.298787393414024629126E-0015   0.194902513784443214536E+0008  -0.319069218310460627208E+0002
    0.364999999999999935607E+0000   0.365342223678951086721E-0009  -0.273801598663175444407E-0015   0.194902285151436887681E+0008  -0.292428412061295688318E+0002
    0.364999999999999935607E+0000   0.365306725743398428189E-0009  -0.250582404590614994995E-0015   0.194902090745759494603E+0008  -0.267661545799941720247E+0002
    0.364999999999999935607E+0000   0.365276404650182336680E-0009  -0.229340924497959331667E-0015   0.194901924661120064557E+0008  -0.244997253780496500042E+0002
    0.364999999999999935607E+0000   0.365250396337303678960E-0009  -0.210168285595544583985E-0015   0.194901782177536636591E+0008  -0.224535361173104313082E+0002
    0.364999999999999935607E+0000   0.365228000682103341166E-0009  -0.193081769770021803126E-0015   0.194901659468773528934E+0008  -0.206296281462066559698E+0002
    0.364999999999999935607E+0000   0.365020857060177771234E-0009  -0.261275359546204436037E-0015   0.132731755875903870910E+0008  -0.190254678142375688310E+0002
    0.364999999999999935607E+0000   0.365019177815106961486E-0009  -0.242197088646237282114E-0015   0.132731663786816392094E+0008  -0.176362336134885602235E+0002
    0.364999999999999935607E+0000   0.365017712841752711713E-0009  -0.225994254767190751531E-0015   0.132731583444913011044E+0008  -0.164563764343744125540E+0002
    0.364999999999999935607E+0000   0.365016426377316563955E-0009  -0.212595573835869384610E-0015   0.132731512890001833439E+0008  -0.154807071078275928500E+0002
    0.698333333333333250437E+0000   0.701917888941284607644E-0009  -0.768510269616591481218E-0014   0.132832856477840524167E+0008  -0.292513445340170505915E+0003
    0.698333333333333250437E+0000   0.704475432946876574275E-0009  -0.109833034423284343721E-0013   0.132904890091613102704E+0008  -0.416091539479811956426E+0003
    0.698333333333333250437E+0000   0.708645129513531821498E-0009  -0.136431660826393616431E-0013   0.133022777873519510031E+0008  -0.512973380157959695680E+0003
    0.698333333333333250437E+0000   0.757982303729797305468E-0009  -0.154196737209991089780E-0013   0.134312750843517426401E+0008  -0.525006317867567531721E+0003
    0.698333333333333250437E+0000   0.180563538706901491326E-0001  -0.200513601929114383758E-0006   0.210903180367277041078E+0008  -0.474207507154582856401E+0003
    0.698333333333333250437E+0000   0.221342722032494346185E-0001  -0.207090937450438060357E-0006   0.211018159763814657927E+0008  -0.382881245756926887225E+0003
    0.698333333333333250437E+0000   0.231485374909275315458E-0001  -0.120218178613482626012E-0006   0.211055678714235164225E+0008  -0.210476201162899911878E+0003
    0.698333333333333250437E+0000   0.233931634317248136889E-0001   0.248273111112932068676E-0008   0.211064283319647796452E+0008   0.422102963837098776878E+0001
    0.698333333333333250437E+0000   0.231469931306535897653E-0001   0.125401896874702701355E-0006   0.211055641369989141822E+0008   0.219468416344563252096E+0003
    0.698333333333333250437E+0000   0.221313667118083132190E-0001   0.212815689541844066093E-0006   0.211018075793504342437E+0008   0.393600182828017068459E+0003
    0.698333333333333250437E+0000   0.180529742490675992883E-0001   0.206183978882986440065E-0006   0.210902998469315990806E+0008   0.488273927785748128372E+0003
    0.698333333333333250437E+0000   0.173386735731435233507E-0008   0.302715200323891876047E-0013   0.196480932763980068266E+0008   0.543041050167345133559E+0003
    0.698333333333333250437E+0000   0.810441382228966467373E-0009   0.115837003079352772851E-0013   0.195190833896600231528E+0008   0.535529265665760703996E+0003
    0.698333333333333250437E+0000   0.762299795888652292548E-0009   0.888842345816247665871E-0014   0.195072601337242089212E+0008   0.445191554225745562690E+0003
    0.698333333333333250437E+0000   0.734400854941454897179E-0009   0.627351220850921544420E-0014   0.195000214322686307132E+0008   0.329989191726169053709E+0003
    0.698333333333333250437E+0000   0.721717684680501997033E-0009   0.400328273472668350209E-0014   0.194965939101296029985E+0008   0.215438408158227190370E+0003
    0.698333333333333250437E+0000   0.714483453305119728569E-0009   0.215420344615801738806E-0014   0.194946018706883229315E+0008   0.117494015718568633133E+0003
    0.698333333333333250437E+0000   0.710115339837341702708E-0009   0.760050149333902977137E-0015   0.194933843758328557014E+0008   0.418360696579844386633E+0002
    0.698333333333333250437E+0000   0.707279599711958069565E-0009  -0.223367506356620245129E-0015   0.194925879687946476042E+0008  -0.122627894427821555468E+0002
    0.698333333333333250437E+0000   0.705344539906626948757E-0009  -0.874103794549454569046E-0015   0.194920416483192294836E+0008  -0.483812433184624737237E+0002
    0.698333333333333250437E+0000   0.703966098816801262860E-0009  -0.127376584568009606385E-0014   0.194916510110681094229E+0008  -0.707202276365948279135E+0002
    0.698333333333333250437E+0000   0.702949182488484575998E-0009  -0.149307281715915796084E-0014   0.194913620167345739901E+0008  -0.830693378611124728650E+0002
    0.698333333333333250437E+0000   0.702176857547986773990E-0009  -0.158781138767768047229E-0014   0.194911420589722394943E+0008  -0.884755335352412686234E+0002
    0.698333333333333250437E+0000   0.701576109626218806687E-0009  -0.159962924226420953488E-0014   0.194909706760128140450E+0008  -0.892380559574991849559E+0002
    0.698333333333333250437E+0000   0.701099550867119942505E-0009  -0.155851174572543159531E-0014   0.194908345378370471299E+0008  -0.870235552401769467679E+0002
    0.698333333333333250437E+0000   0.700715359238950352873E-0009  -0.148548055804701126738E-0014   0.194907246652037836611E+0008  -0.830059701679424790655E+0002
    0.698333333333333250437E+0000   0.700401488608475001139E-0009  -0.139495146885413520977E-0014   0.194906348220231235027E+0008  -0.779932354489734080971E+0002
    0.698333333333333250437E+0000   0.700142233616202886949E-0009  -0.129660579963292916390E-0014   0.194905605564825832844E+0008  -0.725295906868770003939E+0002
    0.698333333333333250437E+0000   0.699926123538134546479E-0009  -0.119680001002757526404E-0014   0.194904986112834699452E+0008  -0.669733957506630446233E+0002
    0.698333333333333250437E+0000   0.699744587632720735695E-0009  -0.109959393495775400125E-0014   0.194904465504421107471E+0008  -0.615542426798361788087E+0002
    0.698333333333333250437E+0000   0.699591116526708608097E-0009  -0.100748508890957356952E-0014   0.194904025165901258588E+0008  -0.564139100160320978716E+0002
    0.698333333333333250437E+0000   0.699460650030879254414E-0009  -0.921925076429557041650E-0015   0.194903650689386837184E+0008  -0.516352592703668094032E+0002
    0.698333333333333250437E+0000   0.699349211159916563510E-0009  -0.843678853133721098143E-0015   0.194903330723037756979E+0008  -0.472623807360277794487E+0002
    0.698333333333333250437E+0000   0.699253623558060159556E-0009  -0.773072296242822192105E-0015   0.194903056191841587424E+0008  -0.433145072145062428604E+0002
    0.698333333333333250437E+0000   0.699171313642625919066E-0009  -0.710161589841136031793E-0015   0.194902819736754037440E+0008  -0.397955503581695921866E+0002
    0.698333333333333250437E+0000   0.698409965996131652635E-0009  -0.960300200027768503474E-0015   0.132732817790462542325E+0008  -0.367005976956816084567E+0002
    0.698333333333333250437E+0000   0.698403798055428411683E-0009  -0.890166577143156651262E-0015   0.132732640306001994759E+0008  -0.340203262701693276426E+0002
    0.698333333333333250437E+0000   0.698398416851668263886E-0009  -0.830604070805949194549E-0015   0.132732485449683312327E+0008  -0.317440128200187778873E+0002
    0.698333333333333250437E+0000   0.698393691111478145221E-0009  -0.781349926103327465791E-0015   0.132732349447280224413E+0008  -0.298616314208730031510E+0002
    0.103166666666666650976E+0001   0.103950952107498054929E-0008  -0.169625454864915935004E-0013   0.132882406806680802256E+0008  -0.438471718186128953221E+0003
    0.103166666666666650976E+0001   0.104508862526465326551E-0008  -0.242842750531838966028E-0013   0.132988626191133428365E+0008  -0.623087848396639060411E+0003
    0.103166666666666650976E+0001   0.105429226254521140041E-0008  -0.302588657067287067823E-0013   0.133164313238670751452E+0008  -0.767295099389443748805E+0003
    0.103166666666666650976E+0001   0.116275214481496329829E-0008  -0.348663229977264965361E-0013   0.135026959760691225529E+0008  -0.765326433284261156587E+0003
    0.103166666666666650976E+0001   0.259371043128517400622E-0001  -0.416147121612643012041E-0006   0.210428487162016704679E+0008  -0.676361612440910448640E+0003
    0.103166666666666650976E+0001   0.336482639798238170048E-0001  -0.463697330288035835697E-0006   0.210405408218345828354E+0008  -0.552942003178918412232E+0003
    0.103166666666666650976E+0001   0.360582064402568472361E-0001  -0.279171536786085212019E-0006   0.210404549407385103405E+0008  -0.306054833933300301396E+0003
    0.103166666666666650976E+0001   0.366714116285051308641E-0001   0.574213649825625767616E-0008   0.210404400109350867569E+0008   0.607731438984026439698E+0001
    0.103166666666666650976E+0001   0.360547796236931339386E-0001   0.291105799810965568029E-0006   0.210404573738170973957E+0008   0.319098207050206895019E+0003
    0.103166666666666650976E+0001   0.336420049881896721100E-0001   0.476612294101642194327E-0006   0.210405423476304970682E+0008   0.568789891395049608036E+0003
    0.103166666666666650976E+0001   0.259302447680969869181E-0001   0.428315192620248705802E-0006   0.210428360989215560257E+0008   0.697644071959924872317E+0003
    0.103166666666666650976E+0001   0.409800573651670857087E-0008   0.112309316130843877640E-0012   0.197194204697448834777E+0008   0.792567663524733120539E+0003
    0.103166666666666650976E+0001   0.128885493411609910825E-0008   0.280182703318018757939E-0013   0.195331492481493353844E+0008   0.800993483451558176967E+0003
    0.103166666666666650976E+0001   0.117505138938251523463E-0008   0.206673014216939101090E-0013   0.195155298320941217244E+0008   0.666530665902071859819E+0003
    0.103166666666666650976E+0001   0.111173495729668030252E-0008   0.142523870287108216085E-0013   0.195048556314524263144E+0008   0.494406394202312867492E+0003
    0.103166666666666650976E+0001   0.108333060711162287040E-0008   0.899471513911187636969E-0014   0.194997777001525647938E+0008   0.322929423719547401106E+0003
    0.103166666666666650976E+0001   0.106726327316073816538E-0008   0.481072808528145011593E-0014   0.194968249052766524255E+0008   0.176303556142046573996E+0003
    0.103166666666666650976E+0001   0.105760042455798061162E-0008   0.169360243572443158211E-0014   0.194950177420001924038E+0008   0.630415554727090352571E+0002
    0.103166666666666650976E+0001   0.105134320362872181690E-0008  -0.490462097305909553528E-0015   0.194938346056821756065E+0008  -0.179569205488041063745E+0002
    0.103166666666666650976E+0001   0.104707981477933444450E-0008  -0.192945516378295533703E-0014   0.194930223644779734313E+0008  -0.720486757101099044576E+0002
    0.103166666666666650976E+0001   0.104404574373579205208E-0008  -0.281032344715963851683E-0014   0.194924412135657966137E+0008  -0.105516948265759424430E+0003
    0.103166666666666650976E+0001   0.104180884482176353412E-0008  -0.329204933650114830556E-0014   0.194920110391407385468E+0008  -0.124030623488536562604E+0003
    0.103166666666666650976E+0001   0.104011070126082989885E-0008  -0.349891959633880004052E-0014   0.194916834714745655656E+0008  -0.132149162933019738375E+0003
    0.103166666666666650976E+0001   0.103879020220027121890E-0008  -0.352325238060683970635E-0014   0.194914281379293389618E+0008  -0.133314118926594545655E+0003
    0.103166666666666650976E+0001   0.103774290357123346012E-0008  -0.343130054208321546247E-0014   0.194912252416005022824E+0008  -0.130020624903202644873E+0003
    0.103166666666666650976E+0001   0.103689872272307536332E-0008  -0.326940481999122723145E-0014   0.194910614406379871070E+0008  -0.124026333883264882729E+0003
    0.103166666666666650976E+0001   0.103620913640062156177E-0008  -0.306928589408713624825E-0014   0.194909274649274684489E+0008  -0.116540928501609499790E+0003
    0.103166666666666650976E+0001   0.103563959257974429275E-0008  -0.285221260360271531015E-0014   0.194908166938836015761E+0008  -0.108379250484317608993E+0003
    0.103166666666666650976E+0001   0.103516486391319224030E-0008  -0.263212768731174786906E-0014   0.194907242813795059919E+0008  -0.100077813696238692387E+0003
    0.103166666666666650976E+0001   0.103476611215486626849E-0008  -0.241792123631840925518E-0014   0.194906466018189899623E+0008  -0.919803313282440200283E+0002
    0.103166666666666650976E+0001   0.103442901129037575009E-0008  -0.221505078208012624750E-0014   0.194905808897884711623E+0008  -0.842990475976526312252E+0002
    0.103166666666666650976E+0001   0.103414245279290323248E-0008  -0.202667894655789006608E-0014   0.194905249993966184556E+0008  -0.771580090758180148214E+0002
    0.103166666666666650976E+0001   0.103389769361024070729E-0008  -0.185446361855736145136E-0014   0.194904772393954955041E+0008  -0.706232286828916073773E+0002
    0.103166666666666650976E+0001   0.103368775398220306259E-0008  -0.169910197002785958867E-0014   0.194904362573679834604E+0008  -0.647235154609549994120E+0002
    0.103166666666666650976E+0001   0.103350697921124696263E-0008  -0.156070220693122507053E-0014   0.194904009563346691430E+0008  -0.594647489015040164873E+0002
    0.103166666666666650976E+0001   0.103183490664655447556E-0008  -0.210890435655935280659E-0014   0.132733906822012346238E+0008  -0.548396022008319121710E+0002
    0.103166666666666650976E+0001   0.103182136885747535153E-0008  -0.195485977991132652990E-0014   0.132733641812040079385E+0008  -0.508341467551615480147E+0002
    0.103166666666666650976E+0001   0.103180955732522864856E-0008  -0.182403505522387365338E-0014   0.132733410574517250061E+0008  -0.474323556170810931576E+0002
    0.103166666666666650976E+0001   0.103179918407555709506E-0008  -0.171585190930488152310E-0014   0.132733207478387355804E+0008  -0.446192409645442609190E+0002
    0.136500000000000087930E+0001   0.137879877047489879908E-0008  -0.300790232411807374430E-0013   0.132933250378974452615E+0008  -0.590035778574686673892E+0003
    0.136500000000000087930E+0001   0.138859772850987069053E-0008  -0.431257359038966850215E-0013   0.133074356231081895530E+0008  -0.837282627406727556263E+0003
    0.136500000000000087930E+0001   0.140492937279135604191E-0008  -0.538900752703733634287E-0013   0.133309665818503685296E+0008  -0.102941296258778629635E+0004
    0.136500000000000087930E+0001   0.159751302928897193586E-0008  -0.632640862014800446353E-0013   0.135744700625533871353E+0008  -0.999677258451445709397E+0003
    0.136500000000000087930E+0001   0.337736967749395072813E-0001  -0.703369046944808989279E-0006   0.209982939715624153614E+0008  -0.861178200473259039427E+0003
    0.136500000000000087930E+0001   0.457528053119248684366E-0001  -0.828936453402697046510E-0006   0.209759455552734583616E+0008  -0.711310258900370286028E+0003
    0.136500000000000087930E+0001   0.501162091188163752453E-0001  -0.514825635658228303947E-0006   0.209677686150154434144E+0008  -0.395759227092622040800E+0003
    0.136500000000000087930E+0001   0.512916946059163991745E-0001   0.106066411420523850260E-0007   0.209655705588246360421E+0008   0.785968793372138030406E+0001
    0.136500000000000087930E+0001   0.501101640912415685625E-0001   0.536793196476284909804E-0006   0.209677822886615581810E+0008   0.412767203800420020343E+0003
    0.136500000000000087930E+0001   0.457420158297199147546E-0001   0.852353309304775707618E-0006   0.209759652973783202469E+0008   0.732377842266291281703E+0003
    0.136500000000000087930E+0001   0.337623440974174487961E-0001   0.724704694436309534847E-0006   0.209982948556343689561E+0008   0.890046026703712186645E+0003
    0.136500000000000087930E+0001   0.892586619357047434182E-0008   0.339464661664221348879E-0012   0.197910908348107598722E+0008   0.103656495459217308053E+0004
    0.136500000000000087930E+0001   0.184052823999914642143E-0008   0.545680498281902273756E-0013   0.195475931524771600962E+0008   0.107460685096317138232E+0004
    0.136500000000000087930E+0001   0.162379960956470968223E-0008   0.386441657274509120926E-0013   0.195239951278108023107E+0008   0.895507630501645849108E+0003
    0.136500000000000087930E+0001   0.150799381843284919032E-0008   0.260310832180138955141E-0013   0.195098150795048400760E+0008   0.664990751071747240530E+0003
    0.136500000000000087930E+0001   0.145679288156945558087E-0008   0.162477762900198648915E-0013   0.195030465223921388388E+0008   0.434719178450754952792E+0003
    0.136500000000000087930E+0001   0.142807909236243338604E-0008   0.863921219075972809250E-0014   0.194991093231135085225E+0008   0.237706424091914925611E+0003
    0.136500000000000087930E+0001   0.141088596927291021907E-0008   0.303774881175653836065E-0014   0.194966973193994350731E+0008   0.854706407408700101769E+0002
    0.136500000000000087930E+0001   0.139978303438068188765E-0008  -0.860867764425019335263E-0015   0.194951172358738966286E+0008  -0.234405675955157946078E+0002
    0.136500000000000087930E+0001   0.139223077401789765925E-0008  -0.341855994256281431991E-0014   0.194940318734287917614E+0008  -0.962058346262870003329E+0002
    0.136500000000000087930E+0001   0.138686215042490507108E-0008  -0.497917666740278708443E-0014   0.194932549436446316540E+0008  -0.141254632422192344166E+0003
    0.136500000000000087930E+0001   0.138290705192793676282E-0008  -0.582987889713342637830E-0014   0.194926796158010102808E+0008  -0.166198409693949230359E+0003
    0.136500000000000087930E+0001   0.137990610363639851284E-0008  -0.619317892144644469178E-0014   0.194922413602738641202E+0008  -0.177162916298332703491E+0003
    0.136500000000000087930E+0001   0.137757339277925120772E-0008  -0.623352852447688465232E-0014   0.194918996398627981544E+0008  -0.178774069558505942723E+0003
    0.136500000000000087930E+0001   0.137572380318160614471E-0008  -0.606856974278313674104E-0014   0.194916280228751450777E+0008  -0.174386658862765244749E+0003
    0.136500000000000087930E+0001   0.137423323368243937863E-0008  -0.578039923252455285609E-0014   0.194914086900546401739E+0008  -0.166364311986182883629E+0003
    0.136500000000000087930E+0001   0.137301582055643433930E-0008  -0.542511095958492834906E-0014   0.194912292563592791557E+0008  -0.156333908663912836801E+0003
    0.136500000000000087930E+0001   0.137201045531853377197E-0008  -0.504025630384098451133E-0014   0.194910808738099075854E+0008  -0.145391357578205202117E+0003
    0.136500000000000087930E+0001   0.137117253954056493986E-0008  -0.465041392131921115647E-0014   0.194909570639087073505E+0008  -0.134258250686339835056E+0003
    0.136500000000000087930E+0001   0.137046878527966168910E-0008  -0.427122921529111248205E-0014   0.194908529783910922706E+0008  -0.123396885963474019832E+0003
    0.136500000000000087930E+0001   0.136987386997441366900E-0008  -0.391228685016984420920E-0014   0.194907649182229004800E+0008  -0.113092757878898837021E+0003
    0.136500000000000087930E+0001   0.136936817904046672217E-0008  -0.357912471735822750202E-0014   0.194906900122918114066E+0008  -0.103512756217714269269E+0003
    0.136500000000000087930E+0001   0.136893626985348311122E-0008  -0.327463071931647173977E-0014   0.194906259972249455750E+0008  -0.947457330012084071313E+0002
    0.136500000000000087930E+0001   0.136856581711431462222E-0008  -0.300000339675472130907E-0014   0.194905710626914463937E+0008  -0.868305130998996617109E+0002
    0.136500000000000087930E+0001   0.136824683669271983343E-0008  -0.275540760682199335607E-0014   0.194905237399742715061E+0008  -0.797750872204148748779E+0002
    0.136500000000000087930E+0001   0.136529672207434367194E-0008  -0.372051054356801480264E-0014   0.132735030687595605850E+0008  -0.735696837548358359982E+0002
    0.136500000000000087930E+0001   0.136527285051587021704E-0008  -0.344870559437257236833E-0014   0.132734675387045666575E+0008  -0.681956469685891590871E+0002
    0.136500000000000087930E+0001   0.136525202214754855555E-0008  -0.321787214177677071820E-0014   0.132734365349544156343E+0008  -0.636314897537485109069E+0002
    0.136500000000000087930E+0001   0.136523372940128121262E-0008  -0.302698827151516654388E-0014   0.132734093030340652913E+0008  -0.598571094905931317953E+0002
    0.169833333333333524884E+0001   0.171984517457231879976E-0008  -0.472260042939347524506E-0013   0.132985774846481885761E+0008  -0.747941967242362920842E+0003
    0.169833333333333524884E+0001   0.173511008792566057242E-0008  -0.677989537483292362769E-0013   0.133162830691814776510E+0008  -0.105957875450260758043E+0004
    0.169833333333333524884E+0001   0.176078637768942096839E-0008  -0.849542426880235800281E-0013   0.133460021716572642326E+0008  -0.130023002081830986754E+0004
    0.169833333333333524884E+0001   0.206495185192818091963E-0008  -0.101577374911295614516E-0012   0.136477890827322863042E+0008  -0.122792412263582764353E+0004
    0.169833333333333524884E+0001   0.417340261223908409738E-0001  -0.106250579940493803399E-0005   0.209547874896056093276E+0008  -0.102762185488163231639E+0004
    0.169833333333333524884E+0001   0.584977230407731779716E-0001  -0.130724967637499477234E-0005   0.209078637487558461726E+0008  -0.856985938309497555565E+0003
    0.169833333333333524884E+0001   0.653028232572067518502E-0001  -0.832965358827012922739E-0006   0.208878896506138816476E+0008  -0.478798855050703537017E+0003
    0.169833333333333524884E+0001   0.672255316041745210054E-0001   0.172623026432652648747E-0007   0.208821955273222364485E+0008   0.958763009272374411296E+0001
    0.169833333333333524884E+0001   0.652934506960373556295E-0001   0.868643458421727353344E-0006   0.208879193577234782279E+0008   0.499723192989136350661E+0003
    0.169833333333333524884E+0001   0.584812831950825284810E-0001   0.134490226210891867517E-0005   0.209079094925300255418E+0008   0.883395969069527723150E+0003
    0.169833333333333524884E+0001   0.417172217175982296133E-0001   0.109604834809236366253E-0005   0.209548093717483617365E+0008   0.106446566046887369339E+0004
    0.169833333333333524884E+0001   0.188890003026255900760E-0007   0.927682220160118387601E-0012   0.198642960931889303029E+0008   0.127493496337177225541E+0004
    0.169833333333333524884E+0001   0.247949329655962710599E-0008   0.943899098521668789232E-0013   0.195625333111406750977E+0008   0.135733246801248310476E+0004
    0.169833333333333524884E+0001   0.211283265932588739451E-0008   0.640692171437918058153E-0013   0.195327305239110365510E+0008   0.113310465660353497697E+0004
    0.169833333333333524884E+0001   0.192473164679096019572E-0008   0.421331872458704945130E-0013   0.195149378764115385711E+0008   0.842581882665688681300E+0003
    0.169833333333333524884E+0001   0.184286880246867989908E-0008   0.260054314044088015695E-0013   0.195064240750371366739E+0008   0.551416097415572266982E+0003
    0.169833333333333524884E+0001   0.179737065918755686291E-0008   0.137477175762779228327E-0013   0.195014707503298372030E+0008   0.302071748799847227929E+0003
    0.169833333333333524884E+0001   0.177025539929727184105E-0008   0.483096213383919228496E-0014   0.194984341149899996817E+0008   0.109287729046477906536E+0003
    0.169833333333333524884E+0001   0.175279666460394625140E-0008  -0.133341131518577424535E-0014   0.194964439762671813369E+0008  -0.287050602040500493217E+0002
    0.169833333333333524884E+0001   0.174094317751987066428E-0008  -0.536020851280323049524E-0014   0.194950763890039734542E+0008  -0.120952785697060505754E+0003
    0.169833333333333524884E+0001   0.173252742593091693912E-0008  -0.780930142439003287641E-0014   0.194940970999708399177E+0008  -0.178103504010737708541E+0003
    0.169833333333333524884E+0001   0.172633276272154174150E-0008  -0.914006235763149012707E-0014   0.194933717004026994109E+0008  -0.209783967859365475306E+0003
    0.169833333333333524884E+0001   0.172163536302654329999E-0008  -0.970532206986695241785E-0014   0.194928189772962406278E+0008  -0.223748316791270070780E+0003
    0.169833333333333524884E+0001   0.171798554992685925032E-0008  -0.976453777125537698525E-0014   0.194923878981374613941E+0008  -0.225855455911940055103E+0003
    0.169833333333333524884E+0001   0.171509257606188805819E-0008  -0.950271538558591851331E-0014   0.194920451798178553581E+0008  -0.220355899532840624033E+0003
    0.169833333333333524884E+0001   0.171276172386232134496E-0008  -0.904866328954430423737E-0014   0.194917683789557516575E+0008  -0.210245027078485435368E+0003
    0.169833333333333524884E+0001   0.171085837736309011486E-0008  -0.849023085934152493787E-0014   0.194915418930684514344E+0008  -0.197584821651879707360E+0003
    0.169833333333333524884E+0001   0.170928679008272816190E-0008  -0.788613334118669017111E-0014   0.194913545730937272310E+0008  -0.183764401163239739390E+0003
    0.169833333333333524884E+0001   0.170797711770535023516E-0008  -0.727474195597506915340E-0014   0.194911982538282237947E+0008  -0.169698479089691431909E+0003
    0.169833333333333524884E+0001   0.170687725248210861727E-0008  -0.668044036322765128985E-0014   0.194910668233667165041E+0008  -0.155973129817393640906E+0003
    0.169833333333333524884E+0001   0.170594755779244103518E-0008  -0.611813528497275483137E-0014   0.194909556175461672246E+0008  -0.142950340978703309247E+0003
    0.169833333333333524884E+0001   0.170515734982936620144E-0008  -0.559641389003170101237E-0014   0.194908610153827443719E+0008  -0.130841779352763751376E+0003
    0.169833333333333524884E+0001   0.170448247274545663788E-0008  -0.511973047642657446582E-0014   0.194907801617951542139E+0008  -0.119760206673221233586E+0003
    0.169833333333333524884E+0001   0.170390365062065326395E-0008  -0.468990864302215528264E-0014   0.194907107727589271963E+0008  -0.109754978491675515784E+0003
    0.169833333333333524884E+0001   0.170340527147586974797E-0008  -0.430716542850855607381E-0014   0.194906509949250891805E+0008  -0.100836365904314106956E+0003
    0.169833333333333524884E+0001   0.169879668327987707289E-0008  -0.581138170090228161651E-0014   0.132736195510856416076E+0008  -0.929921185058408070745E+0002
    0.169833333333333524884E+0001   0.169875941251432413510E-0008  -0.538676544386601461534E-0014   0.132735746652985531837E+0008  -0.861987128649313802953E+0002
    0.169833333333333524884E+0001   0.169872689209297869439E-0008  -0.502615628971906088174E-0014   0.132735354960297830403E+0008  -0.804290200089104132530E+0002
    0.169833333333333524884E+0001   0.169869832984273346672E-0008  -0.472795576748747129918E-0014   0.132735010906451288611E+0008  -0.756576448008627551189E+0002
    0.203166666666666939634E+0001   0.206272101339406209331E-0008  -0.686170572619439978876E-0013   0.133040294590315185487E+0008  -0.912808903958027258341E+0003
    0.203166666666666939634E+0001   0.208475861742821751374E-0008  -0.986287480440484687686E-0013   0.133254641575548127294E+0008  -0.129075775992107446655E+0004
    0.203166666666666939634E+0001   0.212213957109307308690E-0008  -0.123917837838938901646E-0012   0.133616336294411960989E+0008  -0.158056019260226366896E+0004
    0.203166666666666939634E+0001   0.256852967125745597791E-0008  -0.150910837298671780634E-0012   0.137235042403432428837E+0008  -0.144982592308536209202E+0004
    0.203166666666666939634E+0001   0.499355642782819200698E-0001  -0.149479892868776406546E-0005   0.209110742430906556547E+0008  -0.117478649413780271971E+0004
    0.203166666666666939634E+0001   0.719420856513250245312E-0001  -0.190309677152196571123E-0005   0.208359370916327498853E+0008  -0.989522902652127754664E+0003
    0.203166666666666939634E+0001   0.816141340169939388804E-0001  -0.123825186883172130496E-0005   0.208010309092824235559E+0008  -0.554917100083741729577E+0003
    0.203166666666666939634E+0001   0.844507720961466118448E-0001   0.258987184294559698421E-0007   0.207906558235029131174E+0008   0.112789237346620403457E+0002
    0.203166666666666939634E+0001   0.816007532950553254869E-0001   0.129174401100529982194E-0005   0.208010811482272855937E+0008   0.579741971543332738293E+0003
    0.203166666666666939634E+0001   0.719189210924473243391E-0001   0.195922806990667072214E-0005   0.208360161826207786798E+0008   0.102142249651250233455E+0004
    0.203166666666666939634E+0001   0.499123838257311130961E-0001   0.154406633350590431864E-0005   0.209111242766583487391E+0008   0.122001533327536913021E+0004
    0.203166666666666939634E+0001   0.398728615876198570867E-0007   0.241023399215374256164E-0011   0.199398872247955463827E+0008   0.150747134285380366236E+0004
    0.203166666666666939634E+0001   0.322361993122463384340E-0008   0.151676985798089060432E-0012   0.195780649215308539569E+0008   0.165003716192435467747E+0004
    0.203166666666666939634E+0001   0.264737330949363413972E-0008   0.984796894546820199637E-0013   0.195417947410602085292E+0008   0.138017291026232237527E+0004
    0.203166666666666939634E+0001   0.236379373913682987106E-0008   0.631753065905597659067E-0013   0.195202548795388564467E+0008   0.102788877896939015955E+0004
    0.203166666666666939634E+0001   0.224245869518483289409E-0008   0.385483297086340934812E-0013   0.195099297669323869050E+0008   0.673519434581060977507E+0003
    0.203166666666666939634E+0001   0.217565349810932393198E-0008   0.202597515455880043210E-0013   0.195039221425591111183E+0008   0.369690245325361388495E+0003
    0.203166666666666939634E+0001   0.213604001518309204738E-0008   0.711681952387221726516E-0014   0.195002373388447910547E+0008   0.134609235790080646211E+0003
    0.203166666666666939634E+0001   0.211061448009027902479E-0008  -0.190705171778353217190E-0014   0.194978216709538325667E+0008  -0.337644383960851683923E+0002
    0.203166666666666939634E+0001   0.209338663769667450417E-0008  -0.777603627535184213604E-0014   0.194961611829002574086E+0008  -0.146393381616499482334E+0003
    0.203166666666666939634E+0001   0.208117177955776632041E-0008  -0.113338733873987334208E-0013   0.194949718590501025319E+0008  -0.216224436191933364171E+0003
    0.203166666666666939634E+0001   0.207218913026497542694E-0008  -0.132608890296341809277E-0013   0.194940906771365664899E+0008  -0.254980714486390866114E+0003
    0.203166666666666939634E+0001   0.206538219232025546448E-0008  -0.140750191948233233930E-0013   0.194934191149113886058E+0008  -0.272113985514982914538E+0003
    0.203166666666666939634E+0001   0.206009590693894837968E-0008  -0.141551963409578570081E-0013   0.194928952512066029012E+0008  -0.274770336297281062343E+0003
    0.203166666666666939634E+0001   0.205590735703278941872E-0008  -0.137707312148324358910E-0013   0.194924786950307823718E+0008  -0.268136195550826187173E+0003
    0.203166666666666939634E+0001   0.205253362370131285351E-0008  -0.131086872854917862591E-0013   0.194921422058911286294E+0008  -0.255867413062703633386E+0003
    0.203166666666666939634E+0001   0.204977928314316475929E-0008  -0.122964067684564677701E-0013   0.194918668434643223882E+0008  -0.240481026692242352283E+0003
    0.203166666666666939634E+0001   0.204750543340453995652E-0008  -0.114188612927327231347E-0013   0.194916390713746808469E+0008  -0.223672894985071479823E+0003
    0.203166666666666939634E+0001   0.204561080453307649925E-0008  -0.105314927896930019232E-0013   0.194914489743515811861E+0008  -0.206559818103305417480E+0003
    0.203166666666666939634E+0001   0.204401987943113716262E-0008  -0.966947201151897075584E-0014   0.194912891292247027159E+0008  -0.189857433775296811973E+0003
    0.203166666666666939634E+0001   0.204267522970831282194E-0008  -0.885425446988590767964E-0014   0.194911538701882511377E+0008  -0.174007836923237704241E+0003
    0.203166666666666939634E+0001   0.204153241223986971390E-0008  -0.809816187763527375875E-0014   0.194910387978987060487E+0008  -0.159269625088037912519E+0003
    0.203166666666666939634E+0001   0.204055645560706563895E-0008  -0.740755075146244487672E-0014   0.194909404429907239974E+0008  -0.145780660225420064080E+0003
    0.203166666666666939634E+0001   0.203971945326354628531E-0008  -0.678498632870640587480E-0014   0.194908560295963659883E+0008  -0.133601398734228325793E+0003
    0.203166666666666939634E+0001   0.203899880874600780195E-0008  -0.623072314674347630595E-0014   0.194907833049346879125E+0008  -0.122744576438412877906E+0003
    0.203166666666666939634E+0001   0.203233625123230811499E-0008  -0.840015760239667386102E-0014   0.132737406626728530973E+0008  -0.113195421853905273224E+0003
    0.203166666666666939634E+0001   0.203228239873441601672E-0008  -0.778630293913799176234E-0014   0.132736860509554352611E+0008  -0.104925382923769845434E+0003
    0.203166666666666939634E+0001   0.203223540878900926831E-0008  -0.726498234125036459445E-0014   0.132736383927585911006E+0008  -0.979014824338278231153E+0002
    0.203166666666666939634E+0001   0.203219413714538112172E-0008  -0.683388239244495534627E-0014   0.132735965295490268618E+0008  -0.920928314298094647938E+0002
    0.236500000000000154543E+0001   0.240750970010140448488E-0008  -0.944867140030895025914E-0013   0.133097083350669331849E+0008  -0.108520255242596590506E+0004
    0.236500000000000154543E+0001   0.243769852229022694821E-0008  -0.135973800035732998508E-0012   0.133350291453456953168E+0008  -0.153155487723910937348E+0004
    0.236500000000000154543E+0001   0.248930801229955671152E-0008  -0.171300242099438258673E-0012   0.133779431777373403311E+0008  -0.187119763561230047344E+0004
    0.236500000000000154543E+0001   0.311252976195025279807E-0008  -0.212547590863595017860E-0012   0.138022708207717593759E+0008  -0.166516494318499690053E+0004
    0.236500000000000154543E+0001   0.584664770937185912514E-0001  -0.200144829987165237244E-0005   0.208662592573403976858E+0008  -0.130191751611259360288E+0004
    0.236500000000000154543E+0001   0.861452738711117743664E-0001  -0.262076042178869086826E-0005   0.207597720462728254497E+0008  -0.110877909835381137782E+0004
    0.236500000000000154543E+0001   0.990597470233905152970E-0001  -0.173463330738793060210E-0005   0.207072720571617670357E+0008  -0.624136140423584606651E+0003
    0.236500000000000154543E+0001   0.102957852819073117367E+0000   0.367186149501066946746E-0007   0.206911892958133853972E+0008   0.129496383503214893551E+0002
    0.236500000000000154543E+0001   0.990417033138931840464E-0001   0.181051490122945383505E-0005   0.207073470681567639112E+0008   0.652874384928365543601E+0003
    0.236500000000000154543E+0001   0.861143470231665458803E-0001   0.270020845439325999385E-0005   0.207598914516708515584E+0008   0.114633670775844279888E+0004
    0.236500000000000154543E+0001   0.584360229060668368017E-0001   0.207053394443555261229E-0005   0.208663442746810652316E+0008   0.135595832642044751992E+0004
    0.236500000000000154543E+0001   0.853111356645327392857E-0007   0.613043489931522830661E-0011   0.200185190156653113663E+0008   0.173399032668996801476E+0004
    0.236500000000000154543E+0001   0.409573349965214590168E-0008   0.232047708508421877739E-0012   0.195942699331367053092E+0008   0.195356432830987409943E+0004
    0.236500000000000154543E+0001   0.323373295615076807450E-0008   0.143776538286220545880E-0012   0.195512375897997841239E+0008   0.163751267095303705901E+0004
    0.236500000000000154543E+0001   0.282733931648220821835E-0008   0.898842527675350374834E-0013   0.195257929237738065422E+0008   0.122156163275898734355E+0004
    0.236500000000000154543E+0001   0.265660209718077527922E-0008   0.541993919619302236839E-0013   0.195135806612424664199E+0008   0.801475656597864031028E+0003
    0.236500000000000154543E+0001   0.256351808697518436725E-0008   0.283151848000520477171E-0013   0.195064750182654894888E+0008   0.440812798558936378868E+0003
    0.236500000000000154543E+0001   0.250861739732839022063E-0008   0.994386676943304191127E-0014   0.195021152484491243958E+0008   0.161525894153773435846E+0003
    0.236500000000000154543E+0001   0.247349810145045169498E-0008  -0.258122671927911458467E-0014   0.194992564987845234573E+0008  -0.386461516739183750246E+0002
    0.236500000000000154543E+0001   0.244975323033300374389E-0008  -0.106908124883597469715E-0013   0.194972910407262668014E+0008  -0.172635453643943208135E+0003
    0.236500000000000154543E+0001   0.243294233845286884257E-0008  -0.155904325530988088589E-0013   0.194958830290800035000E+0008  -0.255775593097514104102E+0003
    0.236500000000000154543E+0001   0.242059249784889674091E-0008  -0.182354807636458714565E-0013   0.194948396426836214960E+0008  -0.301974929017442434542E+0003
    0.236500000000000154543E+0001   0.241124086555591465682E-0008  -0.193468261342470468207E-0013   0.194940443355246931314E+0008  -0.322458694292103473344E+0003
    0.236500000000000154543E+0001   0.240398233211036774392E-0008  -0.194491361375184986302E-0013   0.194934238498741984367E+0008  -0.325719445131548923200E+0003
    0.236500000000000154543E+0001   0.239823346116616833296E-0008  -0.189140430566600065296E-0013   0.194929303954420350492E+0008  -0.317923455142474836066E+0003
    0.236500000000000154543E+0001   0.239360441789390089290E-0008  -0.179990598618218563855E-0013   0.194925317384612075984E+0008  -0.303418420119706865989E+0003
    0.236500000000000154543E+0001   0.238982617939125147237E-0008  -0.168791510892473694637E-0013   0.194922054644985198975E+0008  -0.285198222774787382150E+0003
    0.236500000000000154543E+0001   0.238670767341103319792E-0008  -0.156708693601247811227E-0013   0.194919355524515993893E+0008  -0.265280237075787056256E+0003
    0.236500000000000154543E+0001   0.238410967725424485839E-0008  -0.144501383617214377291E-0013   0.194917102655342593789E+0008  -0.244993136016358505458E+0003
    0.236500000000000154543E+0001   0.238192842534871182011E-0008  -0.132650363684140288253E-0013   0.194915208157027587295E+0008  -0.225188434632245929379E+0003
    0.236500000000000154543E+0001   0.238008503619741890753E-0008  -0.121448285255134143859E-0013   0.194913604944752827287E+0008  -0.206392275189706424499E+0003
    0.236500000000000154543E+0001   0.237851847835133145637E-0008  -0.111062679867720767099E-0013   0.194912240921842083335E+0008  -0.188912530445508792809E+0003
    0.236500000000000154543E+0001   0.237718075697228272466E-0008  -0.101579479844321610474E-0013   0.194911074998860508204E+0008  -0.172913454629327759449E+0003
    0.236500000000000154543E+0001   0.237603357181034525220E-0008  -0.930328358077744857803E-0014   0.194910074295611046255E+0008  -0.158467219473826958165E+0003
    0.236500000000000154543E+0001   0.237504591950715090700E-0008  -0.854254040217687832653E-0014   0.194909212124564722180E+0008  -0.145589218886556068355E+0003
    0.236500000000000154543E+0001   0.236591705826489164515E-0008  -0.115076301344688563724E-0013   0.132738668994604293257E+0008  -0.134262106681246706330E+0003
    0.236500000000000154543E+0001   0.236584331042064598228E-0008  -0.106665750320382019812E-0013   0.132738021513038743287E+0008  -0.124452119705460191312E+0003
    0.236500000000000154543E+0001   0.236577895904058008283E-0008  -0.995230373495753930543E-0014   0.132737456456571202725E+0008  -0.116120201306465148150E+0003
    0.236500000000000154543E+0001   0.236572243755544108420E-0008  -0.936164334513362257890E-0014   0.132736960094737671316E+0008  -0.109229744119908943389E+0003
    0.269833333333333369453E+0001   0.275430499951512392280E-0008  -0.125090612957060480445E-0012   0.133156392705089710653E+0008  -0.126567250736002893063E+0004
    0.269833333333333369453E+0001   0.279410576138267263017E-0008  -0.180228525324996139735E-0012   0.133450231947206649929E+0008  -0.178270081864142775885E+0004
    0.269833333333333369453E+0001   0.286265250632906141329E-0008  -0.227679422442957096918E-0012   0.133950053851912282407E+0008  -0.217295507935330442706E+0004
    0.269833333333333369453E+0001   0.370215802631740688107E-0008  -0.287995527567998646559E-0012   0.138846244298746362329E+0008  -0.187380748987438300901E+0004
    0.269833333333333369453E+0001   0.673966744352866992118E-0001  -0.258302789572505104733E-0005   0.208196753296089917421E+0008  -0.140841265136736114982E+0004
    0.269833333333333369453E+0001   0.101164725880246345047E+0000  -0.346413791708904498379E-0005   0.206789890162169113755E+0008  -0.121477097036913187367E+0004
    0.269833333333333369453E+0001   0.117660800224978615014E+0000  -0.232561054625414646494E-0005   0.206065891492555178702E+0008  -0.686601719648723360478E+0003
    0.269833333333333369453E+0001   0.122751672537839459642E+0000   0.499466399726406123636E-0007   0.205839128029735907912E+0008   0.146143317451009071561E+0002
    0.269833333333333369453E+0001   0.117637460031214807765E+0000   0.242898733977094300108E-0005   0.206066929639430232346E+0008   0.719292362768499629055E+0003
    0.269833333333333369453E+0001   0.101125029444702363435E+0000   0.357242416786745066118E-0005   0.206791553822184726596E+0008   0.125817545736964120806E+0004
    0.269833333333333369453E+0001   0.673580742557541717330E-0001   0.267669436361029202268E-0005   0.208198018578088469803E+0008   0.147171157679768703019E+0004
    0.269833333333333369453E+0001   0.187065538131968905101E-0006   0.155623667646455528325E-0010   0.201007259899645932019E+0008   0.195439230582873938147E+0004
    0.269833333333333369453E+0001   0.512515612937019547431E-0008   0.343096179925703215223E-0012   0.196112227591650374234E+0008   0.226877361954004300060E+0004
    0.269833333333333369453E+0001   0.387952466892968637514E-0008   0.202324441218603648255E-0012   0.195611038030845150352E+0008   0.190591804668957638569E+0004
    0.269833333333333369453E+0001   0.331787849019856534456E-0008   0.123118965102792779242E-0012   0.195315766468009203672E+0008   0.142423202618244567930E+0004
    0.269833333333333369453E+0001   0.308648737756828842315E-0008   0.733300497196423483259E-0013   0.195173925778346918523E+0008   0.935709884172019201287E+0003
    0.269833333333333369453E+0001   0.296163268210054677376E-0008   0.380718992598115799559E-0013   0.195091401607777103782E+0008   0.515671829386370291104E+0003
    0.269833333333333369453E+0001   0.288841217491352139673E-0008   0.133658112084838526542E-0013   0.195040756301330663264E+0008   0.190114939499194036898E+0003
    0.269833333333333369453E+0001   0.284174045849162677803E-0008  -0.335609404464725190429E-0014   0.195007543203206323087E+0008  -0.433861842320372232962E+0002
    0.269833333333333369453E+0001   0.281025732461295448589E-0008  -0.141327597820928643062E-0013   0.194984705226861350238E+0008  -0.199791254159195545981E+0003
    0.269833333333333369453E+0001   0.278800289848081826717E-0008  -0.206211621073529161064E-0013   0.194968342523564696312E+0008  -0.296916472249117873616E+0003
    0.269833333333333369453E+0001   0.277167213449650994956E-0008  -0.241119993916817148274E-0013   0.194956215675870589912E+0008  -0.350952059807886655562E+0003
    0.269833333333333369453E+0001   0.275931596303559210103E-0008  -0.255703218893914937910E-0013   0.194946971030038483441E+0008  -0.374978957301417551662E+0003
    0.269833333333333369453E+0001   0.274973109263586755100E-0008  -0.256947839984192890584E-0013   0.194939757662040963769E+0008  -0.378900385299723495791E+0003
    0.269833333333333369453E+0001   0.274214316899780002723E-0008  -0.249785432926621152659E-0013   0.194934020438530705869E+0008  -0.369909977355565843027E+0003
    0.269833333333333369453E+0001   0.273603545161779631775E-0008  -0.237624697709130021680E-0013   0.194929384911965653300E+0008  -0.353081185787036758938E+0003
    0.269833333333333369453E+0001   0.273105169856788661111E-0008  -0.222777063157638646018E-0013   0.194925590685974657536E+0008  -0.331908275967469364787E+0003
    0.269833333333333369453E+0001   0.272693909333580886619E-0008  -0.206779619010087488865E-0013   0.194922451623215936124E+0008  -0.308746089659310769093E+0003
    0.269833333333333369453E+0001   0.272351354352296294074E-0008  -0.190631953892087506808E-0013   0.194919831350020244718E+0008  -0.285145733324290290511E+0003
    0.269833333333333369453E+0001   0.272063791631301123102E-0008  -0.174965887531793066801E-0013   0.194917627744570001960E+0008  -0.262101408087378501932E+0003
    0.269833333333333369453E+0001   0.271820800852387664577E-0008  -0.160165128270962115771E-0013   0.194915762842098362744E+0008  -0.240227547623302939428E+0003
    0.269833333333333369453E+0001   0.271614322166354661442E-0008  -0.146448602283028496299E-0013   0.194914176089987345040E+0008  -0.219883820421738789719E+0003
    0.269833333333333369453E+0001   0.271438020648053777223E-0008  -0.133927926074539553398E-0013   0.194912819724167175591E+0008  -0.201262257038872292014E+0003
    0.269833333333333369453E+0001   0.271286841521792779650E-0008  -0.122646728727224308107E-0013   0.194911655519217401743E+0008  -0.184447397291647803286E+0003
    0.269833333333333369453E+0001   0.271156694202447408253E-0008  -0.112607377257309897289E-0013   0.194910652445835731924E+0008  -0.169457491835568902161E+0003
    0.269833333333333369453E+0001   0.269954089993807172100E-0008  -0.151566476298184431757E-0013   0.132739987434926461428E+0008  -0.156272552651858148920E+0003
    0.269833333333333369453E+0001   0.269944379874372844858E-0008  -0.140487429167264037995E-0013   0.132739234093265924603E+0008  -0.144853400298675751401E+0003
    0.269833333333333369453E+0001   0.269935906799779802188E-0008  -0.131078490394877984981E-0013   0.132738576636666171253E+0008  -0.135154642071694979677E+0003
    0.269833333333333369453E+0001   0.269928464551289553196E-0008  -0.123297822446702089501E-0013   0.132737999094971474260E+0008  -0.127133704023520238025E+0003
    0.303166666666666584362E+0001   0.310321075170526996309E-0008  -0.160706454552638108688E-0012   0.133218463593550845981E+0008  -0.145477428608104355590E+0004
    0.303166666666666584362E+0001   0.315417657161928068384E-0008  -0.231826028980529079665E-0012   0.133554887424467708915E+0008  -0.204494723384732947125E+0004
    0.303166666666666584362E+0001   0.324257631984719071718E-0008  -0.293699083721237446582E-0012   0.134128907851038537920E+0008  -0.248668687015174009503E+0004
    0.303166666666666584362E+0001   0.434369183818304261919E-0008  -0.379044044826950464511E-0012   0.139710255921524874866E+0008  -0.207572700420553610456E+0004
    0.303166666666666584362E+0001   0.767842453474614494713E-0001  -0.323909518625633561630E-0005   0.207708065922712385654E+0008  -0.149380800867126981757E+0004
    0.303166666666666584362E+0001   0.117056200310284241883E+0000  -0.443657766235511229235E-0005   0.205932307668455429375E+0008  -0.130759125527215792317E+0004
    0.303166666666666584362E+0001   0.137448557964225753780E+0000  -0.301439869108921957788E-0005   0.204988747352126874030E+0008  -0.742501047915339654537E+0003
    0.303166666666666584362E+0001   0.143851324286177056910E+0000   0.658372365763324189688E-0007   0.204688274501196071506E+0008   0.162863067871670246234E+0002
    0.303166666666666584362E+0001   0.137419304867726632668E+0000   0.315097805900239849545E-0005   0.204990112238250449300E+0008   0.779207574883911888719E+0003
    0.303166666666666584362E+0001   0.117006752974398747780E+0000   0.458000225143347588315E-0005   0.205934504734399430454E+0008   0.135705205251162965396E+0004
    0.303166666666666584362E+0001   0.767366573809086793823E-0001   0.336287115186901608169E-0005   0.207709808936346471310E+0008   0.156683466978308410944E+0004
    0.303166666666666584362E+0001   0.423886483291683491297E-0006   0.399795374080837825007E-0010   0.201869661281608305871E+0008   0.216868547429511545488E+0004
    0.303166666666666584362E+0001   0.634983734694754725222E-0008   0.495179262382383635769E-0012   0.196289940560258142650E+0008   0.259656299671434771881E+0004
    0.303166666666666584362E+0001   0.459394484520896271068E-0008   0.277082985237856586124E-0012   0.195714354041262343526E+0008   0.218620427781292073632E+0004
    0.303166666666666584362E+0001   0.383832262387464563980E-0008   0.163898103027615718432E-0012   0.195376296325898952782E+0008   0.163653770287771453695E+0004
    0.303166666666666584362E+0001   0.353346655971439705396E-0008   0.963681754753718769099E-0013   0.195213807831326164305E+0008   0.107664530158122079229E+0004
    0.303166666666666584362E+0001   0.337074882312048580104E-0008   0.497080586928052189736E-0013   0.195119280587623789907E+0008   0.594494453169962412176E+0003
    0.303166666666666584362E+0001   0.327589843360861271284E-0008   0.174419479653041387390E-0013   0.195061261014889515936E+0008   0.220447561394583260608E+0003
    0.303166666666666584362E+0001   0.321566696958509599368E-0008  -0.423271877241887009549E-0014   0.195023208960197269917E+0008  -0.480261468814607468403E+0002
    0.303166666666666584362E+0001   0.317513620900827675373E-0008  -0.181339139456340474839E-0013   0.194997041276441663504E+0008  -0.227977853406046818918E+0003
    0.303166666666666584362E+0001   0.314653427553066532285E-0008  -0.264732588630377076886E-0013   0.194978291327380202711E+0008  -0.339810537021174809524E+0003
    0.303166666666666584362E+0001   0.312557043938923949837E-0008  -0.309439726694907978884E-0013   0.194964393979210741818E+0008  -0.402100759915137530243E+0003
    0.303166666666666584362E+0001   0.310972249248245630436E-0008  -0.328003767458998730773E-0013   0.194953798655089586973E+0008  -0.429873860789400566773E+0003
    0.303166666666666584362E+0001   0.309743692642196344572E-0008  -0.329455746046319981437E-0013   0.194945530621759928763E+0008  -0.434512824897114001033E+0003
    0.303166666666666584362E+0001   0.308771576812624911414E-0008  -0.320147564420548653534E-0013   0.194938953966608755291E+0008  -0.424289728071042077318E+0003
    0.303166666666666584362E+0001   0.307989395320979104786E-0008  -0.304458329265562590931E-0013   0.194933639746692292392E+0008  -0.405040204090324095887E+0003
    0.303166666666666584362E+0001   0.307351347475895288953E-0008  -0.285351415915613164329E-0013   0.194929289658752344549E+0008  -0.380784167573819104291E+0003
    0.303166666666666584362E+0001   0.306824957450655026190E-0008  -0.264793912611276012337E-0013   0.194925690457873232663E+0008  -0.354231042161237269283E+0003
    0.303166666666666584362E+0001   0.306386593952350074358E-0008  -0.244062799347190537659E-0013   0.194922685899493992329E+0008  -0.327165690288058158330E+0003
    0.303166666666666584362E+0001   0.306018664030318183718E-0008  -0.223963682012009541823E-0013   0.194920158972339481115E+0008  -0.300732293041219236329E+0003
    0.303166666666666584362E+0001   0.305707805533169826183E-0008  -0.204984640170649923771E-0013   0.194918020336400158703E+0008  -0.275638116228257104012E+0003
    0.303166666666666584362E+0001   0.305443687265018655853E-0008  -0.187403172873039216024E-0013   0.194916200597865022719E+0008  -0.252297315163950798933E+0003
    0.303166666666666584362E+0001   0.305218191642348400176E-0008  -0.171359848804851466379E-0013   0.194914645013607777655E+0008  -0.230931168716662995166E+0003
    0.303166666666666584362E+0001   0.305024844596245802821E-0008  -0.156908632603414944695E-0013   0.194913309768896810710E+0008  -0.211637272798442836574E+0003
    0.303166666666666584362E+0001   0.304858407315392052777E-0008  -0.144051043042531401525E-0013   0.194912159294114857912E+0008  -0.194436936570629455900E+0003
    0.303166666666666584362E+0001   0.303320973317901386056E-0008  -0.193720966446982141428E-0013   0.132741366778467781842E+0008  -0.179307447910112756517E+0003
    0.303166666666666584362E+0001   0.303308566311858714804E-0008  -0.179558547747725201340E-0013   0.132740502690491881222E+0008  -0.166203981959932491463E+0003
    0.303166666666666584362E+0001   0.303297739762547424359E-0008  -0.167531055637562722283E-0013   0.132739748567663580179E+0008  -0.155074527041270187055E+0003
    0.303166666666666584362E+0001   0.303288230225058834117E-0008  -0.157584954758918964019E-0013   0.132739086097194775939E+0008  -0.145870270208296915371E+0003
    0.336499999999999799272E+0001   0.345434093901790204011E-0008  -0.201635547362253043311E-0012   0.133283534145792275667E+0008  -0.165308437719999051296E+0004
    0.336499999999999799272E+0001   0.351812772470252995734E-0008  -0.291241939194773306246E-0012   0.133664670933757647872E+0008  -0.231908376059547572368E+0004
    0.336499999999999799272E+0001   0.362952722652438005064E-0008  -0.370077251352905996665E-0012   0.134316683836720623076E+0008  -0.281330431148267825847E+0004
    0.336499999999999799272E+0001   0.504468191248018942300E-0008  -0.487834281838395218546E-0012   0.140618885142026562244E+0008  -0.227100607689997468697E+0004
    0.336499999999999799272E+0001   0.866796086571561402723E-0001  -0.396791407090634405360E-0005   0.207192397933276630938E+0008  -0.155775792321714334321E+0004
    0.336499999999999799272E+0001   0.133874881756920305342E+0000  -0.554075875739819077989E-0005   0.205021564924878552556E+0008  -0.138736757123352185772E+0004
    0.336499999999999799272E+0001   0.158463474834905720945E+0000  -0.380401996284336753145E-0005   0.203839509227306470275E+0008  -0.792025895047852145581E+0003
    0.336499999999999799272E+0001   0.166289050855050829503E+0000   0.846819870998583248525E-0007   0.203458313485763520002E+0008   0.179778110910451687232E+0002
    0.336499999999999799272E+0001   0.158427706749781294082E+0000   0.398019585043395404336E-0005   0.203841238331912420690E+0008   0.832835017005876920848E+0003
    0.336499999999999799272E+0001   0.133814727812748085478E+0000   0.572650669324985414442E-0005   0.205024357043868750334E+0008   0.144311593152586897304E+0004
    0.336499999999999799272E+0001   0.866222398794267711697E-0001   0.412820123274869405969E-0005   0.207194679597451053560E+0008   0.164101690301589269438E+0004
    0.336499999999999799272E+0001   0.999195862071073606482E-0006   0.105050291299726938544E-0009   0.202776472014335542917E+0008   0.237698744720007971409E+0004
    0.336499999999999799272E+0001   0.781932434441262531381E-0008   0.702554949677028077229E-0012   0.196476536817529313266E+0008   0.293787791171287972247E+0004
    0.336499999999999799272E+0001   0.538814067022741247836E-0008   0.371780023047521217480E-0012   0.195822733203579038382E+0008   0.247922600040895758866E+0004
    0.336499999999999799272E+0001   0.439204921095815260953E-0008   0.213434697539213577244E-0012   0.195439752016296535730E+0008   0.185913936205267032165E+0004
    0.336499999999999799272E+0001   0.399907508300537154972E-0008   0.123807926602809170769E-0012   0.195255604646655507386E+0008   0.122471640858513023886E+0004
    0.336499999999999799272E+0001   0.379170914790027818547E-0008   0.634250008707552617506E-0013   0.195148492097424641252E+0008   0.677511482953675340468E+0003
    0.336499999999999799272E+0001   0.367160344468343214775E-0008   0.222377848890640336258E-0013   0.195082743198890835047E+0008   0.252594003248034312037E+0003
    0.336499999999999799272E+0001   0.359563757260787086077E-0008  -0.521323128225126808964E-0014   0.195039620368200093508E+0008  -0.526112978095232932674E+0002
    0.336499999999999799272E+0001   0.354465131135862347719E-0008  -0.227305306861678893110E-0013   0.195009964064487926662E+0008  -0.257317436288379781217E+0003
    0.336499999999999799272E+0001   0.350873509493272559872E-0008  -0.331993864940107722825E-0013   0.194988713237538486719E+0008  -0.384627056573165361897E+0003
    0.336499999999999799272E+0001   0.348244348260993062331E-0008  -0.387907186875421614523E-0013   0.194972961256129629910E+0008  -0.455615697081001371771E+0003
    0.336499999999999799272E+0001   0.346258627635255505666E-0008  -0.410975237236863097430E-0013   0.194960951128161475062E+0008  -0.487348422250100725250E+0003
    0.336499999999999799272E+0001   0.344720332956643823859E-0008  -0.412602655898637765634E-0013   0.194951578372222147882E+0008  -0.492762110173835765181E+0003
    0.336499999999999799272E+0001   0.343503777288978023602E-0008  -0.400781025296198484397E-0013   0.194944122438404299319E+0008  -0.481262007294969293980E+0003
    0.336499999999999799272E+0001   0.342525320615555564435E-0008  -0.381005111356036491024E-0013   0.194938097295225411654E+0008  -0.459484918084620801437E+0003
    0.336499999999999799272E+0001   0.341727428114443639725E-0008  -0.356985341116028035844E-0013   0.194933164933919347823E+0008  -0.432003432774654356763E+0003
    0.336499999999999799272E+0001   0.341069340821319271148E-0008  -0.331180084590005990220E-0013   0.194929083718364797533E+0008  -0.401899851442398642121E+0003
    0.336499999999999799272E+0001   0.340521422245999156111E-0008  -0.305182330228141492162E-0013   0.194925676593286842108E+0008  -0.371204887765760645379E+0003
    0.336499999999999799272E+0001   0.340061622475932872461E-0008  -0.279995026979002749315E-0013   0.194922810954097621143E+0008  -0.341220487648574021478E+0003
    0.336499999999999799272E+0001   0.339673202691012954336E-0008  -0.256224286696381987591E-0013   0.194920385547800548375E+0008  -0.312751589178343579079E+0003
    0.336499999999999799272E+0001   0.339343226536591036883E-0008  -0.234213436282100420743E-0013   0.194918321721266806126E+0008  -0.286269697014452276562E+0003
    0.336499999999999799272E+0001   0.339061533092412132312E-0008  -0.214135191615263585548E-0013   0.194916557422031275928E+0008  -0.262026897984800427821E+0003
    0.336499999999999799272E+0001   0.338820022318381827288E-0008  -0.196054557283116866533E-0013   0.194915042981319092214E+0008  -0.240134566478919026622E+0003
    0.336499999999999799272E+0001   0.338612140653939164024E-0008  -0.179971460486550679885E-0013   0.194913738073937520385E+0008  -0.220617273832900764319E+0003
    0.336499999999999799272E+0001   0.336692567856722667025E-0008  -0.241809349840110766176E-0013   0.132742811969938687980E+0008  -0.203449485134897543048E+0003
    0.336499999999999799272E+0001   0.336677085332351596421E-0008  -0.224128760498372396253E-0013   0.132741831850416399539E+0008  -0.188580475826245589133E+0003
    0.336499999999999799272E+0001   0.336663574867448376355E-0008  -0.209113473325207306444E-0013   0.132740976447290219367E+0008  -0.175951304916589435834E+0003
    0.336499999999999799272E+0001   0.336651707763353707225E-0008  -0.196696582802955654050E-0013   0.132740224993666466326E+0008  -0.165506622878722652104E+0003
