  0.6500000000000E-01  0.0000000E+00  0.0000000E+00 -0.0000000E+00 -0.0000000E+00  0.0000000E+00  0.0000000E+00
  0.9833333333333E-01  0.1414087E-03  0.4242261E-02 -0.5288654E-04 -0.1586596E-02  0.6661352E-04  0.1998406E-02
  0.1316666666667E+00  0.2131653E-03  0.2152697E-02 -0.7982844E-04 -0.8082570E-03  0.1004461E-03  0.1014979E-02
  0.1650000000000E+00  0.2857805E-03  0.2178455E-02 -0.1071638E-03 -0.8200615E-03  0.1347029E-03  0.1027702E-02
  0.1983333333333E+00  0.3584820E-03  0.2181045E-02 -0.1346006E-03 -0.8231023E-03  0.1690179E-03  0.1029450E-02
  0.2316666666667E+00  0.4312802E-03  0.2183946E-02 -0.1621408E-03 -0.8262072E-03  0.2033945E-03  0.1031299E-02
  0.2650000000000E+00  0.5041848E-03  0.2187140E-02 -0.1897866E-03 -0.8293723E-03  0.2378360E-03  0.1033245E-02
  0.2983333333333E+00  0.5772051E-03  0.2190609E-02 -0.2175397E-03 -0.8325942E-03  0.2723454E-03  0.1035282E-02
  0.3316666666667E+00  0.6503497E-03  0.2194338E-02 -0.2454020E-03 -0.8358698E-03  0.3069256E-03  0.1037406E-02
  0.3650000000000E+00  0.7236268E-03  0.2198314E-02 -0.2733752E-03 -0.8391965E-03  0.3415794E-03  0.1039613E-02
  0.3983333333333E+00  0.7970443E-03  0.2202524E-02 -0.3014610E-03 -0.8425718E-03  0.3763094E-03  0.1041901E-02
  0.4316666666667E+00  0.8706095E-03  0.2206957E-02 -0.3296608E-03 -0.8459937E-03  0.4111183E-03  0.1044267E-02
  0.4650000000000E+00  0.9443296E-03  0.2211602E-02 -0.3579761E-03 -0.8494602E-03  0.4460085E-03  0.1046706E-02
  0.4983333333333E+00  0.1018211E-02  0.2216451E-02 -0.3864084E-03 -0.8529696E-03  0.4809824E-03  0.1049217E-02
  0.5316666666667E+00  0.1092261E-02  0.2221495E-02 -0.4149591E-03 -0.8565205E-03  0.5160424E-03  0.1051798E-02
  0.5650000000000E+00  0.1166485E-02  0.2226726E-02 -0.4436295E-03 -0.8601113E-03  0.5511906E-03  0.1054446E-02
  0.5983333333333E+00  0.1240890E-02  0.2232136E-02 -0.4724208E-03 -0.8637409E-03  0.5864292E-03  0.1057160E-02
  0.6316666666667E+00  0.1315480E-02  0.2237719E-02 -0.5013344E-03 -0.8674081E-03  0.6217605E-03  0.1059937E-02
  0.6650000000000E+00  0.1390263E-02  0.2243470E-02 -0.5303715E-03 -0.8711121E-03  0.6571863E-03  0.1062776E-02
  0.6983333333333E+00  0.1465242E-02  0.2249381E-02 -0.5595332E-03 -0.8748518E-03  0.6927089E-03  0.1065676E-02
  0.7316666666667E+00  0.1540424E-02  0.2255450E-02 -0.5888208E-03 -0.8786264E-03  0.7283301E-03  0.1068635E-02
  0.7650000000000E+00  0.1615813E-02  0.2261669E-02 -0.6182353E-03 -0.8824353E-03  0.7640518E-03  0.1071652E-02
  0.7983333333333E+00  0.1691414E-02  0.2268036E-02 -0.6477779E-03 -0.8862778E-03  0.7998760E-03  0.1074726E-02
  0.8316666666667E+00  0.1767232E-02  0.2274546E-02 -0.6774497E-03 -0.8901533E-03  0.8358045E-03  0.1077856E-02
  0.8650000000000E+00  0.1843272E-02  0.2281195E-02 -0.7072517E-03 -0.8940613E-03  0.8718392E-03  0.1081040E-02
  0.8983333333333E+00  0.1919538E-02  0.2287981E-02 -0.7371851E-03 -0.8980012E-03  0.9079818E-03  0.1084277E-02
  0.9316666666667E+00  0.1996035E-02  0.2294899E-02 -0.7672508E-03 -0.9019728E-03  0.9442340E-03  0.1087568E-02
  0.9650000000000E+00  0.2072766E-02  0.2301947E-02 -0.7974500E-03 -0.9059755E-03  0.9805977E-03  0.1090911E-02
  0.9983333333333E+00  0.2149737E-02  0.2309122E-02 -0.8277837E-03 -0.9100092E-03  0.1017075E-02  0.1094305E-02
  0.1031666666667E+01  0.2226951E-02  0.2316421E-02 -0.8582528E-03 -0.9140734E-03  0.1053666E-02  0.1097750E-02
  0.1065000000000E+01  0.2304412E-02  0.2323842E-02 -0.8888584E-03 -0.9181679E-03  0.1090374E-02  0.1101245E-02
  0.1098333333333E+01  0.2382125E-02  0.2331384E-02 -0.9196015E-03 -0.9222926E-03  0.1127201E-02  0.1104790E-02
  0.1131666666667E+01  0.2460093E-02  0.2339043E-02 -0.9504830E-03 -0.9264472E-03  0.1164147E-02  0.1108384E-02
  0.1165000000000E+01  0.2538321E-02  0.2346818E-02 -0.9815041E-03 -0.9306316E-03  0.1201214E-02  0.1112026E-02
  0.1198333333333E+01  0.2616811E-02  0.2354708E-02 -0.1012666E-02 -0.9348456E-03  0.1238405E-02  0.1115716E-02
  0.1231666666667E+01  0.2695568E-02  0.2362710E-02 -0.1043969E-02 -0.9390892E-03  0.1275720E-02  0.1119454E-02
  0.1265000000000E+01  0.2774595E-02  0.2370824E-02 -0.1075414E-02 -0.9433621E-03  0.1313161E-02  0.1123239E-02
  0.1298333333333E+01  0.2853897E-02  0.2379047E-02 -0.1107003E-02 -0.9476645E-03  0.1350730E-02  0.1127071E-02
  0.1331666666667E+01  0.2933476E-02  0.2387378E-02 -0.1138736E-02 -0.9519961E-03  0.1388429E-02  0.1130950E-02
  0.1365000000000E+01  0.3013337E-02  0.2395817E-02 -0.1170615E-02 -0.9563571E-03  0.1426258E-02  0.1134875E-02
  0.1398333333333E+01  0.3093482E-02  0.2404362E-02 -0.1202639E-02 -0.9607473E-03  0.1464220E-02  0.1138847E-02
  0.1431666666667E+01  0.3173916E-02  0.2413013E-02 -0.1234812E-02 -0.9651668E-03  0.1502315E-02  0.1142864E-02
  0.1465000000000E+01  0.3254641E-02  0.2421767E-02 -0.1267132E-02 -0.9696156E-03  0.1540546E-02  0.1146927E-02
  0.1498333333333E+01  0.3335662E-02  0.2430625E-02 -0.1299602E-02 -0.9740938E-03  0.1578914E-02  0.1151035E-02
  0.1531666666667E+01  0.3416982E-02  0.2439586E-02 -0.1332222E-02 -0.9786014E-03  0.1617420E-02  0.1155189E-02
  0.1565000000000E+01  0.3498603E-02  0.2448649E-02 -0.1364993E-02 -0.9831384E-03  0.1656066E-02  0.1159387E-02
  0.1598333333333E+01  0.3580531E-02  0.2457812E-02 -0.1397917E-02 -0.9877050E-03  0.1694854E-02  0.1163631E-02
  0.1631666666667E+01  0.3662766E-02  0.2467077E-02 -0.1430994E-02 -0.9923011E-03  0.1733785E-02  0.1167920E-02
  0.1665000000000E+01  0.3745315E-02  0.2476442E-02 -0.1464224E-02 -0.9969270E-03  0.1772860E-02  0.1172253E-02
  0.1698333333333E+01  0.3828178E-02  0.2485906E-02 -0.1497611E-02 -0.1001583E-02  0.1812081E-02  0.1176632E-02
  0.1731666666667E+01  0.3911360E-02  0.2495469E-02 -0.1531153E-02 -0.1006268E-02  0.1851449E-02  0.1181055E-02
  0.1765000000000E+01  0.3994865E-02  0.2505132E-02 -0.1564852E-02 -0.1010984E-02  0.1890967E-02  0.1185522E-02
  0.1798333333333E+01  0.4078695E-02  0.2514893E-02 -0.1598710E-02 -0.1015730E-02  0.1930635E-02  0.1190035E-02
  0.1831666666667E+01  0.4162853E-02  0.2524752E-02 -0.1632727E-02 -0.1020506E-02  0.1970454E-02  0.1194592E-02
  0.1865000000000E+01  0.4247343E-02  0.2534709E-02 -0.1666904E-02 -0.1025312E-02  0.2010427E-02  0.1199193E-02
  0.1898333333333E+01  0.4332169E-02  0.2544763E-02 -0.1701242E-02 -0.1030150E-02  0.2050555E-02  0.1203839E-02
  0.1931666666667E+01  0.4417332E-02  0.2554915E-02 -0.1735743E-02 -0.1035018E-02  0.2090840E-02  0.1208530E-02
  0.1965000000000E+01  0.4502838E-02  0.2565165E-02 -0.1770407E-02 -0.1039917E-02  0.2131282E-02  0.1213266E-02
  0.1998333333333E+01  0.4588688E-02  0.2575512E-02 -0.1805235E-02 -0.1044847E-02  0.2171883E-02  0.1218046E-02
  0.2031666666667E+01  0.4674887E-02  0.2585955E-02 -0.1840228E-02 -0.1049808E-02  0.2212646E-02  0.1222871E-02
  0.2065000000000E+01  0.4761437E-02  0.2596496E-02 -0.1875389E-02 -0.1054801E-02  0.2253570E-02  0.1227741E-02
  0.2098333333333E+01  0.4848341E-02  0.2607134E-02 -0.1910716E-02 -0.1059825E-02  0.2294659E-02  0.1232656E-02
  0.2131666666667E+01  0.4935604E-02  0.2617869E-02 -0.1946212E-02 -0.1064881E-02  0.2335913E-02  0.1237615E-02
  0.2165000000000E+01  0.5023227E-02  0.2628702E-02 -0.1981878E-02 -0.1069970E-02  0.2377333E-02  0.1242620E-02
  0.2198333333333E+01  0.5111215E-02  0.2639631E-02 -0.2017714E-02 -0.1075090E-02  0.2418922E-02  0.1247670E-02
  0.2231666666667E+01  0.5199570E-02  0.2650657E-02 -0.2053722E-02 -0.1080243E-02  0.2460681E-02  0.1252765E-02
  0.2265000000000E+01  0.5288296E-02  0.2661781E-02 -0.2089903E-02 -0.1085429E-02  0.2502612E-02  0.1257906E-02
  0.2298333333333E+01  0.5377396E-02  0.2673002E-02 -0.2126258E-02 -0.1090648E-02  0.2544715E-02  0.1263092E-02
  0.2331666666667E+01  0.5466873E-02  0.2684321E-02 -0.2162788E-02 -0.1095899E-02  0.2586992E-02  0.1268323E-02
  0.2365000000000E+01  0.5556731E-02  0.2695737E-02 -0.2199494E-02 -0.1101184E-02  0.2629445E-02  0.1273601E-02
  0.2398333333333E+01  0.5646973E-02  0.2707251E-02 -0.2236378E-02 -0.1106503E-02  0.2672076E-02  0.1278924E-02
  0.2431666666667E+01  0.5737602E-02  0.2718864E-02 -0.2273439E-02 -0.1111855E-02  0.2714886E-02  0.1284294E-02
  0.2465000000000E+01  0.5828621E-02  0.2730574E-02 -0.2310681E-02 -0.1117241E-02  0.2757876E-02  0.1289709E-02
  0.2498333333333E+01  0.5920034E-02  0.2742383E-02 -0.2348103E-02 -0.1122662E-02  0.2801049E-02  0.1295171E-02
  0.2531666666667E+01  0.6011843E-02  0.2754291E-02 -0.2385707E-02 -0.1128117E-02  0.2844405E-02  0.1300680E-02
  0.2565000000000E+01  0.6104053E-02  0.2766298E-02 -0.2423494E-02 -0.1133607E-02  0.2887946E-02  0.1306235E-02
  0.2598333333333E+01  0.6196667E-02  0.2778404E-02 -0.2461465E-02 -0.1139132E-02  0.2931674E-02  0.1311838E-02
  0.2631666666667E+01  0.6289687E-02  0.2790610E-02 -0.2499621E-02 -0.1144692E-02  0.2975590E-02  0.1317487E-02
  0.2665000000000E+01  0.6383118E-02  0.2802916E-02 -0.2537964E-02 -0.1150287E-02  0.3019696E-02  0.1323183E-02
  0.2698333333333E+01  0.6476962E-02  0.2815322E-02 -0.2576495E-02 -0.1155918E-02  0.3063994E-02  0.1328927E-02
  0.2731666666667E+01  0.6571223E-02  0.2827829E-02 -0.2615214E-02 -0.1161585E-02  0.3108484E-02  0.1334719E-02
  0.2765000000000E+01  0.6665904E-02  0.2840437E-02 -0.2654124E-02 -0.1167289E-02  0.3153170E-02  0.1340558E-02
  0.2798333333333E+01  0.6761009E-02  0.2853146E-02 -0.2693225E-02 -0.1173029E-02  0.3198051E-02  0.1346446E-02
  0.2831666666667E+01  0.6856541E-02  0.2865956E-02 -0.2732518E-02 -0.1178806E-02  0.3243131E-02  0.1352382E-02
  0.2865000000000E+01  0.6952503E-02  0.2878869E-02 -0.2772006E-02 -0.1184619E-02  0.3288409E-02  0.1358366E-02
  0.2898333333333E+01  0.7048899E-02  0.2891885E-02 -0.2811688E-02 -0.1190470E-02  0.3333889E-02  0.1364399E-02
  0.2931666666667E+01  0.7145733E-02  0.2905003E-02 -0.2851567E-02 -0.1196359E-02  0.3379572E-02  0.1370482E-02
  0.2965000000000E+01  0.7243007E-02  0.2918224E-02 -0.2891643E-02 -0.1202286E-02  0.3425459E-02  0.1376613E-02
  0.2998333333333E+01  0.7340725E-02  0.2931550E-02 -0.2931918E-02 -0.1208250E-02  0.3471552E-02  0.1382794E-02
  0.3031666666667E+01  0.7438891E-02  0.2944980E-02 -0.2972393E-02 -0.1214254E-02  0.3517853E-02  0.1389024E-02
  0.3065000000000E+01  0.7537508E-02  0.2958514E-02 -0.3013069E-02 -0.1220296E-02  0.3564363E-02  0.1395304E-02
  0.3098333333333E+01  0.7636580E-02  0.2972154E-02 -0.3053949E-02 -0.1226376E-02  0.3611084E-02  0.1401635E-02
  0.3131666666667E+01  0.7736110E-02  0.2985900E-02 -0.3095032E-02 -0.1232497E-02  0.3658018E-02  0.1408016E-02
  0.3165000000000E+01  0.7836102E-02  0.2999751E-02 -0.3136320E-02 -0.1238656E-02  0.3705167E-02  0.1414448E-02
  0.3198333333333E+01  0.7936559E-02  0.3013710E-02 -0.3177816E-02 -0.1244856E-02  0.3752531E-02  0.1420930E-02
  0.3231666666667E+01  0.8037485E-02  0.3027776E-02 -0.3219519E-02 -0.1251096E-02  0.3800113E-02  0.1427464E-02
  0.3265000000000E+01  0.8138883E-02  0.3041949E-02 -0.3261431E-02 -0.1257376E-02  0.3847915E-02  0.1434050E-02
  0.3298333333333E+01  0.8240757E-02  0.3056231E-02 -0.3303555E-02 -0.1263697E-02  0.3895938E-02  0.1440687E-02
  0.3331666666667E+01  0.8343111E-02  0.3070622E-02 -0.3345890E-02 -0.1270060E-02  0.3944184E-02  0.1447376E-02
  0.3365000000000E+01  0.8445949E-02  0.3085123E-02 -0.3388439E-02 -0.1276463E-02  0.3992654E-02  0.1454118E-02
  0.3398333333333E+01  0.8549273E-02  0.3099733E-02 -0.3431202E-02 -0.1282909E-02  0.4041351E-02  0.1460912E-02
