   0.194999999999999976717E+0007   0.194452951254893901742E-0002  -0.548291018977720835249E-0007   0.994178479471572235196E-0009   0.562349763054072699643E-0013   0.132672226250400928649E+0002  -0.791098887443846118459E-0003  -0.249971285270159917502E+0002   0.814616300654215308441E+0001
   0.405028806666666641831E+0007   0.402737843912151071563E-0002  -0.247469953578403985321E-0006   0.989066763343981870501E-0009   0.124161369699985536160E-0012   0.132606047468911647513E+0002  -0.169613598428987604090E-0002  -0.249940721758275259390E+0002   0.814623318768779292043E+0001
   0.615087393333333358169E+0007   0.609956266145354059072E-0002  -0.584771848911585481749E-0006   0.983766655921980984813E-0009   0.194640861926618644424E-0012   0.132537325828176903997E+0002  -0.264001039226771910123E-0002  -0.249910468155980751703E+0002   0.814633661284317334150E+0001
   0.825178686666666716337E+0007   0.816064087156364269260E-0002  -0.106964199217842766341E-0005   0.978201032878896894885E-0009   0.265623994190554017631E-0012   0.132466351319951716192E+0002  -0.360620720562715869201E-0002  -0.249880546238238636647E+0002   0.814647451617606677132E+0001
   0.103530612666666675359E+0008   0.102101115738417666523E-0001  -0.170282037343930530050E-0005   0.972392010150735312660E-0009   0.336360051313689203319E-0012   0.132393335071807651815E+0002  -0.458310508214803541405E-0002  -0.249850972320173987384E+0002   0.814664797324048528537E+0001
   0.124547325000000000000E+0008   0.122475152897311076461E-0001  -0.248347924892387463753E-0005   0.966358829207623342466E-0009   0.406277202606907573118E-0012   0.132318455062048236925E+0002  -0.556231071994601079106E-0002  -0.249821756232623854999E+0002   0.814685792200931224727E+0001
   0.145568369333333335817E+0008   0.142724307379082128444E-0001  -0.340960742053478669980E-0005   0.960119116472823490771E-0009   0.474912692451018651700E-0012   0.132241868670348576842E+0002  -0.653744001588473910153E-0002  -0.249792903639007128902E+0002   0.814710517559235469776E+0001
   0.166594120000000000000E+0008   0.162844722633072661044E-0001  -0.447827972149645997649E-0005   0.953689342800912961814E-0009   0.541897225422733072164E-0012   0.132163718853009601872E+0002  -0.750347871126598106595E-0002  -0.249764417354522620940E+0002   0.814739043179873156930E+0001
   0.187624962333333343267E+0008   0.182832877823262893169E-0001  -0.568585546538144834494E-0005   0.947085063461265929889E-0009   0.606936887462578011187E-0012   0.132084137536833043924E+0002  -0.845640787855026637709E-0002  -0.249736298170985797640E+0002   0.814771428100137384831E+0001
   0.208661294000000022352E+0008   0.202685571480819143320E-0001  -0.702813098287077151280E-0005   0.940321052986529024776E-0009   0.669798714801473642814E-0012   0.132003247656035433977E+0002  -0.939296610031066861457E-0002  -0.249708545399237671347E+0002   0.814807721302635279415E+0001
   0.229703526333333365619E+0008   0.222399907102570557060E-0001  -0.850046084959116455713E-0005   0.933411386035671540356E-0009   0.730299762777570079822E-0012   0.131921164464501554647E+0002  -0.103104890141853169222E-0001  -0.249681157240392224139E+0002   0.814847962342140341718E+0001
   0.250752084666666686535E+0008   0.241973279046852757235E-0001  -0.100978566504381502374E-0004   0.926369489244016352961E-0009   0.788298759161620192501E-0012   0.131837996437330424726E+0002  -0.112067957239612575604E-0001  -0.249654131049108691798E+0002   0.814892181927852199408E+0001
   0.271807409333333373070E+0008   0.261403359888417521906E-0001  -0.118150690875115121399E-0004   0.919208174940059608449E-0009   0.843689603014057920104E-0012   0.131753845905761828305E+0002  -0.120801052518114127032E-0001  -0.249627463523749142382E+0002   0.814940402476008429744E+0001
   0.292869956000000052154E+0008   0.280688087724253187982E-0001  -0.136466571223703637050E-0004   0.911939671068856870522E-0009   0.896396158710773464860E-0012   0.131668809596889104796E+0002  -0.129289729873906696078E-0001  -0.249601150848296882145E+0002   0.814992638633085597633E+0001
   0.313940197000000067055E+0008   0.299825654885143427775E-0001  -0.155870469198946002621E-0004   0.904575633210310669277E-0009   0.946368007605271209613E-0012   0.131582978936189771701E+0002  -0.137522409888224811381E-0001  -0.249575188798838247806E+0002   0.815048897785186632348E+0001
   0.335018621666666716337E+0008   0.318814496003937547508E-0001  -0.176305822775780171878E-0004   0.897127166219185815255E-0009   0.993576886641172977649E-0012   0.131496440419815936451E+0002  -0.145489980426142823805E-0001  -0.249549572827012937637E+0002   0.815109180542934019797E+0001
   0.356105737000000029802E+0008   0.337653276754503184343E-0001  -0.197715680338324522464E-0004   0.889604837357959544084E-0009   0.103801366397780888419E-0011   0.131409275865597550137E+0002  -0.153185469137107430765E-0001  -0.249524298125419541350E+0002   0.815173481210567629773E+0001
   0.377202068333333358169E+0008   0.356340882860251562114E-0001  -0.220043074685883651266E-0004   0.882018690000348425423E-0009   0.107968572743195903715E-0011   0.131321562645714546846E+0002  -0.160603769579523644739E-0001  -0.249499359680001795425E+0002   0.815241788238335196581E+0001
   0.398308159000000059605E+0008   0.374876408501462893286E-0001  -0.243231344015124827378E-0004   0.874378257352638473430E-0009   0.111861470296127983834E-0011   0.131233373898843819205E+0002  -0.167741408116232927628E-0001  -0.249474752313825121064E+0002   0.815314084654950299580E+0001
   0.419424572000000029802E+0008   0.393259146772414330817E-0001  -0.267224409636850131103E-0004   0.866692575496593048277E-0009   0.115483444942127001303E-0011   0.131144778716714753841E+0002  -0.174596343748978574673E-0001  -0.249450470720998644936E+0002   0.815390348490441141394E+0001
   0.440551889000000059605E+0008   0.411488578076992933541E-0001  -0.291967010805267926789E-0004   0.858970197605122644294E-0009   0.118838927663591175885E-0011   0.131055842328312195377E+0002  -0.181167792857603732193E-0001  -0.249426509497903481360E+0002   0.815470553173367562749E+0001
   0.461690712000000029802E+0008   0.429564361150403806189E-0001  -0.317404907063108420091E-0004   0.851219207433004697074E-0009   0.121933236377265247726E-0011   0.130966626262342451525E+0002  -0.187456075924323020687E-0001  -0.249402863166721786570E+0002   0.815554667921358245053E+0001
   0.482841663000000044703E+0008   0.447486322633822847239E-0001  -0.343485046800406346157E-0004   0.843447233861922526070E-0009   0.124772434423716327802E-0011   0.130877188510091855278E+0002  -0.193462481168059363679E-0001  -0.249379526197586649516E+0002   0.815642658108009932505E+0001
   0.504005383333333358169E+0008   0.465254446709067182031E-0001  -0.370155707125775085276E-0004   0.835661465828058146489E-0009   0.127363204044187679608E-0011   0.130787583682769685822E+0002  -0.199189142992417973776E-0001  -0.249356493028038741500E+0002   0.815734485611257476023E+0001
   0.525182535333333387971E+0008   0.482868867025041670349E-0001  -0.397366611504616017267E-0004   0.827868666668768027726E-0009   0.129712733572007132920E-0011   0.130697863153118216673E+0002  -0.204638933882955523225E-0001  -0.249333758077410649889E+0002   0.815830109155491811634E+0001
   0.546373801666666716337E+0008   0.500329856966194586043E-0001  -0.425069022109259863121E-0004   0.820075189460359364783E-0009   0.131828616357899595510E-0011   0.130608075201703037749E+0002  -0.209815366801387286066E-0001  -0.249311315761714062944E+0002   0.815929484627627843452E+0001
   0.567579885000000074506E+0008   0.517637820558094624568E-0001  -0.453215812459635935118E-0004   0.812286992336943559211E-0009   0.133718760341251474309E-0011   0.130518265156617765399E+0002  -0.214722507309381034635E-0001  -0.249289160506344913415E+0002   0.816032565377974883347E+0001
   0.588801508666666746140E+0008   0.534793284531088972122E-0001  -0.481761523575845369317E-0004   0.804509653543384220334E-0009   0.135391308142072857911E-0011   0.130428475524815556952E+0002  -0.219364894920519061527E-0001  -0.249267286756202430809E+0002   0.816139302510040032246E+0001
   0.610039416666666716337E+0008   0.551796890158879130284E-0001  -0.510662403448950026879E-0004   0.796748386656036478994E-0009   0.136854565573859758207E-0011   0.130338746121577830905E+0002  -0.223747471870327369059E-0001  -0.249245688985212829891E+0002   0.816249645151781422214E+0001
   0.631294373333333358169E+0008   0.568649385169633925230E-0001  -0.539876432027344108381E-0004   0.789008055841172960176E-0009   0.138116938524510596361E-0011   0.130249114197132431769E+0002  -0.227875518871941684651E-0001  -0.249224361705030403868E+0002   0.816363540709710910903E+0001
   0.652567163000000044703E+0008   0.585351616005214819838E-0001  -0.569363333813224786880E-0004   0.781293190968798008467E-0009   0.139186877295225048210E-0011   0.130159614558995393452E+0002  -0.231754597232932540996E-0001  -0.249203299472694510541E+0002   0.816480935107766114811E+0001
   0.673858590666666775942E+0008   0.601904521198301026286E-0001  -0.599084580992021432347E-0004   0.773608002200978058573E-0009   0.140072827816407372774E-0011   0.130070279685941425640E+0002  -0.235390496914425935426E-0001  -0.249182496896386034280E+0002   0.816601773017231913343E+0001
   0.695169481000000089407E+0008   0.618309123765374349380E-0001  -0.629003384776327331435E-0004   0.765956394848763961400E-0009   0.140783188965658097461E-0011   0.129981139844801791838E+0002  -0.238789189522019586198E-0001  -0.249161948642025770084E+0002   0.816725998063240687941E+0001
   0.716500678666666746140E+0008   0.634566524973740608839E-0001  -0.659084680361898215400E-0004   0.758341983552108681951E-0009   0.141326275623354943940E-0011   0.129892223197506417876E+0002  -0.241956786322190392502E-0001  -0.249141649437821897095E+0002   0.816853553024988521258E+0001
   0.737853047666666805744E+0008   0.650677897652634229519E-0001  -0.689295103395453799197E-0004   0.750768106416442387486E-0009   0.141710286815289063764E-0011   0.129803555908254857343E+0002  -0.244899500465386582571E-0001  -0.249121594079124584198E+0002   0.816984380016887534737E+0001
   0.759227471666666865349E+0008   0.666644480590470739356E-0001  -0.719602961811087276072E-0004   0.743237838483086728353E-0009   0.141943278744081451502E-0011   0.129715162242070807253E+0002  -0.247623613353978450080E-0001  -0.249101777431730155854E+0002   0.817118420663019406902E+0001
   0.780624853666666895151E+0008   0.682467572678183559409E-0001  -0.749978201524202484941E-0004   0.735754005104622861112E-0009   0.142033141062943835488E-0011   0.129627064663603643879E+0002  -0.250135444563186065681E-0001  -0.249082194435285764200E+0002   0.817255616255389405467E+0001
   0.802046115333333611488E+0008   0.698148527173577532201E-0001  -0.780392367485522567457E-0004   0.728319194884111226287E-0009   0.141987578823704942565E-0011   0.129539283931208846212E+0002  -0.252441325058237082957E-0001  -0.249062840106500118509E+0002   0.817395907898178641915E+0001
   0.823492197000000327826E+0008   0.713688746708572990807E-0001  -0.810818562076631103430E-0004   0.720935772119514837962E-0009   0.141814095994178967097E-0011   0.129451839185844281843E+0002  -0.254547573560921155944E-0001  -0.249043709541280833264E+0002   0.817539236644980427116E+0001
   0.844964057333333641291E+0008   0.729089678335749918903E-0001  -0.841231400214671526036E-0004   0.713605888870619985872E-0009   0.141519982978453016458E-0011   0.129364748037202268449E+0002  -0.256460475667202349170E-0001  -0.249024797916774787154E+0002   0.817685543623231581023E+0001
   0.866462673000000268221E+0008   0.744352808845867991439E-0001  -0.871606962225160257496E-0004   0.706331496611041798065E-0009   0.141112306678594092333E-0011   0.129278026646179160508E+0002  -0.258186265500412875928E-0001  -0.249006100493029691734E+0002   0.817834770148407130819E+0001
   0.887989038666666895151E+0008   0.759479660579715776247E-0001  -0.901922745498205744984E-0004   0.699114357348506938884E-0009   0.140597903022668395804E-0011   0.129191689802369857887E+0002  -0.259731109729219970805E-0001  -0.248987612614032336467E+0002   0.817986857830901570310E+0001
   0.909544166333333551884E+0008   0.774471787015316021074E-0001  -0.932157613996172724948E-0004   0.691956054486641228148E-0009   0.139983371651648555263E-0011   0.129105751000803365969E+0002  -0.261101093639574365068E-0001  -0.248969329709010196439E+0002   0.818141748669052937259E+0001
   0.931129085333333611488E+0008   0.789330769067296822428E-0001  -0.962291747921709746550E-0004   0.684858003096380879567E-0009   0.139275072521601219102E-0011   0.129020222512588862429E+0002  -0.262302209178461621930E-0001  -0.248951247292882911211E+0002   0.818299385138167245657E+0001
   0.952744841666667014360E+0008   0.804058211151502388869E-0001  -0.992306592046090412199E-0004   0.677821459907652245699E-0009   0.138479124208770776712E-0011   0.128935115454945030677E+0002  -0.263340344706661545759E-0001  -0.248933360967018799670E+0002   0.818459710266504458787E+0001
   0.974392498000000417233E+0008   0.818655737932508648091E-0001  -0.102218480489367832950E-0003   0.670847532731950060704E-0009   0.137601403668884744421E-0011   0.128850439855453444693E+0002  -0.264221276366092099053E-0001  -0.248915666419193044590E+0002   0.818622667708372730999E+0001
   0.996073133000000417233E+0008   0.833124990826374645092E-0001  -0.105191020721041855876E-0003   0.663937189606929954314E-0009   0.136647547318369460528E-0011   0.128766204715834788885E+0002  -0.264950660862451475852E-0001  -0.248898159423893758913E+0002   0.818788201804957438412E+0001
   0.101778784200000047684E+0009   0.847467625596196733051E-0001  -0.108146773271554418137E-0003   0.657091267225536988650E-0009   0.135622953159470177170E-0011   0.128682418067648161042E+0002  -0.265534029571380739143E-0001  -0.248880835841355114724E+0002   0.818956257648535590477E+0001
   0.103953773566666707397E+0009   0.861685308798952886988E-0001  -0.111084337676814687637E-0003   0.650310479408724338559E-0009   0.134532783929323128662E-0011   0.128599087032934829011E+0002  -0.265976783746248481022E-0001  -0.248863691618042324194E+0002   0.819126781124932001887E+0001
   0.106132394033333376050E+0009   0.875779715530000946178E-0001  -0.114002414816480505759E-0003   0.643595424876246253091E-0009   0.133381971015037075188E-0011   0.128516217875715597074E+0002  -0.266284190826248275130E-0001  -0.248846722785632579189E+0002   0.819299718962728462657E+0001
   0.108314759766666710377E+0009   0.889752526892126499591E-0001  -0.116899802101133213706E-0003   0.636946594711833319825E-0009   0.132175219061633767586E-0011   0.128433816053428344617E+0002  -0.266461381661569074453E-0001  -0.248829925460403629245E+0002   0.819475018771770535864E+0001
   0.110500986433333382010E+0009   0.903605427631421626034E-0001  -0.119775388771387571109E-0003   0.630364379501916247570E-0009   0.130917011138190649775E-0011   0.128351886265893764261E+0002  -0.266513348565613206187E-0001  -0.248813295842499613286E+0002   0.819652629076367666983E+0001
   0.112691191133333384991E+0009   0.917340103724060967894E-0001  -0.122628151276289840306E-0003   0.623849076198328267448E-0009   0.129611614408543055331E-0011   0.128270432503160307647E+0002  -0.266444944131889252525E-0001  -0.248796830215329158875E+0002   0.819832499340773068752E+0001
   0.114885492500000044703E+0009   0.930958241156842752906E-0001  -0.125457148998945006244E-0003   0.617400894267226765957E-0009   0.128263086075910616246E-0011   0.128189458084821872319E+0002  -0.266260880702309382650E-0001  -0.248780524943620875433E+0002   0.820014580003883608583E+0001
   0.117084010566666707397E+0009   0.944461523373609779242E-0001  -0.128261519812448087589E-0003   0.611019961956241154656E-0009   0.126875279726416416356E-0011   0.128108965705915771593E+0002  -0.265965730426293116284E-0001  -0.248764376473155657266E+0002   0.820198822490535484064E+0001
   0.119286866800000041723E+0009   0.957851629903756357498E-0001  -0.131040475994440984864E-0003   0.604706331997434138037E-0009   0.125451851804674738407E-0011   0.128028957474476712264E+0002  -0.265563925813890669425E-0001  -0.248748381329180290322E+0002   0.820385179232572525621E+0001
   0.121494184066666707397E+0009   0.971130234696203353817E-0001  -0.133793300198432733340E-0003   0.598459987054832193192E-0009   0.123996268258283114533E-0011   0.127949434949583835675E+0002  -0.265059760730510969584E-0001  -0.248732536115256479547E+0002   0.820573603680783136838E+0001
   0.123706086600000038743E+0009   0.984299004575679981066E-0001  -0.136519341573221433860E-0003   0.592280844929772248570E-0009   0.122511811409724401508E-0011   0.127870399177667373181E+0002  -0.264457391902880104007E-0001  -0.248716837512054915749E+0002   0.820764050313401583026E+0001
   0.125922700100000038743E+0009   0.997359598597243740548E-0001  -0.139218012190972767039E-0003   0.586168763187552599407E-0009   0.121001586551847713495E-0011   0.127791850721985777994E+0002  -0.263760840542615476734E-0001  -0.248701282275165134195E+0002   0.820956474653132772801E+0001
   0.128144151533333376050E+0009   0.101031366572070763210E+0000  -0.141888783253242057626E-0003   0.580123544079494421713E-0009   0.119468528920267044836E-0011   0.127713789701305575619E+0002  -0.262973994465817706434E-0001  -0.248685867235005204634E+0002   0.821150833255298628899E+0001
   0.130370569300000041723E+0009   0.102316284475517896291E+0000  -0.144531181892328417860E-0003   0.574144938618279911363E-0009   0.117915410388292980779E-0011   0.127636215813683371323E+0002  -0.262100610350329762954E-0001  -0.248670589294111579193E+0002   0.821347083725229509810E+0001
   0.132602083100000038743E+0009   0.103590876262631456650E+0000  -0.147144787750657957430E-0003   0.568232650815242357553E-0009   0.116344846145464300492E-0011   0.127559128369673810965E+0002  -0.261144316197237449928E-0001  -0.248655445426520458341E+0002   0.821545184707075115682E+0001
   0.134838824000000029802E+0009   0.104855303389630963307E+0000  -0.149729229943656647322E-0003   0.562386341448355192329E-0009   0.114759301380299029188E-0011   0.127482526316630444541E+0002  -0.260108614047189108665E-0001  -0.248640432675745444158E+0002   0.821745095887983545424E+0001
   0.137080924400000035763E+0009   0.106109725978108471178E+0000  -0.152284184041467078206E-0003   0.556605631692612617579E-0009   0.113161097723380530245E-0011   0.127406408265328412455E+0002  -0.258996882770437253374E-0001  -0.248625548153444739796E+0002   0.821946777991477617320E+0001
   0.139328518033333361149E+0009   0.107354302743413579369E+0000  -0.154809369226361725862E-0003   0.550890106533408704101E-0009   0.111552419621967037632E-0011   0.127330772514004504359E+0002  -0.257812380987530974374E-0001  -0.248610789037857351502E+0002   0.822150192771948162829E+0001
   0.141581739966666698456E+0009   0.108589190929807274943E+0000  -0.157304545582398198726E-0003   0.545239317958375395559E-0009   0.109935320549800476241E-0011   0.127255617071150037845E+0002  -0.256558250077096594577E-0001  -0.248596152572247781620E+0002   0.822355303007506854840E+0001
   0.143840726566666692495E+0009   0.109814546233929444252E+0000  -0.159769511477530557538E-0003   0.539652788016929827250E-0009   0.108311729072249046937E-0011   0.127180939678176656571E+0002  -0.255237517265600698246E-0001  -0.248581636063574080708E+0002   0.822562072488275752846E+0001
   0.146105615600000023842E+0009   0.111030522806595921548E+0000  -0.162204101216245096103E-0003   0.534130011481022878921E-0009   0.106683454670480689072E-0011   0.127106737826534264002E+0002  -0.253853098689581779812E-0001  -0.248567236880310140634E+0002   0.822770466015581902752E+0001
   0.148376546066666692495E+0009   0.112237273115772570597E+0000  -0.164608182523103788609E-0003   0.528670458721340256415E-0009   0.105052193525257123647E-0011   0.127033008782516461110E+0002  -0.252407802639247787202E-0001  -0.248552952451997661854E+0002   0.822980449375392808520E+0001
   0.150653658400000035763E+0009   0.113434948012151065599E+0000  -0.166981654538824960971E-0003   0.523273577948039541904E-0009   0.103419533931862938942E-0011   0.126959749598987770014E+0002  -0.250904332595456025512E-0001  -0.248538780266477701275E+0002   0.823191989344490160363E+0001
   0.152937094300000041723E+0009   0.114623696603195407429E+0000  -0.169324445536536097746E-0003   0.517938797694552922957E-0009   0.101786961703464931623E-0011   0.126886957138103948495E+0002  -0.249345290491839385871E-0001  -0.248524717869468787512E+0002   0.823405053661749875005E+0001
   0.155226996866666704416E+0009   0.115803666290850301723E+0000  -0.171636511063372253043E-0003   0.512665528881742275109E-0009   0.100155865245155497910E-0011   0.126814628083359259847E+0002  -0.247733179770656050667E-0001  -0.248510762862285652375E+0002   0.823619611026414943922E+0001
   0.157523510500000029802E+0009   0.116975002690919732684E+0000  -0.173917831943915500176E-0003   0.507453166936408489265E-0009   0.985275405453272590968E-0012   0.126742758958225056887E+0002  -0.246070408569669073218E-0001  -0.248496912901033120136E+0002   0.823835631073825425119E+0001
   0.159826780966666698456E+0009   0.118137849643227432761E+0000  -0.176168412555245348537E-0003   0.502301093655511003155E-0009   0.969031959000198306983E-0012   0.126671346138620606325E+0002  -0.244359292764169330758E-0001  -0.248483165694798842082E+0002   0.824053084366068233635E+0001
   0.162136955433333367109E+0009   0.119292349206939957140E+0000  -0.178388279160378028206E-0003   0.497208678896673820673E-0009   0.952839564542154802327E-0012   0.126600385865706392963E+0002  -0.242602058990141165873E-0001  -0.248469519004091097258E+0002   0.824271942378989130873E+0001
   0.164454182400000035763E+0009   0.120438641609040400504E+0000  -0.180577478237025165373E-0003   0.492175282327546982775E-0009   0.936708686149606449272E-0012   0.126529874260967165611E+0002  -0.240800847687916465267E-0001  -0.248455970639902758990E+0002   0.824492177479192278611E+0001
   0.166778611766666710377E+0009   0.121576865263039998744E+0000  -0.182736075023990675315E-0003   0.487200254922050460733E-0009   0.920649042128412346530E-0012   0.126459807336462137783E+0002  -0.238957716004282276490E-0001  -0.248442518462007626567E+0002   0.824713762913239278873E+0001
   0.169110394833333373070E+0009   0.122707156756604776615E+0000  -0.184864152085570317445E-0003   0.482282940368484333269E-0009   0.904669645126131793998E-0012   0.126390181006441242317E+0002  -0.237074640673431251414E-0001  -0.248429160377692532791E+0002   0.824936672790176750425E+0001
   0.171449684300000041723E+0009   0.123829650841954297391E+0000  -0.186961807956588136432E-0003   0.477422676423360095682E-0009   0.888778840471800044252E-0012   0.126320991098330246416E+0002  -0.235153520854715011867E-0001  -0.248415894340516203442E+0002   0.825160882063741496495E+0001
   0.173796634333333373070E+0009   0.124944480460444873327E+0000  -0.189029155922959123549E-0003   0.472618796075778657365E-0009   0.872984342510916224071E-0012   0.126252233361092880415E+0002  -0.233196180833199866178E-0001  -0.248402718348725954911E+0002   0.825386366520728742557E+0001
   0.176151400466666698456E+0009   0.126051776689632633044E+0000  -0.191066322726432075109E-0003   0.467870628817280278089E-0009   0.857293270043047525928E-0012   0.126183903477927934489E+0002  -0.231204372798864375704E-0001  -0.248389630444649753827E+0002   0.825613102753123229149E+0001
   0.178514139733333379030E+0009   0.127151668803584916301E+0000  -0.193073447545337554014E-0003   0.463177501609486238827E-0009   0.841712179047984727924E-0012   0.126115997071580459021E+0002  -0.229179779369337068007E-0001  -0.248376628712802940413E+0002   0.825841068152537793878E+0001
   0.180885010600000053644E+0009   0.128244284239863337582E+0000  -0.195050680864507187343E-0003   0.458538739901145994322E-0009   0.826247094741242149910E-0012   0.126048509714940948356E+0002  -0.227124016198687155021E-0001  -0.248363711279155623401E+0002   0.826070240885283268994E+0001
   0.183264173033333390951E+0009   0.129329748630821805833E+0000  -0.196998183522926117658E-0003   0.453953668519594268722E-0009   0.810903541521478831822E-0012   0.125981436937305186774E+0002  -0.225038634409506846379E-0001  -0.248350876309688715082E+0002   0.826300599880237740535E+0001
   0.185651788533333390951E+0009   0.130408185819993888144E+0000  -0.198916125789350958569E-0003   0.449421612457657019599E-0009   0.795686571558471498372E-0012   0.125914774231172454932E+0002  -0.222925122981218158669E-0001  -0.248338122009177943994E+0002   0.826532124813489232906E+0001
   0.188048020033333390951E+0009   0.131479717819852071070E+0000  -0.200804686388131672665E-0003   0.444941897785617701388E-0009   0.780600792685677428999E-0012   0.125848517062308111747E+0002  -0.220784911179896514710E-0001  -0.248325446620720242663E+0002   0.826764796080002994927E+0001
   0.190453032100000053644E+0009   0.132544464906113046432E+0000  -0.202664051818583220528E-0003   0.440513852205033090267E-0009   0.765650393482820762235E-0012   0.125782660870986493507E+0002  -0.218619370656615123749E-0001  -0.248312848423687491106E+0002   0.826998594794483565806E+0001
   0.192866990766666710377E+0009   0.133602545548233947459E+0000  -0.204494415432945582725E-0003   0.436136805820803557079E-0009   0.750839168704304111800E-0012   0.125717201083073568668E+0002  -0.216429817800360066449E-0001  -0.248300325733666333861E+0002   0.827233502756632255171E+0001
   0.195290063666666716337E+0009   0.134654076475171219363E+0000  -0.206295976799220829971E-0003   0.431810091713308099345E-0009   0.736170542225980501053E-0012   0.125652133112385957503E+0002  -0.214217515749174323980E-0001  -0.248287876900839030725E+0002   0.827469502445673477098E+0001
   0.197722420066666722298E+0009   0.135699172695666669952E+0000  -0.208068941025958383320E-0003   0.427533046412124939507E-0009   0.721647588148861071706E-0012   0.125587452365726388592E+0002  -0.211983676403848762815E-0001  -0.248275500308932102200E+0002   0.827706577005263888225E+0001
   0.200164230800000041723E+0009   0.136737947479058652434E+0000  -0.209813518061897978347E-0003   0.423305010469029719901E-0009   0.707273055847633300350E-0012   0.125523154249504322877E+0002  -0.209729462550573043933E-0001  -0.248263194374706550605E+0002   0.827944710218764257093E+0001
   0.202615668333333373070E+0009   0.137770512390790994539E+0000  -0.211529922129641105577E-0003   0.419125328937148402881E-0009   0.693049384393622376538E-0012   0.125459234173530642664E+0002  -0.207455989660838904798E-0001  -0.248250957546787844876E+0002   0.828183886497639853985E+0001
   0.205076906833333373070E+0009   0.138796977330057441646E+0000  -0.213218371197683637976E-0003   0.414993351703424526856E-0009   0.678978724706245538030E-0012   0.125395687553886752141E+0002  -0.205164327717922527483E-0001  -0.248238788304537294493E+0002   0.828424090870031193390E+0001
   0.207548122100000053644E+0009   0.139817450511195928708E+0000  -0.214879086394879870951E-0003   0.410908433934835170288E-0009   0.665062956947677960613E-0012   0.125332509819071500345E+0002  -0.202855503076339004076E-0001  -0.248226685157618298661E+0002   0.828665308956452761890E+0001
   0.210029491633333384991E+0009   0.140832038501854772683E+0000  -0.216512291553144667171E-0003   0.406869936425285219888E-0009   0.651303707291583747676E-0012   0.125269696412524016438E+0002  -0.200530500138234035745E-0001  -0.248214646644920691188E+0002   0.828907526958698781527E+0001
   0.212521194666666716337E+0009   0.141840846247003715686E+0000  -0.218118212757444611275E-0003   0.402877225865185222054E-0009   0.637702363860553022389E-0012   0.125207242795713042938E+0002  -0.198190262998035465758E-0001  -0.248202671333683504429E+0002   0.829150731645677829817E+0001
   0.215023412166666716337E+0009   0.142843977079571360367E+0000  -0.219697077904347937843E-0003   0.398929675134776504021E-0009   0.624260091962816369773E-0012   0.125145144451825096610E+0002  -0.195835697076288083041E-0001  -0.248190757818805103341E+0002   0.829394910336179691512E+0001
   0.217536326900000035763E+0009   0.143841532758157197858E+0000  -0.221249116331942826319E-0003   0.395026663525119350446E-0009   0.610977848287896942073E-0012   0.125083396887685847076E+0002  -0.193467670562743956908E-0001  -0.248178904721861570692E+0002   0.829640050888359148473E+0001
   0.220060123400000035763E+0009   0.144833613464723343078E+0000  -0.222774558413078301944E-0003   0.391167576987293777439E-0009   0.597856394507564940135E-0012   0.125021995637788077005E+0002  -0.191087016003861388802E-0001  -0.248167110690626664393E+0002   0.829886141679649114167E+0001
   0.222594988000000029802E+0009   0.145820317829477130722E+0000  -0.224273635217919509741E-0003   0.387351808349685093634E-0009   0.584896310218788496752E-0012   0.124960936266556910113E+0002  -0.188694531700878409541E-0001  -0.248155374398292849492E+0002   0.830133171593407759303E+0001
   0.225141108933333367109E+0009   0.146801742981227945073E+0000  -0.225746578237863898325E-0003   0.383578757412707298955E-0009   0.572098004641490668488E-0012   0.124900214368850370761E+0002  -0.186290983009860661168E-0001  -0.248143694542415715887E+0002   0.830381130012277601793E+0001
