   0.194999999999999976717E+0007   0.193911620242750494005E-0002   0.716707203838749052971E-0007   0.987667729376952655363E-0009  -0.735084311629486411719E-0013   0.132606521889602220199E+0002   0.111884981618538131842E-0002  -0.249986819245436215908E+0002   0.814620211774078128997E+0001
   0.405028806666666641831E+0007   0.399943809861131888833E-0002   0.342174434353597599695E-0006   0.973413856700504627578E-0009  -0.174254105162825511912E-0012   0.132455445627501511296E+0002   0.243844672118896828306E-0002  -0.249972507656758189398E+0002   0.814637293928760186645E+0001
   0.615087393333333358169E+0007   0.602869544820778483635E-0002   0.818231022653530960635E-0006   0.958117825014770473638E-0009  -0.274059551235123369679E-0012   0.132292440778225159903E+0002   0.380185538118791438444E-0002  -0.249958081578953645874E+0002   0.814664017155950581639E+0001
   0.825178686666666716337E+0007   0.802523852470172528728E-0002   0.149448145456662068441E-0005   0.942170321360049580470E-0009  -0.368421725130365507795E-0012   0.132121596850568678860E+0002   0.515803295161282836234E-0002  -0.249943596331520758724E+0002   0.814700662867525160493E+0001
   0.103530612666666675359E+0008   0.998810262241575652631E-0002   0.236007951996644553126E-0005   0.925871976901500807432E-0009  -0.456055453182963912036E-0012   0.131945799963551095857E+0002   0.647648363032061157030E-0002  -0.249929095021078850891E+0002   0.814747314763266672344E+0001
   0.124547325000000000000E+0008   0.119168377814709656320E-0001   0.340117631572348926732E-0005   0.909435801067014724037E-0009  -0.536273433039035617022E-0012   0.131767127239657586557E+0002   0.773913670325276307344E-0002  -0.249914610050628951399E+0002   0.814803918440144769875E+0001
   0.145568369333333335817E+0008   0.138113632639724863427E-0001   0.460246394261037389370E-0005   0.893014220006813777841E-0009  -0.608795261908927029057E-0012   0.131587097861252075859E+0002   0.893532674351735743679E-0002  -0.249900166383550406124E+0002   0.814870322668293312063E+0001
   0.166594120000000000000E+0008   0.156718639720360292111E-0001   0.594813478451158485379E-0005   0.876716629592556916433E-0009  -0.673626977115945676341E-0012   0.131406834496896784970E+0002   0.100590050372937698381E-0001  -0.249885783526971962942E+0002   0.814946308701499333438E+0001
   0.187624962333333343267E+0008   0.174987156092422171949E-0001   0.742247586144906899949E-0005   0.860621320148199393583E-0009  -0.730961324864517776672E-0012   0.131227171597008371862E+0002   0.111071003916665897449E-0001  -0.249871476862966481747E+0002   0.815031611434494607238E+0001
   0.208661294000000022352E+0008   0.192924300696180328618E-0001   0.901023410291327005021E-0005   0.844783806638096006386E-0009  -0.781107322102215023108E-0012   0.131048730494073577546E+0002   0.120785084768003786460E-0001  -0.249857258586449013649E+0002   0.815125934855958611536E+0001
   0.229703526333333365619E+0008   0.210536151600232701586E-0001   0.106968352435962382025E-0004   0.829242762692141518516E-0009  -0.824442345487682919032E-0012   0.130871972718916342870E+0002   0.129734439442036018908E-0001  -0.249843138387097667419E+0002   0.815228963428389263868E+0001
   0.250752084666666686535E+0008   0.227829445935280733293E-0001   0.124685076882333110645E-0004   0.814024332308098505788E-0009  -0.861379909902186033519E-0012   0.130697238796859309673E+0002   0.137930120353746740042E-0001  -0.249829123957470642381E+0002   0.815340370498894451146E+0001
   0.271807409333333373070E+0008   0.244811356329007676069E-0001   0.143123442387779463186E-0004   0.799145289558052167971E-0009  -0.892348117727881890455E-0012   0.130524776777531563710E+0002   0.145389182095029701608E-0001  -0.249815221378140712716E+0002   0.815459824537190058891E+0001
   0.292869956000000052154E+0008   0.261489322924236614054E-0001   0.162163228992846981686E-0004   0.784615386745127591144E-0009  -0.917775358326065109156E-0012   0.130354763598743765840E+0002   0.152132673787686838879E-0001  -0.249801435415195669520E+0002   0.815586993751920630302E+0001
   0.313940197000000067055E+0008   0.277870928141529631439E-0001   0.181693010343219157041E-0004   0.770439111393402538293E-0009  -0.938080953749721313878E-0012   0.130187321229518353505E+0002   0.158184229711742022073E-0001  -0.249787769752600077311E+0002   0.815721549501427922735E+0001
   0.335018621666666716337E+0008   0.293963802179423409899E-0001   0.201609921934664285625E-0004   0.756617011519601237536E-0009  -0.953669191127118576115E-0012   0.130022529003979432360E+0002   0.163569067669828184519E-0001  -0.249774227177147061241E+0002   0.815863168785485726175E+0001
   0.356105737000000029802E+0008   0.309775552672050605296E-0001   0.221819321504312144309E-0004   0.743146700553042561624E-0009  -0.964925685576853890411E-0012   0.129860433116343969573E+0002   0.168313271393434014944E-0001  -0.249760809726859989155E+0002   0.816011536046813645839E+0001
   0.377202068333333358169E+0008   0.325313712512820193967E-0001   0.242234385179205722292E-0004   0.730023622982394450036E-0009  -0.972215345936611165151E-0012   0.129701053984801681906E+0002   0.172443273704445156069E-0001  -0.249747518811520095028E+0002   0.816166344446316571748E+0001
   0.398308159000000059605E+0008   0.340585700832537752181E-0001   0.262775668393426208827E-0004   0.717241640329057992052E-0009  -0.975881440087614523274E-0012   0.129544392005244493049E+0002   0.175985483422886161697E-0001  -0.249734355312174116648E+0002   0.816327296729171081324E+0001
   0.419424572000000029802E+0008   0.355598796086432147878E-0001   0.283370654939697275750E-0004   0.704793479420053432084E-0009  -0.976245411119523791577E-0012   0.129390432051272838976E+0002   0.178966017055862645913E-0001  -0.249721319662354446223E+0002   0.816494105799411151736E+0001
   0.440551889000000059605E+0008   0.370360115367687134369E-0001   0.303953303463778664109E-0004   0.692671077712510495371E-0009  -0.973607196041685433158E-0012   0.129239147038080162133E+0002   0.181410506443372386565E-0001  -0.249708411917434425220E+0002   0.816666495040006168438E+0001
   0.461690712000000029802E+0008   0.384876601914035595953E-0001   0.324463605803904979138E-0004   0.680865847450821224537E-0009  -0.968245877329911392710E-0012   0.129090500723682541917E+0002   0.183343963253712848027E-0001  -0.249695631811428100377E+0002   0.816844198475604521548E+0001
   0.482841663000000044703E+0008   0.399155016004217808034E-0001   0.344847158616915771818E-0004   0.669368879106026528052E-0009  -0.960420543577310872692E-0012   0.128944449943710761630E+0002   0.184790685078506169980E-0001  -0.249682978806191684384E+0002   0.817026960784027345142E+0001
   0.504005383333333358169E+0008   0.413201929379297186462E-0001   0.365054753659109585545E-0004   0.658171097433333266058E-0009  -0.950371275475555390893E-0012   0.128800946390857902202E+0002   0.185774192863261272679E-0001  -0.249670452133542042361E+0002   0.817214537201634705355E+0001
   0.525182535333333387971E+0008   0.427023724067795429349E-0001   0.385041991418930690922E-0004   0.647263379551313204445E-0009  -0.938320196277292736020E-0012   0.128659938016893171664E+0002   0.186317191921680398725E-0001  -0.249658050829975266538E+0002   0.817406693372837445111E+0001
   0.546373801666666716337E+0008   0.440626591785946569724E-0001   0.404768914618364752901E-0004   0.636636645215143402578E-0009  -0.924472545287281293670E-0012   0.128521370163920547469E+0002   0.186441550335585785880E-0001  -0.249645773767766669948E+0002   0.817603205122919440839E+0001
   0.567579885000000074506E+0008   0.454016535231092296931E-0001   0.424199664451281642855E-0004   0.626281924687230215815E-0009  -0.909017746191140858401E-0012   0.128385186464058378419E+0002   0.186168290597050478663E-0001  -0.249633619681633227572E+0002   0.817803858192296040386E+0001
   0.588801508666666746140E+0008   0.467199371241555638790E-0001   0.443302159879015590226E-0004   0.616190408706107527211E-0009  -0.892130450207655063069E-0012   0.128251329549475343583E+0002   0.185517591127146094787E-0001  -0.249621587191236145031E+0002   0.818008447951529227282E+0001
   0.610039416666666716337E+0008   0.480180734418618679338E-0001   0.462047797790202243806E-0004   0.606353485039162550064E-0009  -0.873971541669426536082E-0012   0.128119741619929961018E+0002   0.184508795099765365855E-0001  -0.249609674821022906599E+0002   0.818216779091160262283E+0001
   0.631294373333333358169E+0008   0.492966081204817135886E-0001   0.480411173534674482795E-0004   0.596762764569785149503E-0009  -0.854689098580496425880E-0012   0.127990364894023382902E+0002   0.183160424710102458234E-0001  -0.249597881017632268197E+0002   0.818428665296301005583E+0001
   0.652567163000000044703E+0008   0.505560694439594546234E-0001   0.498369821175086789963E-0004   0.587410099077031119798E-0009  -0.834419303402330571048E-0012   0.127863141964522455396E+0002   0.181490199427502552076E-0001  -0.249586204165026792623E+0002   0.818643928914830354415E+0001
   0.673858590666666775942E+0008   0.517969688817308468454E-0001   0.515903973221408244563E-0004   0.578287592225750391098E-0009  -0.813287301222053854585E-0012   0.127738016070901707621E+0002   0.179515057011246821628E-0001  -0.249574642597114646492E+0002   0.818862400634082021611E+0001
   0.695169481000000089407E+0008   0.530198015544341497152E-0001   0.532996336499560858743E-0004   0.569387606040112739632E-0009  -0.791408006663222172024E-0012   0.127614931319162003831E+0002   0.177251176619165097537E-0001  -0.249563194609576122218E+0002   0.819083919142273231273E+0001
   0.716500678666666746140E+0008   0.542250467889742668315E-0001   0.549631885623337248939E-0004   0.560702763176088824532E-0009  -0.768886858319113715173E-0012   0.127493832843054377690E+0002   0.174714003121226070514E-0001  -0.249551858469470602131E+0002   0.819308330807725582190E+0001
   0.737853047666666805744E+0008   0.554131686186878219536E-0001   0.565797671062960141398E-0004   0.552225946451177640273E-0009  -0.745820523911957446479E-0012   0.127374666930143618515E+0002   0.171918272314961241565E-0001  -0.249540632424073400841E+0002   0.819535489353890156394E+0001
   0.759227471666666865349E+0008   0.565846163378625893747E-0001   0.581482642381692680159E-0004   0.543950295875025710378E-0009  -0.722297556536207586672E-0012   0.127257381108834124461E+0002   0.168878036429066513691E-0001  -0.249529514708031499026E+0002   0.819765255552564298114E+0001
   0.780624853666666895151E+0008   0.577398250113020650165E-0001   0.596677484329040882269E-0004   0.535869204124841470789E-0009  -0.698399005711728437568E-0012   0.127141924212374632930E+0002   0.165606689800479912889E-0001  -0.249518503549872221470E+0002   0.819997496918819912537E+0001
   0.802046115333333611488E+0008   0.588792159571727910516E-0001   0.611374465185159630433E-0004   0.527976310914236587877E-0009  -0.674198985602701641151E-0012   0.127028246422771040613E+0002   0.162116994483750831435E-0001  -0.249507597177791566878E+0002   0.820232087411558552503E+0001
   0.823492197000000327826E+0008   0.600031972547222375303E-0001   0.625567297181454625224E-0004   0.520265496288585054521E-0009  -0.649765201963620673427E-0012   0.126916299293446783736E+0002   0.158421105466597968159E-0001  -0.249496793824311779986E+0002   0.820468907151138360234E+0001
   0.844964057333333641291E+0008   0.611121642202582318615E-0001   0.639251007428170785717E-0004   0.512730873340145485364E-0009  -0.625159441201215624317E-0012   0.126806035759601414270E+0002   0.154530595495107805210E-0001  -0.249486091730423034107E+0002   0.820707842143554877623E+0001
   0.866462673000000268221E+0008   0.622064998688471385013E-0001   0.652421818826065877525E-0004   0.505366780544710541706E-0009  -0.600438023889043208887E-0012   0.126697410137269272923E+0002   0.150456479373016639017E-0001  -0.249475489149120939203E+0002   0.820948784014867705139E+0001
   0.887989038666666895151E+0008   0.632865753776246375839E-0001   0.665077040425522361027E-0004   0.498167773774212797535E-0009  -0.575652224550277640637E-0012   0.126590378111656711724E+0002   0.146209237580091286346E-0001  -0.249464984348241358703E+0002   0.821191629759677788059E+0001
   0.909544166333333551884E+0008   0.643527504994701460284E-0001   0.677214965946668204016E-0004   0.491128618352102564060E-0009  -0.550848661381757992066E-0012   0.126484896721808937059E+0002   0.141798839373969455535E-0001  -0.249454575613156386282E+0002   0.821436281492293041140E+0001
   0.931129085333333611488E+0008   0.654053739947650092379E-0001   0.688834780643383579306E-0004   0.484244280991247662499E-0009  -0.526069656313479753170E-0012   0.126380924336356521565E+0002   0.137234765051828938587E-0001  -0.249444261248732850333E+0002   0.821682646215441891968E+0001
   0.952744841666667014360E+0008   0.664447840143209123021E-0001   0.699936475140470115361E-0004   0.477509921914702564376E-0009  -0.501353569147248763165E-0012   0.126278420628277547877E+0002   0.132526027636819358768E-0001  -0.249434039581247155581E+0002   0.821930635591221125935E+0001
   0.974392498000000417233E+0008   0.674713084995970935331E-0001   0.710520766448963724503E-0004   0.470920887009986204840E-0009  -0.476735106266634739907E-0012   0.126177346543241721832E+0002   0.127681193706505498320E-0001  -0.249423908959666853491E+0002   0.822180165729226786198E+0001
   0.996073133000000417233E+0008   0.684852655354298567314E-0001   0.720589024933766282696E-0004   0.464472700259127026359E-0009  -0.452245606860562189468E-0012   0.126077664268738978137E+0002   0.122708403612577354042E-0001  -0.249413867756964506839E+0002   0.822431156976312394136E+0001
   0.101778784200000047684E+0009   0.694869637503552628477E-0001   0.730143207733976063335E-0004   0.458161056149638665858E-0009  -0.427913306572679533421E-0012   0.125979337195459351051E+0002   0.117615390670905133746E-0001  -0.249403914370577481918E+0002   0.822683533730820748531E+0001
   0.103953773566666707397E+0009   0.704767026082999126224E-0001   0.739185796626935429348E-0004   0.451981812646956683544E-0009  -0.403763583408404251939E-0012   0.125882329886857480261E+0002   0.112409500075032232902E-0001  -0.249394047223584749418E+0002   0.822937224242285303433E+0001
   0.106132394033333376050E+0009   0.714547727643678187714E-0001   0.747719741662956379055E-0004   0.445930984219744540581E-0009  -0.379819183695759433260E-0012   0.125786608040447642765E+0002   0.107097706711755565057E-0001  -0.249384264764930136948E+0002   0.823192160438829922953E+0001
   0.108314759766666710377E+0009   0.724214563754717877142E-0001   0.755748409085628533241E-0004   0.440004735134655780958E-0009  -0.356100431675076841841E-0012   0.125692138451981687552E+0002   0.101686632415740572932E-0001  -0.249374565469796287687E+0002   0.823448277754881807766E+0001
   0.110500986433333382010E+0009   0.733770273979875709003E-0001   0.763275533523073782807E-0004   0.434199373068333523343E-0009  -0.332625423419202264954E-0012   0.125598888979719696124E+0002   0.961825625293721495068E-0002  -0.249364947839851573974E+0002   0.823705514966572316382E+0001
   0.112691191133333384991E+0009   0.743217518586815062420E-0001   0.770305174026511454543E-0004   0.428511343041048225701E-0009  -0.309410206610670345384E-0012   0.125506828510416976741E+0002   0.905914618806833923936E-0002  -0.249355410403514206052E+0002   0.823963814030566332747E+0001
   0.114885492500000044703E+0009   0.752558881854406280798E-0001   0.776841674284843764940E-0004   0.422937221335191478939E-0009  -0.286468945087992293866E-0012   0.125415926918842295379E+0002   0.849189896703955032775E-0002  -0.249345951715402911475E+0002   0.824223119949679627894E+0001
   0.117084010566666707397E+0009   0.761796874246967181676E-0001   0.782889625418541572734E-0004   0.417473709974208136816E-0009  -0.263814073406959185694E-0012   0.125326155037894899635E+0002   0.791705143252452621383E-0002  -0.249336570356714055663E+0002   0.824483380617697392267E+0001
   0.119286866800000041723E+0009   0.770933935199358821855E-0001   0.788453832431649267835E-0004   0.412117631331178925605E-0009  -0.241456437822078227004E-0012   0.125237484622532253553E+0002   0.733511272568851836057E-0002  -0.249327264934815140407E+0002   0.824744546690345003981E+0001
   0.121494184066666707397E+0009   0.779972435506146866135E-0001   0.793539283316496951281E-0004   0.406865922969557393123E-0009  -0.219405427836772749936E-0012   0.125149888317297364182E+0002   0.674656562545748132026E-0002  -0.249318034083066990547E+0002   0.825006571454548875977E+0001
   0.123706086600000038743E+0009   0.788914679611582014829E-0001   0.798151120824933183991E-0004   0.401715632779663683118E-0009  -0.197669097350708711231E-0012   0.125063339625017135859E+0002   0.615186782551714172323E-0002  -0.249308876460595136848E+0002   0.825269410703568873089E+0001
   0.125922700100000038743E+0009   0.797762908335082343569E-0001   0.802294616939684370393E-0004   0.396663914124128041992E-0009  -0.176254275589993867530E-0012   0.124977812871061928490E+0002   0.555145312032431260951E-0002  -0.249299790751474077410E+0002   0.825533022633641699883E+0001
   0.128144151533333376050E+0009   0.806519300290642893181E-0001   0.805975148987561200746E-0004   0.391708021587437665161E-0009  -0.155166672343256808492E-0012   0.124893283180557048695E+0002   0.494573261705198892468E-0002  -0.249290775665124932914E+0002   0.825797367710231888793E+0001
   0.130370569300000041723E+0009   0.815185974689794368153E-0001   0.809198178561634377847E-0004   0.386845306580976020976E-0009  -0.134410971916202404925E-0012   0.124809726442358961407E+0002   0.433509579671131645845E-0002  -0.249281829935177938751E+0002   0.826062408583066520862E+0001
   0.132602083100000038743E+0009   0.823764992859231937050E-0001   0.811969231796459825013E-0004   0.382073213345602592101E-0009  -0.113990922603840206409E-0012   0.124727119285696055329E+0002   0.371991160635170734980E-0002  -0.249272952319547158595E+0002   0.826328109970269686357E+0001
   0.134838824000000029802E+0009   0.832258360464514790333E-0001   0.814293881748997443269E-0004   0.377389275063410893473E-0009  -0.939094174246996624040E-0013   0.124645439050222925914E+0002   0.310052944578795459940E-0002  -0.249264141599682496064E+0002   0.826594438570966261182E+0001
   0.137080924400000035763E+0009   0.840668029260490390353E-0001   0.816177732247716877139E-0004   0.372791110161655642598E-0009  -0.741685701326475226129E-0013   0.124564663760992750952E+0002   0.247728014337728411065E-0002  -0.249255396580219965585E+0002   0.826861362970355173729E+0001
   0.139328518033333361149E+0009   0.848995898894868705753E-0001   0.817626403289257547248E-0004   0.368276418814394190832E-0009  -0.547697842230098774273E-0013   0.124484772103185292735E+0002   0.185047686757123402458E-0002  -0.249246716088492554775E+0002   0.827128853552944498517E+0001
   0.141581739966666698456E+0009   0.857243818637262733340E-0001   0.818645517811515460380E-0004   0.363842979586909771536E-0009  -0.357138172550463233818E-0013   0.124405743397817847296E+0002   0.122041600056383217621E-0002  -0.249238098974043147393E+0002   0.827396882419766477312E+0001
   0.143840726566666692495E+0009   0.865413588917032794434E-0001   0.819240689729669696421E-0004   0.359488646285581286785E-0009  -0.170008403523844096957E-0013   0.124327557579710603619E+0002   0.587377980510370959095E-0003  -0.249229544108266622970E+0002   0.827665423305408332055E+0001
   0.146105615600000023842E+0009   0.873506963276282633046E-0001   0.819417513175810864915E-0004   0.355211344812243650817E-0009   0.136950802445675448995E-0014   0.124250195171749897582E+0002  -0.483719332336267780130E-0004  -0.249221050383551130381E+0002   0.827934451514521008164E+0001
   0.148376546066666692495E+0009   0.881525649295729352151E-0001   0.819181552756931795345E-0004   0.351009070407285901668E-0009   0.193980703142366153749E-0013   0.124173637269309704578E+0002  -0.686582858114764935271E-0003  -0.249212616713434726989E+0002   0.828203943830003375126E+0001
   0.150653658400000035763E+0009   0.889471310773750911682E-0001   0.818538334848143735167E-0004   0.346879884326289153375E-0009   0.370861250625194354605E-0013   0.124097865500692368101E+0002  -0.132701762480024994598E-0002  -0.249204242031391842715E+0002   0.828473878468373925443E+0001
   0.152937094300000041723E+0009   0.897345568535383719677E-0001   0.817493339785485719070E-0004   0.342821913015424874082E-0009   0.544353427061324045553E-0013   0.124022862063063072924E+0002  -0.196945204562802046733E-0002  -0.249195925290999120705E+0002   0.828744234993403949829E+0001
   0.155226996866666704416E+0009   0.905150002261796149394E-0001   0.816051994856851071591E-0004   0.338833342919695269225E-0009   0.714477472141737884359E-0013   0.123948609623785213074E+0002  -0.261367429927509371465E-0002  -0.249187665464999810183E+0002   0.829014994270200844539E+0001
   0.157523510500000029802E+0009   0.912886151424064096194E-0001   0.814219668136463450934E-0004   0.334912419902838135395E-0009   0.881256789251467944262E-0013   0.123875091356762379036E+0002  -0.325948428200049239445E-0002  -0.249179461545236691222E+0002   0.829286138393135985325E+0001
   0.159826780966666698456E+0009   0.920555516761266123815E-0001   0.812001662954796196671E-0004   0.331057446504633556738E-0009   0.104471761634753482047E-0012   0.123802290910277310587E+0002  -0.390669303539360138894E-0002  -0.249171312541986473832E+0002   0.829557650636519561260E+0001
   0.162136955433333367109E+0009   0.928159561581511360906E-0001   0.809403212995220164251E-0004   0.327266779692108099305E-0009   0.120488871997744262383E-0012   0.123730192389633213423E+0002  -0.455512219304746862614E-0002  -0.249163217483435310839E+0002   0.829829515403811868168E+0001
   0.164454182400000035763E+0009   0.935699712685181261840E-0001   0.806429478096035254765E-0004   0.323538828836591159070E-0009   0.136180110696960628457E-0012   0.123658780343633409871E+0002  -0.520460342677519886834E-0002  -0.249155175415518357340E+0002   0.830101718167447621965E+0001
   0.166778611766666710377E+0009   0.943177361686123039153E-0001   0.803085540464406206487E-0004   0.319872053706071773142E-0009   0.151548776903035017180E-0012   0.123588039747544407021E+0002  -0.585497795596032211130E-0002  -0.249147185401299751106E+0002   0.830374245426679458149E+0001
   0.169110394833333373070E+0009   0.950593866065967130208E-0001   0.799376401445072305284E-0004   0.316264962537259349481E-0009   0.166598344286904331204E-0012   0.123517955988831591441E+0002  -0.650609606300356531350E-0002  -0.249139246520603023782E+0002   0.830647084659710976950E+0001
   0.171449684300000041723E+0009   0.957950550188371996452E-0001   0.795306978754051349060E-0004   0.312716110233358685716E-0009   0.181332439032724466795E-0012   0.123448514853514605960E+0002  -0.715781663229033901508E-0002  -0.249131357869651530734E+0002   0.830920224277905283827E+0001
   0.173796634333333373070E+0009   0.965248706482042528876E-0001   0.790882104007637322472E-0004   0.309224096580245568996E-0009   0.195754820084237939517E-0012   0.123379702511136422061E+0002  -0.781000673007002828296E-0002  -0.249123518560497814178E+0002   0.831193653589737380116E+0001
   0.176151400466666698456E+0009   0.972489596063526584580E-0001   0.786106520935076174932E-0004   0.305787564656252993799E-0009   0.209869359931906266277E-0012   0.123311505505235263769E+0002  -0.846254115968906456269E-0002  -0.249115727721027226949E+0002   0.831467362747151206293E+0001
   0.178514139733333379030E+0009   0.979674450052335499262E-0001   0.780984883511428868829E-0004   0.302405199194986859233E-0009   0.223680028566644449940E-0012   0.123243910737489148488E+0002  -0.911530210139808311220E-0002  -0.249107984494186318614E+0002   0.831741342720923881870E+0001
   0.180885010600000053644E+0009   0.986804470228180019564E-0001   0.775521754781297132254E-0004   0.299075725067732544164E-0009   0.237190877411097363901E-0012   0.123176905458247070158E+0002  -0.976817871660048790694E-0002  -0.249100288037898849325E+0002   0.832015585254384681946E+0001
   0.183264173033333390951E+0009   0.993880830064402531754E-0001   0.769721605703382291989E-0004   0.295797905826274825190E-0009   0.250406025557100152562E-0012   0.123110477253695265176E+0002  -0.104210668069000238906E-0001  -0.249092637524543505378E+0002   0.832290082834254540955E+0001
   0.185651788533333390951E+0009   0.100090467562160001513E+0000   0.763588814303493119365E-0004   0.292570542266676379970E-0009   0.263329646888705679857E-0012   0.123044614034519774748E+0002  -0.110738684816037609437E-0001  -0.249085032140566440262E+0002   0.832564828659077349471E+0001
   0.188048020033333390951E+0009   0.100787712601970752546E+0000   0.757127665422130825129E-0004   0.289392471179557136063E-0009   0.275965957588018129496E-0012   0.122979304028679088390E+0002  -0.117264918051927877901E-0001  -0.249077471086523409838E+0002   0.832839816593771509190E+0001
   0.190453032100000053644E+0009   0.101479927476189196733E+0000   0.750342349900587839802E-0004   0.286262563983219305824E-0009   0.288319206513114392923E-0012   0.122914535766314294563E+0002  -0.123788505415677631272E-0001  -0.249069953576176601473E+0002   0.833115041160091429617E+0001
   0.192866990766666710377E+0009   0.102167218995630276757E+0000   0.743236964929788778474E-0004   0.283179725549548672508E-0009   0.300393664182052226229E-0012   0.122850298075226884720E+0002  -0.130308638181709894599E-0001  -0.249062478836769152224E+0002   0.833390497486224823831E+0001
   0.195290063666666716337E+0009   0.102849691538431764481E+0000   0.735815513772926046336E-0004   0.280142893031863369738E-0009   0.312193614737257359526E-0012   0.122786580068426172119E+0002  -0.136824558786429809065E-0001  -0.249055046108360151891E+0002   0.833666181292110231027E+0001
   0.197722420066666722298E+0009   0.103527447124486554619E+0000   0.728081905890230502310E-0004   0.277151034669831043034E-0009   0.323723347739473686278E-0012   0.122723371134937924154E+0002  -0.143335558263700708903E-0001  -0.249047654643489799753E+0002   0.833942088864368535894E+0001
   0.200164230800000041723E+0009   0.104200585459523736853E+0000   0.720039957535313011579E-0004   0.274203148766588678070E-0009   0.334987150379585569683E-0012   0.122660660933543983475E+0002  -0.149840973531397136931E-0001  -0.249040303707159687008E+0002   0.834218217021028785041E+0001
   0.202615668333333373070E+0009   0.104869204014440997597E+0000   0.711693392078706907940E-0004   0.271298262659522348015E-0009   0.345989301152765467767E-0012   0.122598439383332014074E+0002  -0.156340185160413515375E-0001  -0.249032992576411409402E+0002   0.834494563092519747727E+0001
   0.205076906833333373070E+0009   0.105533398101509329203E+0000   0.703045840415546442097E-0004   0.268435431670279557633E-0009   0.356734064050539817571E-0012   0.122536696654660239858E+0002  -0.162832615255222891426E-0001  -0.249025720539921238128E+0002   0.834771124903581807075E+0001
   0.207548122100000053644E+0009   0.106193260912014891817E+0000   0.694100841939457210679E-0004   0.265613738189512868950E-0009   0.367225682668346737051E-0012   0.122475423163829759687E+0002  -0.169317725086864066808E-0001  -0.249018486898000652729E+0002   0.835047900741121651436E+0001
   0.210029491633333384991E+0009   0.106848883588238158238E+0000   0.684861845162557846206E-0004   0.262832290769842600275E-0009   0.377468375630459328892E-0012   0.122414609564610632475E+0002  -0.175795013189479001903E-0001  -0.249011290962206714994E+0002   0.835324889338051868037E+0001
   0.212521194666666716337E+0009   0.107500355283936754880E+0000   0.675332208518523145237E-0004   0.260090223217171109367E-0009   0.387466332239952093181E-0012   0.122354246741001606580E+0002  -0.182264013483779026281E-0001  -0.249004132055061795370E+0002   0.835602089854197949137E+0001
   0.215023412166666716337E+0009   0.108147763213991332520E+0000   0.665515201364870836488E-0004   0.257386693753665090544E-0009   0.397223708498013883912E-0012   0.122294325801006724674E+0002  -0.188724293371717935508E-0001  -0.248997009509879880795E+0002   0.835879501854319961751E+0001
   0.217536326900000035763E+0009   0.108791192719455101501E+0000   0.655414004793346461784E-0004   0.254720884189433142688E-0009   0.406744623803951850729E-0012   0.122234838069133537886E+0002  -0.195175452118246522959E-0001  -0.248989922670407715088E+0002   0.836157125294333347654E+0001
   0.220060123400000035763E+0009   0.109430727304793307120E+0000   0.645031712888865464001E-0004   0.252091999156277193471E-0009   0.416033157582917748346E-0012   0.122175775081471513772E+0002  -0.201617119055068211297E-0001  -0.248982870890759606652E+0002   0.836434960497184931683E+0001
   0.222594988000000029802E+0009   0.110066448690815651967E+0000   0.634371333787351628477E-0004   0.249499265375975353730E-0009   0.425093346660340999256E-0012   0.122117128579436045044E+0002  -0.208048952058596040016E-0001  -0.248975853535168845099E+0002   0.836713008136879210497E+0001
   0.225141108933333367109E+0009   0.110698436882235420886E+0000   0.623435790479652529594E-0004   0.246941930891876830133E-0009   0.433929183223463091660E-0012   0.122058890502317147764E+0002  -0.214470636190969565771E-0001  -0.248968869977561482187E+0002   0.836991269230441048421E+0001
