   0.194999999999999976717E+0007   0.188631775595349141308E-0002  -0.142545547604156432884E-0022   0.933177701774785661438E-0009   0.146200561645401146594E-0028   0.194831249679894433768E+0002  -0.151711883168296921999E-0017  -0.249972274512219527765E+0002   0.814652944937461143127E+0001
   0.405028806666666641831E+0007   0.379048073574829273713E-0002  -0.242604060071203189201E-0021   0.879250248722583651981E-0009   0.144780881595737826598E-0027   0.194757054424626225853E+0002   0.185581525055342718437E-0017  -0.249942371394345315139E+0002   0.814730433419737387624E+0001
   0.615087393333333358169E+0007   0.558128624803809654520E-0002  -0.126710080337197765073E-0021   0.826483998795381792497E-0009  -0.265617943047706444299E-0028   0.194685260439280547473E+0002   0.257753828946925232009E-0017  -0.249912639365817526027E+0002   0.814840910045876398726E+0001
   0.825178686666666716337E+0007   0.726253655699965559173E-0002  -0.619829160324105394522E-0023   0.775514822479365844934E-0009  -0.530079126438645383319E-0029   0.194617542302736055149E+0002   0.139385621686967867603E-0016  -0.249883327238427348505E+0002   0.814982738446020427148E+0001
   0.103530612666666675359E+0008   0.883935046318796296960E-0002   0.951519503640707430492E-0021   0.727107295915200623066E-0009  -0.356133140605761765994E-0027   0.194554774213410723860E+0002  -0.112959531381917170367E-0016  -0.249854588572410598601E+0002   0.815153816761273297686E+0001
   0.124547325000000000000E+0008   0.103177170510845989115E-0001   0.932075880483105418388E-0021   0.681567709896504804452E-0009  -0.403659332273744317815E-0027   0.194497284952915308054E+0002   0.184392198651359074061E-0016  -0.249826515999624767517E+0002   0.815351881007210010921E+0001
   0.145568369333333335817E+0008   0.117038424287589891415E-0001   0.146135886563697710892E-0020   0.638945428724197012506E-0009   0.142582534115707329639E-0027   0.194445081094575158431E+0002   0.193091018981740428877E-0017  -0.249799165725249316949E+0002   0.815574673730350951928E+0001
   0.166594120000000000000E+0008   0.130038108907019230032E-0001   0.132435971651886686834E-0020   0.599154925677607707301E-0009   0.193765183080745080931E-0027   0.194397990658357642246E+0002  -0.706645354822416923657E-0017  -0.249772570527630008996E+0002   0.815820031111035071092E+0001
   0.187624962333333343267E+0008   0.142234178865407717013E-0001   0.106342069839948542030E-0020   0.562046831080765630556E-0009   0.303534144251455150804E-0028   0.194355750125520394533E+0002  -0.256531325724356756225E-0017  -0.249746747377338991214E+0002   0.816085922711388889184E+0001
   0.208661294000000022352E+0008   0.153680991482983610869E-0001   0.848085039726322564209E-0021   0.527446978990787087823E-0009   0.130542485156237676162E-0027   0.194318055206505135857E+0002  -0.425978721976573014023E-0017  -0.249721702223598107651E+0002   0.816370465307956649781E+0001
   0.229703526333333365619E+0008   0.164429116177660303300E-0001  -0.584286132334455870878E-0022   0.495176943388360666612E-0009   0.745988093476099518022E-0027   0.194284589721664460171E+0002  -0.173931807427535242806E-0016  -0.249697433158294082034E+0002   0.816671923179422343253E+0001
   0.250752084666666686535E+0008   0.174525409544760076730E-0001  -0.950177621807538745500E-0021   0.465064273582828847948E-0009   0.404022089902091913467E-0027   0.194255041595400186338E+0002  -0.314160946073647618519E-0016  -0.249673932590158997868E+0002   0.816988701716874565761E+0001
   0.271807409333333373070E+0008   0.184013217573963522300E-0001  -0.199562259916665812142E-0020   0.436947133045206965032E-0009   0.240915759550275299407E-0027   0.194229111348298388862E+0002  -0.108357827378328105629E-0016  -0.249651188782797781585E+0002   0.817319338113216886654E+0001
   0.292869956000000052154E+0008   0.192932628672995015728E-0001  -0.245753683538573744052E-0020   0.410675967424822361305E-0009   0.194844982506324573776E-0027   0.194206516257910450918E+0002   0.166742716611206552147E-0017  -0.249629186970440564153E+0002   0.817662491090686316397E+0001
   0.313940197000000067055E+0008   0.201320738488719244708E-0001  -0.390352971314728935407E-0020   0.386113646508054457892E-0009   0.140780517643881875066E-0026   0.194186992038244419234E+0002  -0.377664446541322815036E-0016  -0.249607910182272654254E+0002   0.818016930703285360948E+0001
   0.335018621666666716337E+0008   0.209211905687251009667E-0001  -0.544420824155602480808E-0020   0.363134866394537721227E-0009   0.710920703383990254718E-0027   0.194170293122061394797E+0002  -0.102767802656429335423E-0015  -0.249587339863441179943E+0002   0.818381528667923774378E+0001
   0.356105737000000029802E+0008   0.216637990210169287253E-0001  -0.983588846525439529244E-0020   0.341625235072402094349E-0009   0.224332292537780911432E-0026   0.194156192175918960174E+0002  -0.119920760776497823250E-0015  -0.249567456348622407347E+0002   0.818755249447271005181E+0001
   0.377202068333333358169E+0008   0.223628570542369967122E-0001  -0.141273311469040204356E-0019   0.321480262546056063302E-0009   0.195837397637006486228E-0026   0.194144479216895753382E+0002  -0.113503682162655464804E-0015  -0.249548239227742776336E+0002   0.819137142134017182116E+0001
   0.398308159000000059605E+0008   0.230211139373444270695E-0001  -0.175106689607211033707E-0019   0.302604368027407086933E-0009   0.132654329065565719360E-0026   0.194134960545381858310E+0002  -0.883248138275349512538E-0016  -0.249529667632142988509E+0002   0.819526333098145975953E+0001
   0.419424572000000029802E+0008   0.236411279804916996117E-0001  -0.208560440980513835337E-0019   0.284909956728376216796E-0009   0.179175991227110682162E-0026   0.194127457615085390330E+0002  -0.139686905885200442711E-0015  -0.249511720457956940322E+0002   0.819922019396749490738E+0001
   0.440551889000000059605E+0008   0.242252822366660069964E-0001  -0.256568971796468777760E-0019   0.268316585200193369911E-0009   0.249458169279362523773E-0026   0.194121805911697649094E+0002  -0.186399862478259542454E-0015  -0.249494376545026987912E+0002   0.820323462794516444774E+0001
   0.461690712000000029802E+0008   0.247757986476018210453E-0001  -0.319093504401841885263E-0019   0.252750221551144572272E-0009   0.333917895369641514405E-0026   0.194117853874934702674E+0002  -0.173286009845375132497E-0015  -0.249477614817027024685E+0002   0.820729984422520608689E+0001
   0.482841663000000044703E+0008   0.252947506848551148528E-0001  -0.363857334534974703607E-0019   0.238142592746114962210E-0009   0.197653378683446475171E-0026   0.194115461884270352755E+0002  -0.189930186321542389914E-0015  -0.249461414394560989649E+0002   0.821140959923442537161E+0001
   0.504005383333333358169E+0008   0.257840747199117939492E-0001  -0.394506114506182281217E-0019   0.224430613866506671507E-0009   0.566270285919464541201E-0027   0.194114501314888272532E+0002  -0.193722308073725568443E-0015  -0.249445754685517258054E+0002   0.821555815052467330872E+0001
   0.525182535333333387971E+0008   0.262455803423395639395E-0001  -0.433701373584411595073E-0019   0.211555888704744203144E-0009   0.146188366466030103903E-0026   0.194114853665072715216E+0002  -0.134238991821220834818E-0015  -0.249430615455177573381E+0002   0.821974021732681414676E+0001
   0.546373801666666716337E+0008   0.266809596482042617194E-0001  -0.460377343570487556205E-0019   0.199464271065944769471E-0009   0.105463574586583238300E-0026   0.194116409753486571788E+0002  -0.124690931663785022501E-0015  -0.249415976883136174536E+0002   0.822395094428193651481E+0001
   0.567579885000000074506E+0008   0.270917956881365565303E-0001  -0.485680556468720734449E-0019   0.188105481083276956759E-0009   0.110514940234831439431E-0026   0.194119068981958875497E+0002  -0.120214803644140494876E-0015  -0.249401819607624872788E+0002   0.822818586844688226734E+0001
   0.588801508666666746140E+0008   0.274795701879878388751E-0001  -0.511174295864388066365E-0019   0.177432767214191572098E-0009   0.123771226256956658812E-0026   0.194122738659222875413E+0002  -0.131962294246073735392E-0015  -0.249388124758976807982E+0002   0.823244088935715900845E+0001
   0.610039416666666716337E+0008   0.278456705938755801066E-0001  -0.533080368488063898504E-0019   0.167402607074438161842E-0009   0.856755355573535564760E-0027   0.194127333380757569614E+0002  -0.814281968195376703170E-0016  -0.249374873985163958423E+0002   0.823671224151224734555E+0001
   0.631294373333333358169E+0008   0.281913965266984978264E-0001  -0.550433733579904616387E-0019   0.157974442368788488802E-0009   0.930693957588280599861E-0027   0.194132774459772221576E+0002  -0.105404989269294522982E-0015  -0.249362049470500650727E+0002   0.824099646907873939483E+0001
   0.652567163000000044703E+0008   0.285179657180993639809E-0001  -0.567670325787506085977E-0019   0.149110442850760248194E-0009   0.762802444792274666228E-0027   0.194138989404812711825E+0002  -0.121421237957122222624E-0015  -0.249349633948415956297E+0002   0.824529040264564372364E+0001
   0.673858590666666775942E+0008   0.288265194975868173366E-0001  -0.588910099909476729662E-0019   0.140775295097978544004E-0009   0.106255967213812732110E-0026   0.194145911440127569847E+0002  -0.197706821130303908697E-0015  -0.249337610708672201554E+0002   0.824959113803122612296E+0001
   0.695169481000000089407E+0008   0.291181278363389084429E-0001  -0.615228106898358797686E-0019   0.132936012159542751736E-0009   0.103633841622602690812E-0026   0.194153479064223724038E+0002  -0.172206863494313702736E-0015  -0.249325963601392359692E+0002   0.825389601643080084159E+0001
   0.716500678666666746140E+0008   0.293937940360471695878E-0001  -0.641304564720243909537E-0019   0.125561762496697814378E-0009   0.126582004566604055375E-0026   0.194161635644090928565E+0002  -0.156454161009221629541E-0015  -0.249314677036794520859E+0002   0.825820260635087421974E+0001
   0.737853047666666805744E+0008   0.296544590637190380589E-0001  -0.666444473115562416847E-0019   0.118623714317371944861E-0009   0.134299689005619832611E-0026   0.194170329041034648299E+0002  -0.222374819587430797585E-0015  -0.249303735982500427326E+0002   0.826250868672614480204E+0001
   0.759227471666666865349E+0008   0.299010055906988557461E-0001  -0.692136701047308920942E-0019   0.112094894383218837165E-0009   0.104547020706924097444E-0026   0.194179511266259758884E+0002  -0.199704019142063512008E-0015  -0.249293125957832124584E+0002   0.826681223149926402982E+0001
   0.780624853666666895151E+0008   0.301342617407537177732E-0001  -0.717638517556647440729E-0019   0.105950058655244622179E-0009   0.123079842018127262922E-0026   0.194189138162779642016E+0002  -0.212258725978179786297E-0015  -0.249282833026388246367E+0002   0.827111139522178184791E+0001
   0.802046115333333611488E+0008   0.303550045772519733189E-0001  -0.741402082559789945738E-0019   0.100165572352108392729E-0009   0.106060088770080267992E-0026   0.194199169095152690545E+0002  -0.240714336598941803070E-0015  -0.249272843787043676400E+0002   0.827540449965892932482E+0001
   0.823492197000000327826E+0008   0.305639633595635867858E-0001  -0.768062364431006840763E-0019   0.947193087082822770244E-0010   0.124468603300830399394E-0026   0.194209566751232678428E+0002  -0.252833361426536218453E-0015  -0.249263145363176192859E+0002   0.827969002145274757254E+0001
   0.844964057333333641291E+0008   0.307618225852378350538E-0001  -0.792321768845505053620E-0019   0.895905368189033103681E-0010   0.102653495270215915044E-0026   0.194220296775669609701E+0002  -0.246080024397725251194E-0015  -0.249253725390902509673E+0002   0.828396658069349989262E+0001
   0.866462673000000268221E+0008   0.309492248189197731445E-0001  -0.816921215831689108219E-0019   0.847598376103553931842E-0010   0.115334248145863568506E-0026   0.194231327621054923327E+0002  -0.246983005506633564070E-0015  -0.249244572006369544681E+0002   0.828823293026104757075E+0001
   0.887989038666666895151E+0008   0.311267733468166205024E-0001  -0.838121372666453200284E-0019   0.802090158947757896976E-0010   0.891892831160479367584E-0027   0.194242630312849655638E+0002  -0.270075145513388289865E-0015  -0.249235673832172750508E+0002   0.829248794601023497819E+0001
   0.909544166333333551884E+0008   0.312950346500048687259E-0001  -0.861903913148063976528E-0019   0.759210207030417942893E-0010   0.109144431974973890226E-0026   0.194254178250797480132E+0002  -0.293985842396034571467E-0015  -0.249227019963471576602E+0002   0.829673061753081775294E+0001
   0.931129085333333611488E+0008   0.314545407232137003151E-0001  -0.887028039474242108560E-0019   0.718798715257291379234E-0010   0.117893848367386489513E-0026   0.194265947026493890348E+0002  -0.239414370152578746139E-0015  -0.249218599953462494057E+0002   0.830096003969207885120E+0001
   0.952744841666667014360E+0008   0.316057912391343731606E-0001  -0.907228696818703547929E-0019   0.680705894587790810341E-0010   0.983216525815480444568E-0027   0.194277914254165686714E+0002  -0.310067457283470640333E-0015  -0.249210403798800719244E+0002   0.830517540466213510797E+0001
   0.974392498000000417233E+0008   0.317492555788695118846E-0001  -0.930165587156427852855E-0019   0.644791332158250091446E-0010   0.103270444466251988802E-0026   0.194290059414487892298E+0002  -0.266980012546461145544E-0015  -0.249202421924606873915E+0002   0.830937599461910103571E+0001
   0.996073133000000417233E+0008   0.318853747280054833357E-0001  -0.949635595937892255477E-0019   0.610923392664488650778E-0010   0.910045844134470641076E-0027   0.194302363709799266189E+0002  -0.287731271469673614418E-0015  -0.249194645169655082384E+0002   0.831356117485363377284E+0001
   0.101778784200000047684E+0009   0.320145630602419184463E-0001  -0.969258371352281938194E-0019   0.578978661208608238984E-0010   0.902644107466581715975E-0027   0.194314809930929754955E+0002  -0.318447370878016345463E-0015  -0.249187064771105362126E+0002   0.831773038761165572907E+0001
   0.103953773566666707397E+0009   0.321372099950096579146E-0001  -0.988836737946829135716E-0019   0.548841419585434803763E-0010   0.851475449340288517390E-0027   0.194327382332979716750E+0002  -0.301445282408691972072E-0015  -0.249179672350054239871E+0002   0.832188314600089817930E+0001
   0.106132394033333376050E+0009   0.322536815599396009535E-0001  -0.100673305818458850835E-0018   0.520403160750404586378E-0010   0.791527959228539899470E-0027   0.194340066521367553776E+0002  -0.337514199437497326760E-0015  -0.249172459896644404864E+0002   0.832601902863570408897E+0001
   0.108314759766666710377E+0009   0.323643218502580182205E-0001  -0.102717391734848690727E-0018   0.493562131424942257041E-0010   0.969480943378143115277E-0027   0.194352849346136906661E+0002  -0.329039362078167462567E-0015  -0.249165419755624348852E+0002   0.833013767454081666131E+0001
   0.110500986433333382010E+0009   0.324694543956422221331E-0001  -0.104620507768563287611E-0018   0.468222905228617214627E-0010   0.905404574737560452898E-0027   0.194365718804263636343E+0002  -0.368971142267713644462E-0015  -0.249158544612169166044E+0002   0.833423877841611471240E+0001
   0.112691191133333384991E+0009   0.325693834390437253479E-0001  -0.106420449377122741146E-0018   0.444295982932986538821E-0010   0.754784983459684458787E-0027   0.194378663949178580594E+0002  -0.308601845684626237276E-0015  -0.249151827478090410750E+0002   0.833832208617527115280E+0001
   0.114885492500000044703E+0009   0.326643951421868167229E-0001  -0.108096856157886784344E-0018   0.421697418962565855463E-0010   0.822585376933817257236E-0027   0.194391674808140280106E+0002  -0.323151508376897939898E-0015  -0.249145261677859259919E+0002   0.834238739110597116166E+0001
   0.117084010566666707397E+0009   0.327547587039692944533E-0001  -0.109511455633710850491E-0018   0.400348468846856163366E-0010   0.585847881280915371354E-0027   0.194404742304598947555E+0002  -0.323945492931855681708E-0015  -0.249138840835705686061E+0002   0.834643452988436784779E+0001
   0.119286866800000041723E+0009   0.328407274154207118322E-0001  -0.111100131018042580184E-0018   0.380175262436562163005E-0010   0.775258806040559996574E-0027   0.194417858187424741345E+0002  -0.421143157326381279084E-0015  -0.249132558862580459902E+0002   0.835046337916976710858E+0001
   0.121494184066666707397E+0009   0.329225396450512075575E-0001  -0.112844268909606471361E-0018   0.361108495491563463591E-0010   0.756797443451452763558E-0027   0.194431014965204731482E+0002  -0.363022409538905811460E-0015  -0.249126409943701858651E+0002   0.835447385232563988211E+0001
   0.123706086600000038743E+0009   0.330004197618331690522E-0001  -0.114289591135607604932E-0018   0.343083141594565291170E-0010   0.632632715446899051247E-0027   0.194444205845586139958E+0002  -0.324056022543302656050E-0015  -0.249120388526497755777E+0002   0.835846589637454506772E+0001
   0.125922700100000038743E+0009   0.330745790043345949671E-0001  -0.115655501381452888507E-0018   0.326038182491248765444E-0010   0.660655694612727658494E-0027   0.194457424680090547042E+0002  -0.398751901190761647764E-0015  -0.249114489308590449923E+0002   0.836243948940839487705E+0001
   0.128144151533333376050E+0009   0.331452162844071834824E-0001  -0.117180684734959790366E-0018   0.309916353636942948740E-0010   0.704571583407033733554E-0027   0.194470665911461928488E+0002  -0.426071069983158010735E-0015  -0.249108707227010910401E+0002   0.836639463766040236692E+0001
   0.130370569300000041723E+0009   0.332125189522384789420E-0001  -0.118617534208719363148E-0018   0.294663909365890194414E-0010   0.611723472639764715776E-0027   0.194483924527204088406E+0002  -0.453089294324454290900E-0015  -0.249103037446832757951E+0002   0.837033137342227995248E+0001
   0.132602083100000038743E+0009   0.332766635033098362451E-0001  -0.120059230206209591999E-0018   0.280230398985824007024E-0010   0.605645102846973064316E-0027   0.194497196015026929672E+0002  -0.418064981521003573051E-0015  -0.249097475351013812883E+0002   0.837424975259827952812E+0001
   0.134838824000000029802E+0009   0.333378162466394789565E-0001  -0.121436397834301312463E-0018   0.266568460081689675103E-0010   0.629060064042810206212E-0027   0.194510476322906598057E+0002  -0.378731373049437323582E-0015  -0.249092016530124809037E+0002   0.837814985277644197481E+0001
   0.137080924400000035763E+0009   0.333961339277708268991E-0001  -0.122661964943367986103E-0018   0.253633623058708328060E-0010   0.574195765526381242636E-0027   0.194523761821711005382E+0002  -0.447034347912820570059E-0015  -0.249086656772737953247E+0002   0.838203177127207155195E+0001
   0.139328518033333361149E+0009   0.334517643132236502934E-0001  -0.123838215356310989444E-0018   0.241384128974715528138E-0010   0.463800833474816178414E-0027   0.194537049270943001034E+0002  -0.369811534700442651365E-0015  -0.249081392056127448598E+0002   0.838589562336933624920E+0001
   0.141581739966666698456E+0009   0.335048467379522318943E-0001  -0.124895008420993472564E-0018   0.229780758682282174671E-0010   0.479161368773720289255E-0027   0.194550335787181722935E+0002  -0.441607411109328759333E-0015  -0.249076218537359999061E+0002   0.838974154069177302517E+0001
   0.143840726566666692495E+0009   0.335555126173992246397E-0001  -0.126110406544094482576E-0018   0.218786672805395253211E-0010   0.554479557288059747437E-0027   0.194563618814817544944E+0002  -0.451641304281532151235E-0015  -0.249071132544840665446E+0002   0.839356966963631379031E+0001
   0.146105615600000023842E+0009   0.336038859301795028722E-0001  -0.127266486764044600528E-0018   0.208367262276237769713E-0010   0.513001024592656385039E-0027   0.194576896099872094226E+0002  -0.486449358059103158356E-0015  -0.249066130569927430827E+0002   0.839738017014414417361E+0001
   0.148376546066666692495E+0009   0.336500836644128969999E-0001  -0.128350597513674468401E-0018   0.198490007293812060920E-0010   0.433846519595773150936E-0027   0.194590165664370964294E+0002  -0.454629691792793505197E-0015  -0.249061209259507734259E+0002   0.840117321412446571571E+0001
   0.150653658400000035763E+0009   0.336942162436494191402E-0001  -0.129478457064539354553E-0018   0.189124347241118615919E-0010   0.526864038950101444430E-0027   0.194603425784824572986E+0002  -0.463345150732862540011E-0015  -0.249056365408108391080E+0002   0.840494898459122019574E+0001
   0.152937094300000041723E+0009   0.337363879184758713725E-0001  -0.130512825906308501521E-0018   0.180241556468164493278E-0010   0.455676185011148956637E-0027   0.194616674970368350728E+0002  -0.416326298560608576253E-0015  -0.249051595951150304131E+0002   0.840870767427392884485E+0001
   0.155226996866666704416E+0009   0.337766971392802067831E-0001  -0.131418315965479434405E-0018   0.171814630293870811278E-0010   0.405279786489777782828E-0027   0.194629911944317122163E+0002  -0.490072249396299917998E-0015  -0.249046897957883430763E+0002   0.841244948481106469274E+0001
   0.157523510500000029802E+0009   0.338152369012891945710E-0001  -0.132390829303073136564E-0018   0.163818176531716754456E-0010   0.414323526615759432197E-0027   0.194643135625895205010E+0002  -0.516151435812058892035E-0015  -0.249042268625131484328E+0002   0.841617462563411145027E+0001
   0.159826780966666698456E+0009   0.338520950708984941224E-0001  -0.133394551310637699379E-0018   0.156228315239237043895E-0010   0.437152113445400434382E-0027   0.194656345114350379788E+0002  -0.504732952578127285482E-0015  -0.249037705270991942541E+0002   0.841988331319712912659E+0001
   0.162136955433333367109E+0009   0.338873546908977502090E-0001  -0.134289511333689235901E-0018   0.149022584075789258796E-0010   0.369707411970697800518E-0027   0.194669539674173179833E+0002  -0.482829795255415052700E-0015  -0.249033205328903832765E+0002   0.842357577021483727719E+0001
   0.164454182400000035763E+0009   0.339210942650268326704E-0001  -0.135129377963419416502E-0018   0.142179849818693436228E-0010   0.355275620730003218703E-0027   0.194682718720939824664E+0002  -0.484986100077304158295E-0015  -0.249028766342194849415E+0002   0.842725222480194346986E+0001
   0.166778611766666710377E+0009   0.339533880268189508511E-0001  -0.135938249558223201722E-0018   0.135680226033135535247E-0010   0.341781365283218142361E-0027   0.194695881809027966369E+0002  -0.543576255148500731684E-0015  -0.249024385958633409643E+0002   0.843091290988325248179E+0001
   0.169110394833333373070E+0009   0.339843061906728999277E-0001  -0.136777352248677504845E-0018   0.129504995440570372246E-0010   0.340900068289569429787E-0027   0.194709028619964854556E+0002  -0.519288592181836087485E-0015  -0.249020061925373035194E+0002   0.843455806254840112501E+0001
   0.171449684300000041723E+0009   0.340139151873071476917E-0001  -0.137560031357859209029E-0018   0.123636537517020281897E-0010   0.323770126381968407548E-0027   0.194722158951714305886E+0002  -0.524336292331377859024E-0015  -0.249015792084142724150E+0002   0.843818792345580703795E+0001
   0.173796634333333373070E+0009   0.340422778854392871217E-0001  -0.138328748592459611529E-0018   0.118058260758750853433E-0010   0.322156488792175307641E-0027   0.194735272709198561358E+0002  -0.467550313458109846506E-0015  -0.249011574366553176674E+0002   0.844180273638452582929E+0001
   0.176151400466666698456E+0009   0.340694537976840988724E-0001  -0.138997634577587979799E-0018   0.112754538967685201976E-0010   0.284660073986476376818E-0027   0.194748369894678887704E+0002  -0.544066005866984475932E-0015  -0.249007406789933654068E+0002   0.844540274757030751118E+0001
   0.178514139733333379030E+0009   0.340954992765393899434E-0001  -0.139705996244560757997E-0018   0.107710652249281812309E-0010   0.284609626442711914344E-0027   0.194761450600174335079E+0002  -0.484095739026716919642E-0015  -0.249003287452960151427E+0002   0.844898820544033135604E+0001
   0.180885010600000053644E+0009   0.341204676959666886038E-0001  -0.140329150463696935882E-0018   0.102912730974912022006E-0010   0.257951617970765305997E-0027   0.194774514999432213358E+0002  -0.473084918487655519744E-0015  -0.248999214531852430810E+0002   0.845255936007556485379E+0001
   0.183264173033333390951E+0009   0.341444096232785543332E-0001  -0.140909956756863257527E-0018   0.983477039628712463087E-0011   0.238281138140658671361E-0027   0.194787563341259115646E+0002  -0.470811108520071944497E-0015  -0.248995186276529736347E+0002   0.845611646290997320818E+0001
   0.185651788533333390951E+0009   0.341673729800964220971E-0001  -0.141496459640974996820E-0018   0.940032495807689654937E-0011   0.253576318236763459092E-0027   0.194800595943231016349E+0002  -0.470250962471306489566E-0015  -0.248991201007017792790E+0002   0.845965976640758299254E+0001
   0.188048020033333390951E+0009   0.341894031921925467543E-0001  -0.142044839007176570336E-0018   0.898677499949153327303E-0011   0.230776525969469203511E-0027   0.194813613185199372424E+0002  -0.450117230376326894736E-0015  -0.248987257110256337000E+0002   0.846318952357104592465E+0001
   0.190453032100000053644E+0009   0.342105433330396335734E-0001  -0.142532525152749108781E-0018   0.859302487634315073525E-0011   0.197918559075758730725E-0027   0.194826615504914144594E+0002  -0.489813301304263831373E-0015  -0.248983353036574222017E+0002   0.846670598792063699989E+0001
   0.192866990766666710377E+0009   0.342308342552769817591E-0001  -0.143035179406462459663E-0018   0.821804102901090930141E-0011   0.200419278833127578638E-0027   0.194839603392093501100E+0002  -0.457303003597699168198E-0015  -0.248979487296936561336E+0002   0.847020941295562401763E+0001
   0.195290063666666716337E+0009   0.342503147168709415338E-0001  -0.143489770594036585470E-0018   0.786084827654616715883E-0011   0.182335226444806972738E-0027   0.194852577384528196092E+0002  -0.480914663030813367883E-0015  -0.248975658459850706095E+0002   0.847370005208012067044E+0001
   0.197722420066666722298E+0009   0.342690214987598912311E-0001  -0.143941721338659059876E-0018   0.752052627827952347482E-0011   0.177602361794366239404E-0027   0.194865538064013854580E+0002  -0.484646062657903738760E-0015  -0.248971865148586033456E+0002   0.847717815839975052938E+0001
   0.200164230800000041723E+0009   0.342869895146324515922E-0001  -0.144375659553051532861E-0018   0.719620623691609564773E-0011   0.168381841240885680399E-0027   0.194878486052092902980E+0002  -0.468362152595714750760E-0015  -0.248968106038690066839E+0002   0.848064398439509226080E+0001
   0.202615668333333373070E+0009   0.343042519151741664984E-0001  -0.144773427641524097354E-0018   0.688706783140776230199E-0011   0.151567862264033728761E-0027   0.194891422006826182667E+0002  -0.483992307645843006974E-0015  -0.248964379855424304822E+0002   0.848409778180512752499E+0001
   0.205076906833333373070E+0009   0.343208401860391476568E-0001  -0.145188200997778464994E-0018   0.659233631867939627175E-0011   0.166011352420347582801E-0027   0.194904346619851374101E+0002  -0.456223024820515205133E-0015  -0.248960685371330114890E+0002   0.848753980152396536596E+0001
   0.207548122100000053644E+0009   0.343367842390550070952E-0001  -0.145543205478751148200E-0018   0.631127981429791869882E-0011   0.133001319744879940666E-0027   0.194917260613003691105E+0002  -0.456605714811900969391E-0015  -0.248957021404116147778E+0002   0.849097029332531327839E+0001
   0.210029491633333384991E+0009   0.343521124989318443754E-0001  -0.145884305857736898420E-0018   0.604320676812763868545E-0011   0.127083500890224895054E-0027   0.194930164735885824712E+0002  -0.490448210826999607288E-0015  -0.248953386814456045784E+0002   0.849438950578903906319E+0001
   0.212521194666666716337E+0009   0.343668519846084125069E-0001  -0.146254626531693767215E-0018   0.578746357600494174961E-0011   0.145194728925087390113E-0027   0.194943059763487056557E+0002  -0.390601154230922410596E-0015  -0.248949780503944495536E+0002   0.849779768619228548232E+0001
   0.215023412166666716337E+0009   0.343810283855931625441E-0001  -0.146537659784346176712E-0018   0.554343234487163053423E-0011   0.110264388909811450667E-0027   0.194955946493835092781E+0002  -0.454093109902953326653E-0015  -0.248946201413204697417E+0002   0.850119508036644511151E+0001
   0.217536326900000035763E+0009   0.343946661342056092536E-0001  -0.146860193688649717971E-0018   0.531052880306909826860E-0011   0.127582918230557711927E-0027   0.194968825746183220815E+0002  -0.453172628422006767670E-0015  -0.248942648519996332368E+0002   0.850458193265574813324E+0001
   0.220060123400000035763E+0009   0.344077884730309008221E-0001  -0.147149337695601517297E-0018   0.508820032920552381561E-0011   0.105699754004647287414E-0027   0.194981698358856299080E+0002  -0.477296729497042188195E-0015  -0.248939120837558363064E+0002   0.850795848574987800816E+0001
   0.222594988000000029802E+0009   0.344204175188207450731E-0001  -0.147449158699467336219E-0018   0.487592411676327679969E-0011   0.112003481115238710643E-0027   0.194994565187603647871E+0002  -0.425106311868892779580E-0015  -0.248935617412942455928E+0002   0.851132498061721953775E+0001
   0.225141108933333367109E+0009   0.344325743230029651665E-0001  -0.147722438898952868446E-0018   0.467320544517620400304E-0011   0.108364272063886679162E-0027   0.195007427104435926424E+0002  -0.433162130337156323866E-0015  -0.248932137325337414779E+0002   0.851468165653338004972E+0001
