   0.194999999999999976717E+0007   0.193991822418416743484E-0002   0.664128185172374155116E-0007   0.988653105254265363528E-0009  -0.681157112997306923355E-0013   0.143225813285410215059E+0002   0.111327934495006049091E-0002  -0.269986791055038288789E+0002   0.814619619841690401074E+0001
   0.405028806666666641831E+0007   0.400345779672592848308E-0002   0.316249483240962841174E-0006   0.975590470448669757707E-0009  -0.161060068874851373774E-0012   0.143076436341718924439E+0002   0.242987911492008280476E-0002  -0.269972419695007737062E+0002   0.814635303255766984876E+0001
   0.615087393333333358169E+0007   0.603856827409323532185E-0002   0.757070367876450080679E-0006   0.961561170419903118469E-0009  -0.254026975652978111936E-0012   0.142915323279620842811E+0002   0.379641519804420259770E-0002  -0.269957915975391564700E+0002   0.814659829072627061919E+0001
   0.825178686666666716337E+0007   0.804367095307138846305E-0002   0.138547399289202713204E-0005   0.946892958185332389344E-0009  -0.342789634063915958371E-0012   0.142746221620695870058E+0002   0.516290735245254501368E-0002  -0.269943342184385492999E+0002   0.814693482149051284580E+0001
   0.103530612666666675359E+0008   0.100177739496635082039E-0001   0.219287756059756959058E-0005   0.931846468117966032412E-0009  -0.426013079462863191044E-0012   0.142571827272035065448E+0002   0.649869354037716558808E-0002  -0.269928745795281344044E+0002   0.814736375364877929428E+0001
   0.124547325000000000000E+0008   0.119603382291875604687E-0001   0.316771291734573293608E-0005   0.916610847554180436642E-0009  -0.502923156542745848883E-0012   0.142394117855987420995E+0002   0.778498060046977236742E-0002  -0.269914162002464443901E+0002   0.814788498415841289102E+0001
   0.145568369333333335817E+0008   0.138711575549438567712E-0001   0.429681711343446503040E-0005   0.901324938903884905497E-0009  -0.573130788857305695339E-0012   0.142214567918686878301E+0002   0.901018312917637939630E-0002  -0.269899617601122727706E+0002   0.814849752217753220407E+0001
   0.166594120000000000000E+0008   0.157502714990985295818E-0001   0.556631949174794708279E-0005   0.886091180416811938455E-0009  -0.636523479610627978411E-0012   0.142034288847876482009E+0002   0.101673025991117320366E-0001  -0.269885133322321664195E+0002   0.814919973809753805938E+0001
   0.187624962333333343267E+0008   0.175979014106999245848E-0001   0.696220973551374694573E-0005   0.870985193291814242794E-0009  -0.693175286931488808613E-0012   0.141854123984318150065E+0002   0.112523638296589973545E-0001  -0.269870725375857283268E+0002   0.814998954682877752020E+0001
   0.208661294000000022352E+0008   0.194144028144552401038E-0001   0.847070184754181699734E-0005   0.856062577007989035923E-0009  -0.743282299198846248099E-0012   0.141674715372775921196E+0002   0.122634359099731311826E-0001  -0.269856406521018072908E+0002   0.815086454440074170691E+0001
   0.229703526333333365619E+0008   0.212002296169085599487E-0001   0.100784648863991575422E-0004   0.841363842990389562153E-0009  -0.787117855558223519098E-0012   0.141496551975254920563E+0002   0.131999947320158156350E-0001  -0.269842186834517256955E+0002   0.815182211057980055102E+0001
   0.250752084666666686535E+0008   0.229559069093225147362E-0001   0.117727650684701804569E-0004   0.826918037111162524771E-0009  -0.825001665293425348985E-0012   0.141320004960240002134E+0002   0.140624946767276687298E-0001  -0.269828074275518758895E+0002   0.815285948643530034019E+0001
   0.271807409333333373070E+0008   0.246820102768053224740E-0001   0.135415482693153117635E-0004   0.812745455915892351526E-0009  -0.857278540624091761371E-0012   0.141145354222648755638E+0002   0.148520735998613692685E-0001  -0.269814075109004249953E+0002   0.815397383315179524743E+0001
   0.292869956000000052154E+0008   0.263791499144099446383E-0001   0.153734819941345901171E-0004   0.798859687377297758450E-0009  -0.884303758896514514619E-0012   0.140972808358045114119E+0002   0.155703453312181668011E-0001  -0.269800194229253662570E+0002   0.815516227667701265602E+0001
   0.313940197000000067055E+0008   0.280479585065093947605E-0001   0.172579698860643728181E-0004   0.785269166496458568294E-0009  -0.906433044255907122051E-0012   0.140802519989205254802E+0002   0.162192513513542933834E-0001  -0.269786435409949199027E+0002   0.815642194164248834909E+0001
   0.335018621666666716337E+0008   0.296890818423012903260E-0001   0.191851474805423727636E-0004   0.771978367681342260241E-0009  -0.924015779319341591218E-0012   0.140634597613971426000E+0002   0.168009532936458337582E-0001  -0.269772801501317047723E+0002   0.815774997696508386014E+0001
   0.356105737000000029802E+0008   0.313031716280437050104E-0001   0.211458654746150655278E-0004   0.758988724246217490045E-0009  -0.937390496455923454006E-0012   0.140469114837796400508E+0002   0.173177542229359521242E-0001  -0.269759294586892970358E+0002   0.815914357509083920661E+0001
   0.377202068333333358169E+0008   0.328908799773420523760E-0001   0.231316647956482989508E-0004   0.746299341188910782822E-0009  -0.946881980928870586425E-0012   0.140306117621453321220E+0002   0.177720405418690906296E-0001  -0.269745916109771108893E+0002   0.816059998630182192869E+0001
   0.398308159000000059605E+0008   0.344528551321254816742E-0001   0.251347464120448905230E-0004   0.733907550590368157130E-0009  -0.952799518142529204994E-0012   0.140145630013743254239E+0002   0.181662388585222753234E-0001  -0.269732666976003940817E+0002   0.816211652911118967779E+0001
   0.419424572000000029802E+0008   0.359897383525841357832E-0001   0.271479383147126304254E-0004   0.721809344552390847120E-0009  -0.955435953605113118820E-0012   0.139987658690434688680E+0002   0.185027839255905574012E-0001  -0.269719547638431258463E+0002   0.816369059780778449920E+0001
   0.440551889000000059605E+0008   0.375021614060248587030E-0001   0.291646607430559728371E-0004   0.709999715412817720517E-0009  -0.955067324472793689481E-0012   0.139832196594559334812E+0002   0.187840947311509846862E-0001  -0.269706558167760341860E+0002   0.816531966747238513449E+0001
   0.461690712000000029802E+0008   0.389907448773531006836E-0001   0.311788912255702094570E-0004   0.698472921645084237890E-0009  -0.951952894559239772080E-0012   0.139679225834825118113E+0002   0.190125567975435207091E-0001  -0.269693698310472029789E+0002   0.816700129736881486053E+0001
   0.482841663000000044703E+0008   0.404560968244295632301E-0001   0.331851297332161283881E-0004   0.687222697429977819540E-0009  -0.946335466483655776181E-0012   0.139528720028742370118E+0002   0.191905091095637761467E-0001  -0.269680967538702631714E+0002   0.816873313276307300157E+0001
   0.504005383333333358169E+0008   0.418988118016174609926E-0001   0.351783646144439239621E-0004   0.676242417579775468408E-0009  -0.938441882878827742227E-0012   0.139380646194244661729E+0002   0.193202346020929921488E-0001  -0.269668365092763835378E+0002   0.817051290559721721252E+0001
   0.525182535333333387971E+0008   0.433194703486050325392E-0001   0.371540399061416409202E-0004   0.665525226089435851930E-0009  -0.928483650837217230103E-0012   0.139234966262730495146E+0002   0.194039533909549435919E-0001  -0.269655890016055010960E+0002   0.817233843449927555014E+0001
   0.546373801666666716337E+0008   0.447186385556701121446E-0001   0.391080237958997046534E-0004   0.655064137634699317069E-0009  -0.916657642122282943708E-0012   0.139091638318118846485E+0002   0.194438180790145083432E-0001  -0.269643541186246906705E+0002   0.817420762393815536484E+0001
   0.567579885000000074506E+0008   0.460968678428046729767E-0001   0.410365786225244785681E-0004   0.644852116909535497791E-0009  -0.903146835571508005640E-0012   0.138950617598982830714E+0002   0.194419106894048454581E-0001  -0.269631317341953185007E+0002   0.817611846289257293563E+0001
   0.588801508666666746140E+0008   0.474546949513877658333E-0001   0.429363325409281947195E-0004   0.634882139939925494546E-0009  -0.888121076491915625848E-0012   0.138811857304482852982E+0002   0.194002408553700621263E-0001  -0.269619217105195829731E+0002   0.817806902322630513424E+0001
   0.610039416666666716337E+0008   0.487926420043673370053E-0001   0.448042527169810494330E-0004   0.625147241615139594282E-0009  -0.871737835591164558689E-0012   0.138675309251217537820E+0002   0.193207449768703493076E-0001  -0.269607239001194685102E+0002   0.818005745772178372022E+0001
   0.631294373333333358169E+0008   0.501112166339863218667E-0001   0.466376200757817781163E-0004   0.615640552239817148335E-0009  -0.854142955529587203656E-0012   0.138540924406987695505E+0002   0.192052861309589470440E-0001  -0.269595381475722462028E+0002   0.818208199787459911079E+0001
   0.652567163000000044703E+0008   0.514109121786363726381E-0001   0.484340056019033922256E-0004   0.606355325203382435074E-0009  -0.835471376416023812707E-0012   0.138408653322213304193E+0002   0.190556545659806252091E-0001  -0.269583642910192651243E+0002   0.818414095154091114637E+0001
   0.673858590666666775942E+0008   0.526922079918976937751E-0001   0.501912482248251899252E-0004   0.597284957207572563794E-0009  -0.815847833707287797758E-0012   0.138278446471548175367E+0002   0.188735686362954194206E-0001  -0.269572021634249523458E+0002   0.818623270058785479364E+0001
   0.695169481000000089407E+0008   0.539555696870968881651E-0001   0.519074340041209136430E-0004   0.588423003348689486525E-0009  -0.795387526713637209512E-0012   0.138150254537415655420E+0002   0.186606760893056264350E-0001  -0.269560515937588789370E+0002   0.818835569832651799516E+0001
   0.716500678666666746140E+0008   0.552014494911426123469E-0001   0.535808768042620879634E-0004   0.579763187364749512083E-0009  -0.774196753737154160818E-0012   0.138024028628954233966E+0002   0.184185556015144351327E-0001  -0.269549124079569644152E+0002   0.819050846705004254034E+0001
   0.737853047666666805744E+0008   0.564302865576660345193E-0001   0.552101001956670385789E-0004   0.571299408528186617401E-0009  -0.752373514450281213999E-0012   0.137899720460837773572E+0002   0.181487185161571078218E-0001  -0.269537844298081736838E+0002   0.819268959547235375851E+0001
   0.759227471666666865349E+0008   0.576425073512744495785E-0001   0.567938206724429494807E-0004   0.563025745460928546625E-0009  -0.730008077874468719771E-0012   0.137777282488069339195E+0002   0.178526107095411563919E-0001  -0.269526674816746130148E+0002   0.819489773628749773593E+0001
   0.780624853666666895151E+0008   0.588385259992551049035E-0001   0.583309319834360013972E-0004   0.554936457847921612549E-0009  -0.707183517655779427720E-0012   0.137656668013560015140E+0002   0.175316145617612009766E-0001  -0.269515613851482882524E+0002   0.819713160369659199489E+0001
   0.802046115333333611488E+0008   0.600187446284951992004E-0001   0.598204905404264617006E-0004   0.547025986534521287574E-0009  -0.683976215329770349761E-0012   0.137537831271711912251E+0002   0.171870509971846323338E-0001  -0.269504659616376258668E+0002   0.819938997094415711331E+0001
   0.823492197000000327826E+0008   0.611835537400874443503E-0001   0.612617019082777655020E-0004   0.539288952079000991587E-0009  -0.660456331856641960068E-0012   0.137420727486999147970E+0002   0.168201815542438140594E-0001  -0.269493810328417957578E+0002   0.820167166797810942569E+0001
   0.844964057333333641291E+0008   0.623333325621545503159E-0001   0.626539082379425342918E-0004   0.531720152288517221770E-0009  -0.636688249384908603288E-0012   0.137305312917055228894E+0002   0.164322104757179607293E-0001  -0.269483064211742942007E+0002   0.820397557913607045066E+0001
   0.866462673000000268221E+0008   0.634684493981093056370E-0001   0.639965766063038839478E-0004   0.524314558975036023555E-0009  -0.612730984569751373220E-0012   0.137191544881497300423E+0002   0.160242867991319641596E-0001  -0.269472419501268092290E+0002   0.820630064089685440365E+0001
   0.887989038666666895151E+0008   0.645892619860691519218E-0001   0.652892882235686059129E-0004   0.517067314018565905504E-0009  -0.588638574332025997134E-0012   0.137079381777275379761E+0002   0.155975064257661243106E-0001  -0.269461874445630549246E+0002   0.820864583973700767672E+0001
   0.909544166333333551884E+0008   0.656961178155398145551E-0001   0.665317283903906094272E-0004   0.509973725136215963469E-0009  -0.564460436815917544106E-0012   0.136968783088091097255E+0002   0.151529141788368289928E-0001  -0.269451427309991657921E+0002   0.821101020998552222352E+0001
   0.931129085333333611488E+0008   0.667893544709395325931E-0001   0.677236772350080652293E-0004   0.503029261223911200395E-0009  -0.540241707300187883380E-0012   0.136859709382539040945E+0002   0.146915058135047380677E-0001  -0.269441076378100845545E+0002   0.821339283182270740724E+0001
   0.952744841666667014360E+0008   0.678692999319093909216E-0001   0.688650011006855002071E-0004   0.496229547599959247536E-0009  -0.516023552171798327970E-0012   0.136752122309455916849E+0002   0.142142300017068443085E-0001  -0.269430819954316902454E+0002   0.821579282927764076305E+0001
   0.974392498000000417233E+0008   0.689362728984778266872E-0001   0.699556446134567055592E-0004   0.489570361022979481956E-0009  -0.491843460859631205395E-0012   0.136645984584896709180E+0002   0.137219902585680540025E-0001  -0.269420656364991231158E+0002   0.821820936837078974690E+0001
   0.996073133000000417233E+0008   0.699905830732766298663E-0001   0.709956233124669285235E-0004   0.483047624750901558051E-0009  -0.467735518257533521153E-0012   0.136541259978433728861E+0002   0.132156468329211757712E-0001  -0.269410583959879943450E+0002   0.822064165525326551176E+0001
   0.101778784200000047684E+0009   0.710325314991513689922E-0001   0.719850169016832553814E-0004   0.476657403363390180480E-0009  -0.443730657122042381157E-0012   0.136437913289936023631E+0002   0.126960185158559567958E-0001  -0.269400601112697231088E+0002   0.822308893456574985237E+0001
   0.103953773566666707397E+0009   0.720624107892952059373E-0001   0.729239629219625637435E-0004   0.470395897952302590748E-0009  -0.419856894868208000036E-0012   0.136335910333667147398E+0002   0.121638844413377213843E-0001  -0.269390706222381375312E+0002   0.822555048764073326595E+0001
   0.106132394033333376050E+0009   0.730805054290730171651E-0001   0.738126509859956365326E-0004   0.464259441183881670258E-0009  -0.396139552337062918647E-0012   0.136235217912526085371E+0002   0.116199857930587950594E-0001  -0.269380897713399463100E+0002   0.822802563095871697385E+0001
   0.108314759766666710377E+0009   0.740870920355730655515E-0001   0.746513174277299487031E-0004   0.458244492466276018696E-0009  -0.372601457775367578649E-0012   0.136135803794233929409E+0002   0.110650274699607108209E-0001  -0.269371174036198368640E+0002   0.823051371459432701272E+0001
   0.110500986433333382010E+0009   0.750824396079817490968E-0001   0.754402403689068492849E-0004   0.452347633285053280406E-0009  -0.349263136522944864607E-0012   0.136037636686620242443E+0002   0.104996796951043816493E-0001  -0.269361533667521726443E+0002   0.823301412072495963912E+0001
   0.112691191133333384991E+0009   0.760668097541288001917E-0001   0.761797351624490684616E-0004   0.446565562724515296939E-0009  -0.326142987719097717550E-0012   0.135940686213800177029E+0002   0.992457957771904902833E-0002  -0.269351975110738699470E+0002   0.823552626216159922024E+0001
   0.114885492500000044703E+0009   0.770404569830734631264E-0001   0.768701502511798934452E-0004   0.440895092844068106923E-0009  -0.303257446788055868407E-0012   0.135844922884685921360E+0002   0.934033257464220167954E-0002  -0.269342496895348801900E+0002   0.823804958113009178078E+0001
   0.117084010566666707397E+0009   0.780036288831106594532E-0001   0.775118632774523684450E-0004   0.435333144504600946628E-0009  -0.280621138766376076698E-0012   0.135750318071872992931E+0002   0.874751395876705549470E-0002  -0.269333097577413624890E+0002   0.824058354784098057166E+0001
   0.119286866800000041723E+0009   0.789565663666207950833E-0001   0.781052775597994156705E-0004   0.429876743218622756613E-0009  -0.258247018745617448115E-0012   0.135656843983300117173E+0002   0.814667018354836396099E-0002  -0.269323775739198509882E+0002   0.824312765930528179581E+0001
   0.121494184066666707397E+0009   0.798995038766427967403E-0001   0.786508188335689978430E-0004   0.424523015136641022110E-0009  -0.236146503513057829056E-0012   0.135564473637053612975E+0002   0.753832021843488589430E-0002  -0.269314529989032500623E+0002   0.824568143812601483944E+0001
   0.123706086600000038743E+0009   0.808326695858478105894E-0001   0.791489322591251709405E-0004   0.419269183234910495719E-0009  -0.214329593242042667918E-0012   0.135473180836597748566E+0002   0.692295682703301072658E-0002  -0.269305358961116070304E+0002   0.824824443133989859689E+0001
   0.125922700100000038743E+0009   0.817562856435633533714E-0001   0.796000797041738269045E-0004   0.414112563439236929638E-0009  -0.192804983428376931330E-0012   0.135382940141056558048E+0002   0.630104775817550300659E-0002  -0.269296261314735971837E+0002   0.825081620946239446823E+0001
   0.128144151533333376050E+0009   0.826705682888864701319E-0001   0.800047371878640043320E-0004   0.409050561276571204250E-0009  -0.171580171403168696620E-0012   0.135293726848402187102E+0002   0.567303696922295038613E-0002  -0.269287235734691030586E+0002   0.825339636523048625349E+0001
   0.130370569300000041723E+0009   0.835757281104210492106E-0001   0.803633926151472240303E-0004   0.404080668310795188519E-0009  -0.150661551893557985286E-0012   0.135205516964257022039E+0002   0.503934569896981061216E-0002  -0.269278280930175775154E+0002   0.825598451281595124840E+0001
   0.132602083100000038743E+0009   0.844719701739175543587E-0001   0.806765436450376902285E-0004   0.399200458913732107905E-0009  -0.130054508139308804370E-0012   0.135118287183536498475E+0002   0.440037357470164473827E-0002  -0.269269395634876964607E+0002   0.825858028673232169581E+0001
   0.134838824000000029802E+0009   0.853594942255759547844E-0001   0.809446957774321185653E-0004   0.394407587094298093361E-0009  -0.109763495183935907251E-0012   0.135032014864915712593E+0002   0.375649962493549913201E-0002  -0.269260578606239597832E+0002   0.826118334101521512025E+0001
   0.137080924400000035763E+0009   0.862384948477090684804E-0001   0.811683605887721993429E-0004   0.389699783452916947515E-0009  -0.897921170620314579300E-0013   0.134946678009727758507E+0002   0.310808326549765531061E-0002  -0.269251828625131821582E+0002   0.826379334832519774068E+0001
   0.139328518033333361149E+0009   0.871091616216424224906E-0001   0.813480541280066501379E-0004   0.385074852297441098272E-0009  -0.701431986471672965356E-0013   0.134862255240555395375E+0002   0.245546523769797240752E-0002  -0.269243144495366060198E+0002   0.826640999912661023075E+0001
   0.141581739966666698456E+0009   0.879716792843961981063E-0001   0.814842954549916840754E-0004   0.380530668853016540258E-0009  -0.508188520988433341180E-0013   0.134778725780431845038E+0002   0.179896850592373321043E-0002  -0.269234525043222419072E+0002   0.826903300090193127403E+0001
   0.143840726566666692495E+0009   0.888262278668306842766E-0001   0.815776053095350480674E-0004   0.376065176634298825286E-0009  -0.318205386184421681462E-0013   0.134696069434029190859E+0002   0.113889912386448818524E-0002  -0.269225969117096539662E+0002   0.827166207736123126892E+0001
   0.146105615600000023842E+0009   0.896729828765849973360E-0001   0.816285049077278355555E-0004   0.371676384328268108684E-0009  -0.131491245556177476447E-0013   0.134614266551523122928E+0002   0.475547023621037843674E-0003  -0.269217475586646557417E+0002   0.827429696784264123721E+0001
   0.148376546066666692495E+0009   0.905121153743455308938E-0001   0.816375148410627851734E-0004   0.367362365330950310425E-0009   0.519506449088421489368E-0014   0.134533298069332918345E+0002  -0.190813154382501673359E-0003  -0.269209043342954288391E+0002   0.827693742642003371657E+0001
   0.150653658400000035763E+0009   0.913437921844654776571E-0001   0.816051540895004930143E-0004   0.363121252471206338571E-0009   0.232121965815448312546E-0013   0.134453145404276330765E+0002  -0.859921374831486631796E-0003  -0.269200671297313469665E+0002   0.827958322148713143918E+0001
   0.152937094300000041723E+0009   0.921681759607237693910E-0001   0.815319391237782843847E-0004   0.358951237725975783793E-0009   0.409028869189423825453E-0013   0.134373790496777978376E+0002  -0.153153144683023105695E-0002  -0.269192358381398442191E+0002   0.828223413492935023328E+0001
   0.155226996866666704416E+0009   0.929854253600045227435E-0001   0.814183830969542640492E-0004   0.354850569546749563461E-0009   0.582681572484679211644E-0013   0.134295215775880016906E+0002  -0.220541038465145271263E-0002  -0.269184103546329964729E+0002   0.828488996167516589253E+0001
   0.157523510500000029802E+0009   0.937956951257487847595E-0001   0.812649951214661052119E-0004   0.350817550832040742245E-0009   0.753093964702974317343E-0013   0.134217404146858445557E+0002  -0.288133773115902555931E-0002  -0.269175905762608067562E+0002   0.828755050900168477312E+0001
   0.159826780966666698456E+0009   0.945991362272120966947E-0001   0.810722796167629160442E-0004   0.346850536946262408124E-0009   0.920283255730275821537E-0013   0.134140338973653836518E+0002  -0.355910496037898467156E-0002  -0.269167764019446700274E+0002   0.829021559605848956664E+0001
   0.162136955433333367109E+0009   0.953958959815840584762E-0001   0.808407357235314328377E-0004   0.342947933756801092034E-0009   0.108426964932765532306E-0012   0.134064004063157096169E+0002  -0.423851489876972842979E-0002  -0.269159677324247574859E+0002   0.829288505337574832765E+0001
   0.164454182400000035763E+0009   0.961861181373281637352E-0001   0.805708567915782195804E-0004   0.339108195879675721385E-0009   0.124507603423778678596E-0012   0.133988383653371503357E+0002  -0.491938114373292011139E-0002  -0.269151644702440933088E+0002   0.829555872227883561720E+0001
   0.166778611766666710377E+0009   0.969699429999628798038E-0001   0.802631299148754209782E-0004   0.335329824922669898701E-0009   0.140272770862580964707E-0012   0.133913462397775742119E+0002  -0.560152755294411781872E-0002  -0.269143665196861938682E+0002   0.829823645447858382340E+0001
   0.169110394833333373070E+0009   0.977475075305965779293E-0001   0.799180355250556106496E-0004   0.331611367785837220749E-0009   0.155725212203244660651E-0012   0.133839225352341948394E+0002  -0.628478773090105843901E-0002  -0.269135737867382651700E+0002   0.830091811160442993867E+0001
   0.171449684300000041723E+0009   0.985189454409167442162E-0001   0.795360470356119560013E-0004   0.327951415075436892798E-0009   0.170867863584188704489E-0012   0.133765657963147717169E+0002  -0.696900454503342984408E-0002  -0.269127861790548124077E+0002   0.830360356475694416645E+0001
   0.173796634333333373070E+0009   0.992843873065029774994E-0001   0.791176305200415005189E-0004   0.324348599519671252434E-0009   0.185703830822707794905E-0012   0.133692746052389583866E+0002  -0.765402968304398998584E-0002  -0.269120036059006899620E+0002   0.830629269415521775954E+0001
   0.176151400466666698456E+0009   0.100043960621974972747E+0000   0.786632444602467797122E-0004   0.320801594566669742196E-0009   0.200236368465891971705E-0012   0.133620475810088041868E+0002  -0.833972318352084809878E-0002  -0.269112259781511156120E+0002   0.830898538861042723624E+0001
   0.178514139733333379030E+0009   0.100797789929295916744E+0000   0.781733394929054524556E-0004   0.317309112920094003137E-0009   0.214468862093700327176E-0012   0.133548833778974724851E+0002  -0.902595305523884103294E-0002  -0.269104532082144167759E+0002   0.831168154528389990787E+0001
   0.180885010600000053644E+0009   0.101545996877592983876E+0000   0.776483582262186395294E-0004   0.313869905182969108390E-0009   0.228404810652251548468E-0012   0.133477806846045226052E+0002  -0.971259485838588988715E-0002  -0.269096852100232766247E+0002   0.831438106923163999795E+0001
   0.183264173033333390951E+0009   0.102288700322925973918E+0000   0.770887350632954197142E-0004   0.310482758551797451809E-0009   0.242047811161169720525E-0012   0.133407382230450988203E+0002  -0.103995313433090114802E-0001  -0.269089218989827472228E+0002   0.831708387311666719199E+0001
   0.185651788533333390951E+0009   0.103026016413854296094E+0000   0.764948960590687988392E-0004   0.307146495519097005856E-0009   0.255401544376082408185E-0012   0.133337547472871325027E+0002  -0.110866520976288622513E-0001  -0.269081631919308712497E+0002   0.831978987689718785248E+0001
   0.188048020033333390951E+0009   0.103758058633180202945E+0000   0.758672588385809912401E-0004   0.303859972757039142381E-0009   0.268469760867099760105E-0012   0.133268290429154330212E+0002  -0.117738531725383038795E-0001  -0.269074090071428422277E+0002   0.832249900737753378621E+0001
   0.190453032100000053644E+0009   0.104484937929516449873E+0000   0.752062324643476011986E-0004   0.300622079871733603574E-0009   0.281256270086222605670E-0012   0.133199599255588765345E+0002  -0.124610368112402225549E-0001  -0.269066592642407442781E+0002   0.832521119811234733277E+0001
   0.192866990766666710377E+0009   0.105206762733533951137E+0000   0.745122174197362615363E-0004   0.297431738341387451277E-0009   0.293764928058708693301E-0012   0.133131462405178986330E+0002  -0.131481110881950177816E-0001  -0.269059138842204923492E+0002   0.832792638890786030004E+0001
   0.195290063666666716337E+0009   0.105923639063435465202E+0000   0.737856055348382403047E-0004   0.294287900453607367383E-0009   0.305999628049771089945E-0012   0.133063868615599254497E+0002  -0.138349896492032265610E-0001  -0.269051727893852898887E+0002   0.833064452567469970745E+0001
   0.197722420066666722298E+0009   0.106635670596774770336E+0000   0.730267799539214505083E-0004   0.291189548206189012912E-0009   0.317964291276742130761E-0012   0.132996806900441129073E+0002  -0.145215914364198155767E-0001  -0.269044359033120485947E+0002   0.833336556017814622521E+0001
   0.200164230800000041723E+0009   0.107342958710706981584E+0000   0.722361151518813207183E-0004   0.288135692378246863458E-0009   0.329662857955169384398E-0012   0.132930266543518733613E+0002  -0.152078403991072110685E-0001  -0.269037031508490720455E+0002   0.833608944968742626713E+0001
   0.202615668333333373070E+0009   0.108045602559566494838E+0000   0.714139769265108130536E-0004   0.285125371588413867495E-0009   0.341099279912853371027E-0012   0.132864237089753096654E+0002  -0.158936652546698108102E-0001  -0.269029744580737890658E+0002   0.833881615678513199441E+0001
   0.205076906833333373070E+0009   0.108743699149457140329E+0000   0.705607224012039084028E-0004   0.282157651324089421346E-0009   0.352277513764027515053E-0012   0.132798708336449653444E+0002  -0.165789992616531961511E-0001  -0.269022497522520254165E+0002   0.834154564918556928887E+0001
   0.207548122100000053644E+0009   0.109437343372586121104E+0000   0.696767000856452595973E-0004   0.279231623100672676957E-0009   0.363201514030260981875E-0012   0.132733670328364130597E+0002  -0.172637799665771862756E-0001  -0.269015289618379185299E+0002   0.834427789941421060860E+0001
   0.210029491633333384991E+0009   0.110126628077930860394E+0000   0.687622499037502711312E-0004   0.276346403628489663355E-0009   0.373875227641947414028E-0012   0.132669113349562568516E+0002  -0.179479490018151395525E-0001  -0.269008120164346493652E+0002   0.834701288464467339168E+0001
   0.212521194666666716337E+0009   0.110811644130075895309E+0000   0.678177032414044994851E-0004   0.273501133966247393670E-0009   0.384302588754107305416E-0012   0.132605027916340265648E+0002  -0.186314518807306761516E-0001  -0.269000988467663404435E+0002   0.834975058650665857840E+0001
   0.215023412166666716337E+0009   0.111492480456878415018E+0000   0.668433830159275918503E-0004   0.270694978747892600113E-0009   0.394487513849574902435E-0012   0.132541404771358628523E+0002  -0.193142377942316402495E-0001  -0.268993893846602993847E+0002   0.835249099086527913016E+0001
   0.217536326900000035763E+0009   0.112169224113552609690E+0000   0.658396037281572200830E-0004   0.267927125409756880234E-0009   0.404433897668549896628E-0012   0.132478234876237763729E+0002  -0.199962594377674982016E-0001  -0.268986835630111222883E+0002   0.835523408768124831170E+0001
   0.220060123400000035763E+0009   0.112841960317708822625E+0000   0.648066715606058607168E-0004   0.265196783479093223697E-0009   0.414145609088769150983E-0012   0.132415509406945357540E+0002  -0.206774728192770547441E-0001  -0.268979813157739116036E+0002   0.835797987076880133372E+0001
   0.222594988000000029802E+0009   0.113510772501087625619E+0000   0.637448844571982811084E-0004   0.262503183895423123331E-0009   0.423626487793871740551E-0012   0.132353219747779817794E+0002  -0.213578370881886414612E-0001  -0.268972825779389701495E+0002   0.836072833763402023521E+0001
   0.225141108933333367109E+0009   0.114175742376875249962E+0000   0.626545321794240775686E-0004   0.259845578283336197544E-0009   0.432880341426517378493E-0012   0.132291357483803206918E+0002  -0.220373143999442917818E-0001  -0.268965872854893213173E+0002   0.836347948939159380188E+0001
