   0.194999999999999976717E+0007   0.194493367784559739557E-0002  -0.507872549084911548489E-0007   0.994623006145800938171E-0009   0.520894922138370796872E-0013   0.143290832309615705498E+0002  -0.787644418851864754755E-0003  -0.269971294628782771952E+0002   0.814616033619435775393E+0001
   0.405028806666666641831E+0007   0.402912744831347962443E-0002  -0.228334617767293477190E-0006   0.989921976411447477419E-0009   0.114396863119441101828E-0012   0.143225038604518122298E+0002  -0.168442807427495854639E-0002  -0.269940761906341570864E+0002   0.814622502669646131324E+0001
   0.615087393333333358169E+0007   0.610354811557630577701E-0002  -0.538581247276896625263E-0006   0.985055809411483799919E-0009   0.178968723940849059866E-0012   0.143156836389441330937E+0002  -0.261754836670930650724E-0002  -0.269910553780582169736E+0002   0.814632023560100293480E+0001
   0.825178686666666716337E+0007   0.816780434626609291859E-0002  -0.984119194895739024190E-0006   0.979949626195248891444E-0009   0.244025136299239643157E-0012   0.143086478877352725192E+0002  -0.357186231756436529602E-0002  -0.269880689143784948669E+0002   0.814644707172223903058E+0001
   0.103530612666666675359E+0008   0.102214433399714123285E-0001  -0.156570246264066282759E-0005   0.974621040997349626396E-0009   0.308928454897966164835E-0012   0.143014148272819543450E+0002  -0.453668079077091702944E-0002  -0.269851182226398051966E+0002   0.814660651597444740446E+0001
   0.124547325000000000000E+0008   0.122640457204296979971E-0001  -0.228274848965496505104E-0005   0.969085354401472269660E-0009   0.373189624753934501587E-0012   0.142939997643108949177E+0002  -0.550425504224777428774E-0002  -0.269822041244968353624E+0002   0.814679943831170128021E+0001
   0.145568369333333335817E+0008   0.142952226063709081361E-0001  -0.313365752225670098562E-0005   0.963356652569149195815E-0009   0.436408221251827035664E-0012   0.142864162515845301016E+0002  -0.646865250282384601083E-0002  -0.269793270611288384941E+0002   0.814702660743928497311E+0001
   0.166594120000000000000E+0008   0.163146137643346775259E-0001  -0.411603560425699576981E-0005   0.957448192924777303775E-0009   0.498260445743361078107E-0012   0.142786766524387811472E+0002  -0.742517353631259608565E-0002  -0.269764872170349754299E+0002   0.814728869789183463013E+0001
   0.187624962333333343267E+0008   0.183218861792301887514E-0001  -0.522685853822117897405E-0005   0.951372601884460946289E-0009   0.558484584474995432921E-0012   0.142707924462172996982E+0002  -0.837001322810190795387E-0002  -0.269736845961637854430E+0002   0.814758629572512127481E+0001
   0.208661294000000022352E+0008   0.203167329804926841130E-0001  -0.646259806544990815568E-0005   0.945141982390452952501E-0009   0.616869350943715845070E-0012   0.142627744076681821639E+0002  -0.930004834483593757766E-0002  -0.269709190712242126153E+0002   0.814791990344167160742E+0001
   0.229703526333333365619E+0008   0.222988725169241605584E-0001  -0.781932250238821587745E-0005   0.938767974979187754694E-0009   0.673245078754737962192E-0012   0.142546327192945092577E+0002  -0.102126945458800352101E-0001  -0.269681904170047452851E+0002   0.814828994445372067901E+0001
   0.250752084666666686535E+0008   0.242680474248986380315E-0001  -0.929277917487424413509E-0005   0.932261793800819389288E-0009   0.727477018272325553679E-0012   0.142463770459308989302E+0002  -0.111058057998468136252E-0001  -0.269654983337625218098E+0002   0.814869676723229474646E+0001
   0.271807409333333373070E+0008   0.262240238128515802674E-0001  -0.108784634483212335170E-0004   0.925634246887399640983E-0009   0.779460136722313375236E-0012   0.142380165848870170464E+0002  -0.119776007319275165641E-0001  -0.269628424639639163729E+0002   0.814914064927248027459E+0001
   0.292869956000000052154E+0008   0.281665904138720911420E-0001  -0.125716773638987819989E-0004   0.918895753706308663310E-0009   0.829114965117110424386E-0012   0.142295601082949652039E+0002  -0.128266067428828411251E-0001  -0.269602224047049467970E+0002   0.814962180087079524071E+0001
   0.313940197000000067055E+0008   0.300955578548150158580E-0001  -0.143675801337164290639E-0004   0.912056345976516290109E-0009   0.876384211081830097366E-0012   0.142210159823211537145E+0002  -0.136516163834149214379E-0001  -0.269576377169750287521E+0002   0.815014036885868264903E+0001
   0.335018621666666716337E+0008   0.320107578372485906959E-0001  -0.162612318271855330293E-0004   0.905125678184047640406E-0009   0.921229919662119355913E-0012   0.142123921947269256094E+0002  -0.144516523627086293513E-0001  -0.269550879329125905315E+0002   0.815069644018711336741E+0001
   0.356105737000000029802E+0008   0.339120423629964279355E-0001  -0.182476314521639031586E-0004   0.898113030197504433857E-0009   0.963631057074209556309E-0012   0.142036963707401664436E+0002  -0.152259388294161777250E-0001  -0.269525725614864235524E+0002   0.815129004544164281754E+0001
   0.377202068333333358169E+0008   0.357992829648954707933E-0001  -0.203217502142267846107E-0004   0.891027310704769962714E-0009   0.100358140930970216525E-0011   0.141949357877437929432E+0002  -0.159738772905308676342E-0001  -0.269500910930536861088E+0002   0.815192116227647467497E+0001
   0.398308159000000059605E+0008   0.376723698551846425397E-0001  -0.224785604864395383582E-0004   0.883877060918898797632E-0009   0.104108773801246289210E-0011   0.141861173884316009719E+0002  -0.166950260581821656458E-0001  -0.269476430031970544121E+0002   0.815258971873487681137E+0001
   0.419424572000000029802E+0008   0.395312112599322529327E-0001  -0.247130612887609302946E-0004   0.876670457886282338536E-0009   0.107616814513655482380E-0011   0.141772477918318369206E+0002  -0.173890825224431271045E-0001  -0.269452277556887551668E+0002   0.815329559654876057095E+0001
   0.440551889000000059605E+0008   0.413757325246017632070E-0001  -0.270203002202098530905E-0004   0.869415319193531286378E-0009   0.110885060508836741769E-0011   0.141683333045375725590E+0002  -0.180558675255088653400E-0001  -0.269428448052730722395E+0002   0.815403863426611685838E+0001
   0.461690712000000029802E+0008   0.432058754652123733209E-0001  -0.293953927317976905389E-0004   0.862119107341052201117E-0009   0.113917164838146888779E-0011   0.141593799302040412869E+0002  -0.186953116096849579486E-0001  -0.269404935997517362978E+0002   0.815481863037837229058E+0001
   0.482841663000000044703E+0008   0.450215975539349083645E-0001  -0.318335385496224847137E-0004   0.854788935421112701105E-0009   0.116717516944734427423E-0011   0.141503933794472747110E+0002  -0.193074426762277658043E-0001  -0.269381735819885292926E+0002   0.815563534628754993605E+0001
   0.504005383333333358169E+0008   0.468228710919283350189E-0001  -0.343300356613761669506E-0004   0.847431573544861631690E-0009   0.119291134723701842541E-0011   0.141413790796027534213E+0002  -0.198923748871288469386E-0001  -0.269358841916909739211E+0002   0.815648850915677847695E+0001
   0.525182535333333387971E+0008   0.486096825964537279652E-0001  -0.368802924163478081836E-0004   0.840053455083757821697E-0009   0.121643567022489528189E-0011   0.141323421832535967013E+0002  -0.204502987081032309991E-0001  -0.269336248667255659939E+0002   0.815737781475495005168E+0001
   0.546373801666666716337E+0008   0.503820320029421259145E-0001  -0.394798374062980646833E-0004   0.832660684220059515370E-0009   0.123780804995703329734E-0011   0.141232875775707356070E+0002  -0.209814718185938713091E-0001  -0.269313950445127865407E+0002   0.815830293010833962342E+0001
   0.567579885000000074506E+0008   0.521399319151300832953E-0001  -0.421243276102344172350E-0004   0.825259043938847098860E-0009   0.125709201895086554677E-0011   0.141142198934180544967E+0002  -0.214862108617894093099E-0001  -0.269291941632305800169E+0002   0.815926349605591205716E+0001
   0.588801508666666746140E+0008   0.538834069571891838279E-0001  -0.448095550667947166131E-0004   0.817854004109761939350E-0009   0.127435400701346327741E-0011   0.141051435138785041801E+0002  -0.219648839599126330380E-0001  -0.269270216627808238741E+0002   0.816025912974390799093E+0001
   0.610039416666666716337E+0008   0.556124930883810444926E-0001  -0.475314520288311440381E-0004   0.810450730156578541552E-0009   0.128966268758964561424E-0011   0.140960625829589716318E+0002  -0.224179038774466286854E-0001  -0.269248769857134355732E+0002   0.816128942698651549392E+0001
   0.631294373333333358169E+0008   0.573272369111383420237E-0001  -0.502860947796607087555E-0004   0.803054092155106645211E-0009   0.130308838961152566546E-0011   0.140869810143201430463E+0002  -0.228457217833359857440E-0001  -0.269227595780821751248E+0002   0.816235396450228556375E+0001
   0.652567163000000044703E+0008   0.590276950013981643872E-0001  -0.530697062867299166841E-0004   0.795668674190600353488E-0009   0.131470257089511814304E-0011   0.140779024998897170917E+0002  -0.232488215729677108468E-0001  -0.269206688902075761405E+0002   0.816345230204091265591E+0001
   0.673858590666666775942E+0008   0.607139333404303344066E-0001  -0.558786579479906211497E-0004   0.788298783572242962602E-0009   0.132457734605679698260E-0011   0.140688305178922696825E+0002  -0.236277147000429170454E-0001  -0.269186043772595979817E+0002   0.816458398445632838047E+0001
   0.695169481000000089407E+0008   0.623860266350753367437E-0001  -0.587094702006329830293E-0004   0.780948460705115680972E-0009   0.133278506982013078777E-0011   0.140597683414906402533E+0002  -0.239829354706038340439E-0001  -0.269165654999306838135E+0002   0.816574854358753299266E+0001
   0.716500678666666746140E+0008   0.640440577671791966274E-0001  -0.615588124868027947688E-0004   0.773621488651147575412E-0009   0.133939796543130692005E-0011   0.140507190466783207228E+0002  -0.243150367763095356932E-0001  -0.269145517249101651203E+0002   0.816694550010487319014E+0001
   0.737853047666666805744E+0008   0.656881171866633417622E-0001  -0.644235023689856880352E-0004   0.766321402992408199629E-0009   0.134448779873589960071E-0011   0.140416855204437087679E+0002  -0.246245862146457009101E-0001  -0.269125625253928788538E+0002   0.816817436519941786344E+0001
   0.759227471666666865349E+0008   0.673183024050977296682E-0001  -0.673005041504222650643E-0004   0.759051501409111626500E-0009   0.134812559331352804526E-0011   0.140326704683383827188E+0002  -0.249121625946207882196E-0001  -0.269105973814364780594E+0002   0.816943464222879178749E+0001
   0.780624853666666895151E+0008   0.689347174592608719079E-0001  -0.701869268613690357357E-0004   0.751814853372060194324E-0009   0.135038138277870766063E-0011   0.140236764221523770857E+0002  -0.251783527725752825921E-0001  -0.269086557803303776382E+0002   0.817072582822861370744E+0001
   0.802046115333333611488E+0008   0.705374723726225338893E-0001  -0.730800217299403009116E-0004   0.744614309861965419117E-0009   0.135132399758111490091E-0011   0.140147057475385832248E+0002  -0.254237488011923688791E-0001  -0.269067372169457641462E+0002   0.817204741530691691764E+0001
   0.823492197000000327826E+0008   0.721266826899189666955E-0001  -0.759771793423485834480E-0004   0.737452512785571850444E-0009   0.135102088344106910245E-0011   0.140057606511646568492E+0002  -0.256489453799504871223E-0001  -0.269048411939795819592E+0002   0.817339889198592217667E+0001
   0.844964057333333641291E+0008   0.737024690080760741528E-0001  -0.788759264213546482884E-0004   0.730331904312150524424E-0009   0.134953794844600303722E-0011   0.139968431878072028240E+0002  -0.258545375723395649825E-0001  -0.269029672221881668293E+0002   0.817477974443470323251E+0001
   0.866462673000000268221E+0008   0.752649565288172062161E-0001  -0.817739223249167360673E-0004   0.723254736051209307888E-0009   0.134693943603411760517E-0011   0.139879552672460008012E+0002  -0.260411187714034049467E-0001  -0.269011148205822578916E+0002   0.817618945761519100301E+0001
   0.887989038666666895151E+0008   0.768142746563885425726E-0001  -0.846689553621021284008E-0004   0.716223077941986220164E-0009   0.134328782175319288801E-0011   0.139790986608129355062E+0002  -0.262092788998711766213E-0001  -0.268992835165589987412E+0002   0.817762751636753648654E+0001
   0.909544166333333551884E+0008   0.783505565673107695623E-0001  -0.875589388382578181960E-0004   0.709238827102731127151E-0009   0.133864373117477177261E-0011   0.139702750080146724798E+0002  -0.263596028158201572955E-0001  -0.268974728460582142020E+0002   0.817909340637159054666E+0001
   0.931129085333333611488E+0008   0.798739388485364687487E-0001  -0.904419070511659718356E-0004   0.702303716301814934979E-0009   0.133306587688358732664E-0011   0.139614858226703457689E+0002  -0.264926689180676050439E-0001  -0.268956823536326190549E+0002   0.818058661507629381049E+0001
   0.952744841666667014360E+0008   0.813845611074786312589E-0001  -0.933160110968950218778E-0004   0.695419322338241723694E-0009   0.132661101274043684478E-0011   0.139527324991171752799E+0002  -0.266090479264272615489E-0001  -0.268939115925462459700E+0002   0.818210663251031533605E+0001
   0.974392498000000417233E+0008   0.828825656483600237134E-0001  -0.961795146975094139650E-0004   0.688587074034433824076E-0009   0.131933390322253776624E-0011   0.139440163179414913230E+0002  -0.267093018294187953265E-0001  -0.268921601247915589283E+0002   0.818365295206891829594E+0001
   0.996073133000000417233E+0008   0.843680971201620777400E-0001  -0.990307899026847166142E-0004   0.681808260111096094292E-0009   0.131128730655399252983E-0011   0.139353384517706011536E+0002  -0.267939829791118723501E-0001  -0.268904275211388927858E+0002   0.818522507118722764119E+0001
   0.101778784200000047684E+0009   0.858413022737981590282E-0001  -0.101868312955437898860E-0003   0.675084036504246962225E-0009   0.130252196930270943627E-0011   0.139266999703343969941E+0002  -0.268636333268490734572E-0001  -0.268887133610576434251E+0002   0.818682249204767131801E+0001
   0.103953773566666707397E+0009   0.873023295987394865048E-0001  -0.104690659905814917796E-0003   0.668415433852626650313E-0009   0.129308663198624524131E-0011   0.139181018461277208331E+0002  -0.269187837755177003518E-0001  -0.268870172327790868394E+0002   0.818844472208192541984E+0001
   0.106132394033333376050E+0009   0.887513290905203311443E-0001  -0.107496502475634995652E-0003   0.661803364417497993159E-0009   0.128302804351170889323E-0011   0.139095449592152764495E+0002  -0.269599536511197224176E-0001  -0.268853387332080551175E+0002   0.819009127453754359749E+0001
   0.108314759766666710377E+0009   0.901884519879237178674E-0001  -0.110284603884096282659E-0003   0.655248628808621983818E-0009   0.127239098361642757345E-0011   0.139010301021063789051E+0002  -0.269876502740896556665E-0001  -0.268836774678730634491E+0002   0.819176166894283674935E+0001
   0.110500986433333382010E+0009   0.916138505254804058620E-0001  -0.113053814737302054890E-0003   0.648751922487888722387E-0009   0.126121829203879653909E-0011   0.138925579844447781852E+0002  -0.270023686218490432953E-0001  -0.268820330508622475918E+0002   0.819345543152071087434E+0001
   0.112691191133333384991E+0009   0.930276776792799270366E-0001  -0.115803068953073979436E-0003   0.642313842090002276090E-0009   0.124955090389381296160E-0011   0.138841292376452987156E+0002  -0.270045910763112573250E-0001  -0.268804051047705776512E+0002   0.819517209552793879368E+0001
   0.114885492500000044703E+0009   0.944300870342581755157E-0001  -0.118531379981972814774E-0003   0.635934891119661505636E-0009   0.123742788894035358758E-0011   0.138757444187041905082E+0002  -0.269947872444640073197E-0001  -0.268787932605124026963E+0002   0.819691120168116427180E+0001
   0.117084010566666707397E+0009   0.958212325129815245539E-0001  -0.121237836829071307025E-0003   0.629615485836220757031E-0009   0.122488649581112329230E-0011   0.138674040147416128832E+0002  -0.269734138444488319442E-0001  -0.268771971572986245747E+0002   0.819867229835802291404E+0001
   0.119286866800000041723E+0009   0.972012682250767562353E-0001  -0.123921600389308563060E-0003   0.623355960657860257307E-0009   0.121196220000845787669E-0011   0.138591084467428640181E+0002  -0.269409146607952690311E-0001  -0.268756164424815295888E+0002   0.820045494188952872605E+0001
   0.121494184066666707397E+0009   0.985703482854507345712E-0001  -0.126581899806204142183E-0003   0.617156573355799872824E-0009   0.119868875242028372128E-0011   0.138508580733666271101E+0002  -0.268977205348559546272E-0001  -0.268740507714415635121E+0002   0.820225869676321472923E+0001
   0.123706086600000038743E+0009   0.999286266443368126344E-0001  -0.129218028944494298061E-0003   0.611017510064304501431E-0009   0.118509823214340722259E-0011   0.138426531946139927953E+0002  -0.268442494150734969893E-0001  -0.268724998074673138149E+0002   0.820408313579109815805E+0001
   0.125922700100000038743E+0009   0.101276257009391676411E+0000  -0.131829343136011847273E-0003   0.604938889772138520628E-0009   0.117122109916064872570E-0011   0.138344940548351544862E+0002  -0.267809064417927483737E-0001  -0.268709632215374156772E+0002   0.820592784035697064837E+0001
   0.128144151533333376050E+0009   0.102613392593974867006E+0000  -0.134415255686445817918E-0003   0.598920769142285931233E-0009   0.115708624978307403139E-0011   0.138263808467125368651E+0002  -0.267080840772029246000E-0001  -0.268694406923086361871E+0002   0.820779240038440605076E+0001
   0.130370569300000041723E+0009   0.103940186099235873374E+0000  -0.136975234934743570489E-0003   0.592963146544469181866E-0009   0.114272107018651445917E-0011   0.138183137137464022715E+0002  -0.266261622469057511464E-0001  -0.268679319058445038593E+0002   0.820967641458237906704E+0001
   0.132602083100000038743E+0009   0.105256789522768345879E+0000  -0.139508801078860249049E-0003   0.587065966246074321511E-0009   0.112815149321050320010E-0011   0.138102927536853279378E+0002  -0.265355085329114538661E-0001  -0.268664365555495017190E+0002   0.821157949041428025794E+0001
   0.134838824000000029802E+0009   0.106563354096361515011E+0000  -0.142015523353024438954E-0003   0.581229122199684982745E-0009   0.111340205268628969204E-0011   0.138023180211078280166E+0002  -0.264364783718285083214E-0001  -0.268649543419644842857E+0002   0.821350124421157445909E+0001
   0.137080924400000035763E+0009   0.107860030171676474220E+0000  -0.144495017206532251489E-0003   0.575452461701704609207E-0009   0.109849593854941541888E-0011   0.137943895302351009491E+0002  -0.263294152794478764079E-0001  -0.268634849726290347860E+0002   0.821544130118102344795E+0001
   0.139328518033333361149E+0009   0.109146967133356864732E+0000  -0.146946941637151240381E-0003   0.569735788861594544447E-0009   0.108345505110464182965E-0011   0.137865072574969929065E+0002  -0.262146510899382463589E-0001  -0.268620281619210992119E+0002   0.821739929541989333472E+0001
   0.141581739966666698456E+0009   0.110424313319091652041E+0000  -0.149370996638547014765E-0003   0.564078867868046725018E-0009   0.106830005455558557692E-0011   0.137786711439792881606E+0002  -0.260925062083605420471E-0001  -0.268605836308966843262E+0002   0.821937486991265586767E+0001
   0.143840726566666692495E+0009   0.111692215927582078061E+0000  -0.151766920724384006373E-0003   0.558481426140509864454E-0009   0.105305042973974580273E-0011   0.137708810978700437744E+0002  -0.259632898759850211379E-0001  -0.268591511071515576248E+0002   0.822136767648100352801E+0001
   0.146105615600000023842E+0009   0.112950821007598803392E+0000  -0.154134488703431209817E-0003   0.552943157096484245651E-0009   0.103772452511496834279E-0011   0.137631369963363390241E+0002  -0.258273004367376816937E-0001  -0.268577303245991281244E+0002   0.822337737583633554550E+0001
   0.148376546066666692495E+0009   0.114200273303466520725E+0000  -0.156473509279492049720E-0003   0.547463723144957766562E-0009   0.102233960785040327924E-0011   0.137554386882104964229E+0002  -0.256848256251227466396E-0001  -0.268563210234189284620E+0002   0.822540363738127844329E+0001
   0.150653658400000035763E+0009   0.115440716310347885054E+0000  -0.158783823139927246374E-0003   0.542042758057224586383E-0009   0.100691191189800162993E-0011   0.137477859953190222342E+0002  -0.255361428372699490741E-0001  -0.268549229497759611718E+0002   0.822744613932432322656E+0001
   0.152937094300000041723E+0009   0.116672292131409102711E+0000  -0.161065300763207040757E-0003   0.536679869585723642052E-0009   0.991456686346051142062E-0012   0.137401787149631218199E+0002  -0.253815194272540185783E-0001  -0.268535358557715539973E+0002   0.822950456845535782691E+0001
   0.155226996866666704416E+0009   0.117895141504610265204E+0000  -0.163317840632366676531E-0003   0.531374641672657722871E-0009   0.975988241046043472766E-0012   0.137326166212891340734E+0002  -0.252212129858682410077E-0001  -0.268521594992107814903E+0002   0.823157862017922070663E+0001
   0.157523510500000029802E+0009   0.119109403707119476667E+0000  -0.165541367306789943088E-0003   0.526126636716835617094E-0009   0.960519991781128213997E-0012   0.137250994673518427192E+0002  -0.250554716351239319116E-0001  -0.268507936435153737875E+0002   0.823366799832916740343E+0001
   0.159826780966666698456E+0009   0.120315216553977352709E+0000  -0.167735829752051104468E-0003   0.520935397591178757432E-0009   0.945064503233004108586E-0012   0.137176269865342490561E+0002  -0.248845343105632173242E-0001  -0.268494380575379629761E+0002   0.823577241512211344343E+0001
   0.162136955433333367109E+0009   0.121512716381638449792E+0000  -0.169901199720946322535E-0003   0.515800449487811063466E-0009   0.929633530478590027668E-0012   0.137101988940025538710E+0002  -0.247086310438316483773E-0001  -0.268480925154006300204E+0002   0.823789159107659862968E+0001
   0.164454182400000035763E+0009   0.122702037983147743683E+0000  -0.172037470124701530848E-0003   0.510721301825408394023E-0009   0.914238059526977817743E-0012   0.137028148884027718424E+0002  -0.245279832498018351972E-0001  -0.268467567963952014054E+0002   0.824002525483158265729E+0001
   0.166778611766666710377E+0009   0.123883314616392320451E+0000  -0.174144653611810987671E-0003   0.505697449904050393777E-0009   0.898888345719943627088E-0012   0.136954746530507129876E+0002  -0.243428040006282118968E-0001  -0.268454306848082246972E+0002   0.824217314308121906663E+0001
   0.169110394833333373070E+0009   0.125056677980371122594E+0000  -0.176222781160318146994E-0003   0.500728376471925699038E-0009   0.883593950873466308008E-0012   0.136881778572663641569E+0002  -0.241532983004460882759E-0001  -0.268441139697888040416E+0002   0.824433500044304956589E+0001
   0.171449684300000041723E+0009   0.126222258194586212099E+0000  -0.178271900745170347154E-0003   0.495813553236487829504E-0009   0.868363778972809345449E-0012   0.136809241576379037042E+0002  -0.239596633557001385817E-0001  -0.268428064452193133604E+0002   0.824651057932105935322E+0001
   0.173796634333333373070E+0009   0.127380183814185865554E+0000  -0.180292076134599792148E-0003   0.490952442186819409503E-0009   0.853206110067208033622E-0012   0.136737131990150206917E+0002  -0.237620888350075221140E-0001  -0.268415079095526643016E+0002   0.824869963982668075175E+0001
   0.176151400466666698456E+0009   0.128530581764862067429E+0000  -0.182283385609631563146E-0003   0.486144497019538308834E-0009   0.838128633542725141762E-0012   0.136665446159523487069E+0002  -0.235607571369440653430E-0001  -0.268402181657458314135E+0002   0.825090194954035638375E+0001
   0.178514139733333379030E+0009   0.129673577395620465147E+0000  -0.184245920950721318605E-0003   0.481389164259602453952E-0009   0.823138478896505555721E-0012   0.136594180333754184886E+0002  -0.233558436336857716542E-0001  -0.268389370210668367633E+0002   0.825311728348791184828E+0001
   0.180885010600000053644E+0009   0.130809294434874184843E+0000  -0.186179786313923445289E-0003   0.476685884428923300429E-0009   0.808242246013199760193E-0012   0.136523330678026493246E+0002  -0.231475169241459367842E-0001  -0.268376642870164054955E+0002   0.825534542392720638304E+0001
   0.183264173033333390951E+0009   0.131937855013615185085E+0000  -0.188085097278883135903E-0003   0.472034093088056505419E-0009   0.793446033531705369482E-0012   0.136452893281104756795E+0002  -0.229359390713230436309E-0001  -0.268363997791797217474E+0002   0.825758616025748892753E+0001
   0.185651788533333390951E+0009   0.133059379673371530606E+0000  -0.189961979922660694799E-0003   0.467433221767333087023E-0009   0.778755466052824147340E-0012   0.136382864163487802500E+0002  -0.227212658344541039435E-0001  -0.268351433171008153522E+0002   0.825983928889596263900E+0001
   0.188048020033333390951E+0009   0.134173987313437353963E+0000  -0.191810569843309632401E-0003   0.462882699022397358704E-0009   0.764175720714790571332E-0012   0.136313239288970340368E+0002  -0.225036469075674087914E-0001  -0.268338947242301486540E+0002   0.826210461302655296834E+0001
   0.190453032100000053644E+0009   0.135281795280358385636E+0000  -0.193631011469572135095E-0003   0.458381951129897825995E-0009   0.749711551195961730603E-0012   0.136244014566998998816E+0002  -0.222832261253034964732E-0001  -0.268326538277179054148E+0002   0.826438194263141490126E+0001
   0.192866990766666710377E+0009   0.136382919287299869682E+0000  -0.195423457133370290142E-0003   0.453930402993382047649E-0009   0.735367312143342670661E-0012   0.136175185865220154113E+0002  -0.220601416941752434542E-0001  -0.268314204584025866041E+0002   0.826667109417450696185E+0001
   0.195290063666666716337E+0009   0.137477473474349215499E+0000  -0.197188066420269020925E-0003   0.449527478849572393959E-0009   0.721146981228977259257E-0012   0.136106749012886396599E+0002  -0.218345263886461846137E-0001  -0.268301944506466192308E+0002   0.826897189056886006142E+0001
   0.197722420066666722298E+0009   0.138565570422462036593E+0000  -0.198925005483036358104E-0003   0.445172602866714639170E-0009   0.707054180343611079894E-0012   0.136038699806982332774E+0002  -0.216065077592083876201E-0001  -0.268289756422280269987E+0002   0.827128416104909902629E+0001
   0.200164230800000041723E+0009   0.139647321123795908893E+0000  -0.200634446326401988479E-0003   0.440865199862621191195E-0009   0.693092196586905255116E-0012   0.135971034020505356921E+0002  -0.213762083289195901903E-0001  -0.268277638742853454801E+0002   0.827360774094863415939E+0001
   0.202615668333333373070E+0009   0.140722835013368990920E+0000  -0.202316566228262213582E-0003   0.436604695885548750610E-0009   0.679264001225225802395E-0012   0.135903747406788024676E+0002  -0.211437457810682294390E-0001  -0.268265589911981408022E+0002   0.827594247160387119777E+0001
   0.205076906833333373070E+0009   0.141792220000387131362E+0000  -0.203971547194502493983E-0003   0.432390518672277698999E-0009   0.665572267909652713170E-0012   0.135836835703538891806E+0002  -0.209092331381551983782E-0001  -0.268253608404716317182E+0002   0.827828820025909273284E+0001
   0.207548122100000053644E+0009   0.142855582441910100577E+0000  -0.205599575358188658546E-0003   0.428222098211412842019E-0009   0.652019390502729269991E-0012   0.135770294640141369058E+0002  -0.206727789475729915869E-0001  -0.268241692726895166743E+0002   0.828064477984463565008E+0001
   0.210029491633333384991E+0009   0.143913027175865460006E+0000  -0.207200840504405002420E-0003   0.424098867200794590903E-0009   0.638607499504874154279E-0012   0.135704119941028729102E+0002  -0.204344874483122704301E-0001  -0.268229841414043477243E+0002   0.828301206888300711739E+0001
   0.212521194666666716337E+0009   0.144964657539534969022E+0000  -0.208775535602247306211E-0003   0.420020261424183364936E-0009   0.625338477685002789811E-0012   0.135638307329678760027E+0002  -0.201944587371523792685E-0001  -0.268218053030472702858E+0002   0.828538993136418611130E+0001
   0.215023412166666716337E+0009   0.146010575374307449703E+0000  -0.210323856345452121774E-0003   0.415985720154328160339E-0009   0.612213975131515604432E-0012   0.135572852533342036452E+0002  -0.199527889248727885452E-0001  -0.268206326168565318824E+0002   0.828777823659001278145E+0001
   0.217536326900000035763E+0009   0.147050881058870319684E+0000  -0.211846000762633843249E-0003   0.411994686467844017378E-0009   0.599235423049572702480E-0012   0.135507751285578645906E+0002  -0.197095702916703328922E-0001  -0.268194659447771961425E+0002   0.829017685908348234136E+0001
   0.220060123400000035763E+0009   0.148085673500852166296E+0000  -0.213342168792591494603E-0003   0.408046607597169771283E-0009   0.586404047533592094853E-0012   0.135442999331293272292E+0002  -0.194648914392915248217E-0001  -0.268183051514105734725E+0002   0.829258567840362914581E+0001
   0.222594988000000029802E+0009   0.149115050157010320397E+0000  -0.214812561927319389202E-0003   0.404140935243097722282E-0009   0.573720882190423583937E-0012   0.135378592429763671134E+0002  -0.192188374329456991563E-0001  -0.268171501039344590822E+0002   0.829500457902547694289E+0001
   0.225141108933333367109E+0009   0.150139107080189515564E+0000  -0.216257382915641008063E-0003   0.400277125758418329836E-0009   0.561186779821534120769E-0012   0.135314526355766382437E+0002  -0.189714899323889553406E-0001  -0.268160006719959191912E+0002   0.829743345028508372252E+0001
