   0.194999999999999976717E+0007   0.187441927534430898342E-0002   0.144790234973196064704E-0021   0.922107724223007983810E-0009  -0.148502805100702692448E-0027   0.210404861375780249944E+0002   0.637913166993409973804E-0018  -0.269976682156259570888E+0002   0.814659594890896343600E+0001
   0.405028806666666641831E+0007   0.373177171792007413009E-0002   0.627784510957061751161E-0021   0.849107018185012747400E-0009  -0.431974657839652800736E-0027   0.210306349300799588775E+0002   0.217463872903487813748E-0017  -0.269951027212901948360E+0002   0.814756477564069037101E+0001
   0.615087393333333358169E+0007   0.544022919938470621293E-0002   0.810737695005779925985E-0021   0.780955912832719752521E-0009  -0.863919953058787200824E-0028   0.210214087407491696524E+0002   0.590067001137562821742E-0017  -0.269925129999902431166E+0002   0.814896014841963811648E+0001
   0.825178686666666716337E+0007   0.701250773965249492303E-0002   0.139541004957593787579E-0020   0.719137860693104913480E-0009  -0.337375987738785090867E-0027   0.210130900562323752467E+0002  -0.141924178874598049413E-0017  -0.269899301536453251060E+0002   0.815073498982665611834E+0001
   0.103530612666666675359E+0008   0.846208665340126772736E-0002   0.601746197104474735678E-0020   0.663533017960165158637E-0009  -0.444785565011321649297E-0026   0.210057003767836860675E+0002   0.679462230260114920940E-0016  -0.269873744695851875974E+0002   0.815284375390198867706E+0001
   0.124547325000000000000E+0008   0.980141619196992636143E-0002   0.100724934534729958111E-0019   0.613518570266322591866E-0009  -0.171256244446801641519E-0026   0.209991827498629923809E+0002   0.160220547090299147291E-0016  -0.269848592155240325496E+0002   0.815524565560846781409E+0001
   0.145568369333333335817E+0008   0.110414734579921333668E-0001   0.111830142275331799838E-0019   0.568403513191652553983E-0009  -0.588474752481984825471E-0027   0.209934585607547710140E+0002   0.481531954948890244378E-0016  -0.269823933074601889359E+0002   0.815790504008042738349E+0001
   0.166594120000000000000E+0008   0.121918120692429826635E-0001   0.135121561856878496850E-0019   0.527551820663188586306E-0009  -0.911753059324172935979E-0027   0.209884470504008433522E+0002   0.668415394780222009320E-0016  -0.269799827630752915297E+0002   0.816079094807562199776E+0001
   0.187624962333333343267E+0008   0.132607362845444179400E-0001   0.173453339959036538542E-0019   0.490413066043349242054E-0009  -0.196520671978682135143E-0026   0.209840724355748093899E+0002   0.103646177120543893387E-0015  -0.269776315789232725706E+0002   0.816387648866714776830E+0001
   0.208661294000000022352E+0008   0.142554901829301042260E-0001   0.231409009673261504829E-0019   0.456521974470852820868E-0009  -0.308776806299163809719E-0026   0.209802662219741087313E+0002   0.129766267792084691844E-0015  -0.269753422973688827824E+0002   0.816713822365313824037E+0001
   0.229703526333333365619E+0008   0.151824284013233057333E-0001   0.298048357004702412767E-0019   0.425488180113149007044E-0009  -0.351020601942341583695E-0026   0.209769675338585166458E+0002   0.107106407961446858752E-0015  -0.269731163911191806903E+0002   0.817055562709238181185E+0001
   0.250752084666666686535E+0008   0.160471604328155069419E-0001   0.349178857148229632752E-0019   0.396984047558727131030E-0009  -0.268583518224680563869E-0026   0.209741226444149475583E+0002   0.179405078112209817632E-0015  -0.269709545335364424545E+0002   0.817411063142618843358E+0001
   0.271807409333333373070E+0008   0.168546693583809352457E-0001   0.408096193272551907266E-0019   0.370733369745673849255E-0009  -0.220077270705644349887E-0026   0.209716842293118759244E+0002   0.960599583847490778926E-0016  -0.269688567938020327119E+0002   0.817778725363282354976E+0001
   0.292869956000000052154E+0008   0.176094084388997776380E-0001   0.422857336624676976134E-0019   0.346501768665382512929E-0009   0.296480840326027404939E-0027   0.209696105742513303483E+0002   0.685559193521452390408E-0016  -0.269668227810633283070E+0002   0.818157128909911079973E+0001
   0.313940197000000067055E+0008   0.183153795566658797456E-0001   0.454787784962621110594E-0019   0.324088858513786915705E-0009  -0.189803967758431424878E-0026   0.209678648324972307648E+0002   0.113033321468104709959E-0015  -0.269648517527271067706E+0002   0.818545006115071238639E+0001
   0.335018621666666716337E+0008   0.189761969916355591192E-0001   0.457724929865415749933E-0019   0.303321963688182185551E-0009   0.146840711696375255821E-0026   0.209664143666077791295E+0002   0.555673225610803589094E-0017  -0.269629426972412602481E+0002   0.818941221504784166996E+0001
   0.356105737000000029802E+0008   0.195951395663819735726E-0001   0.469945880891995280826E-0019   0.284051122400767228601E-0009  -0.107870231026059363307E-0026   0.209652301800975600088E+0002   0.407697386446963863800E-0016  -0.269610943981302106920E+0002   0.819344754771783456704E+0001
   0.377202068333333358169E+0008   0.201751935482569061397E-0001   0.479482993668287724772E-0019   0.266145118860159417476E-0009  -0.351772935420375818237E-0027   0.209642864330992502175E+0002   0.521062552565480436692E-0016  -0.269593054841222716789E+0002   0.819754686599229387411E+0001
   0.398308159000000059605E+0008   0.207190881824547701306E-0001   0.505192998401235987115E-0019   0.249488326841513906880E-0009  -0.177476641204742452710E-0026   0.209635600318772539197E+0002   0.718877484316210577469E-0016  -0.269575744688626635082E+0002   0.820170186748037366442E+0001
   0.419424572000000029802E+0008   0.212293254282232349284E-0001   0.521132909973828009144E-0019   0.233978189169927620424E-0009  -0.654178212638376870337E-0027   0.209630302811609467994E+0002   0.116763131408537697929E-0015  -0.269558997824218522510E+0002   0.820590504020131028540E+0001
   0.440551889000000059605E+0008   0.217082049367642998527E-0001   0.542750637783948516202E-0019   0.219523192957690341614E-0009  -0.743176393075285044454E-0027   0.209626785893679254968E+0002   0.110849184508963104729E-0015  -0.269542797967982181717E+0002   0.821014957657604682595E+0001
   0.461690712000000029802E+0008   0.221578453197002617214E-0001   0.564299718475375771704E-0019   0.206041235423830507185E-0009  -0.877992209723408230989E-0027   0.209624882176962721303E+0002   0.445520775348805509352E-0016  -0.269527128463206793185E+0002   0.821442930006626426120E+0001
   0.482841663000000044703E+0008   0.225802023059723036558E-0001   0.569828695080544472279E-0019   0.193458293487699343266E-0009  -0.849067939925609897654E-0028   0.209624440657672153066E+0002   0.277436758647604296184E-0016  -0.269511972443402818556E+0002   0.821873860137607437082E+0001
   0.504005383333333358169E+0008   0.229770843963104376417E-0001   0.576843310606257859719E-0019   0.181707335390294862799E-0009  -0.406849635142855559766E-0027   0.209625324875567429217E+0002   0.608455357966505570671E-0016  -0.269497312968372035868E+0002   0.822307238281370267430E+0001
   0.525182535333333387971E+0008   0.233501665091930890594E-0001   0.589692362306367572928E-0019   0.170727423092569685489E-0009  -0.686061486404522431457E-0027   0.209627411325525656594E+0002   0.104972816909837508615E-0015  -0.269483133133538181880E+0002   0.822742600998694406655E+0001
   0.546373801666666716337E+0008   0.237010018767761510006E-0001   0.603943921440290482084E-0019   0.160462965278660766265E-0009  -0.490107851516649996753E-0027   0.209630588079985216154E+0002   0.880411964618748044015E-0016  -0.269469416160538450811E+0002   0.823179526878915801547E+0001
   0.567579885000000074506E+0008   0.240310325297221072383E-0001   0.617432920586155470024E-0019   0.150863093264859359616E-0009  -0.598265526036219162720E-0027   0.209634753588181297346E+0002   0.101498503718813661859E-0015  -0.269456145470749710569E+0002   0.823617632732221061076E+0001
   0.588801508666666746140E+0008   0.243415986054492244905E-0001   0.633427161375065687439E-0019   0.141881134553595149384E-0009  -0.776921879491405651797E-0027   0.209639815624549861184E+0002   0.667300410834985865085E-0016  -0.269443304744256835193E+0002   0.824056570217556938474E+0001
   0.610039416666666716337E+0008   0.246339466334016821136E-0001   0.645227770302697846392E-0019   0.133474165222780210954E-0009  -0.659658828614317490038E-0027   0.209645690363575027959E+0002   0.105443640402358249729E-0015  -0.269430877967733302114E+0002   0.824496022813103657256E+0001
   0.631294373333333358169E+0008   0.249092369539290203750E-0001   0.660541098560416106068E-0019   0.125602627265160017741E-0009  -0.769595108271328316082E-0027   0.209652301562269478552E+0002   0.655940301352317981078E-0016  -0.269418849472836292591E+0002   0.824935703087452232296E+0001
   0.652567163000000044703E+0008   0.251685503982919597799E-0001   0.673615055012937288530E-0019   0.118229999003805878503E-0009  -0.836198161585791950474E-0027   0.209659579834928706532E+0002   0.729373705308918404464E-0016  -0.269407203966434956044E+0002   0.825375350238172167394E+0001
   0.673858590666666775942E+0008   0.254128943410521432322E-0001   0.686089165207017389069E-0019   0.111322509179206951661E-0009  -0.760445394711211393291E-0027   0.209667462007762210874E+0002   0.108860132000509072927E-0015  -0.269395926553411904081E+0002   0.825814727884812960212E+0001
   0.695169481000000089407E+0008   0.256432081740041867279E-0001   0.699257304181759791106E-0019   0.104848886840307847778E-0009  -0.657822484142754347742E-0027   0.209675890541731533290E+0002   0.103237294882501876090E-0015  -0.269385002754571445394E+0002   0.826253622033438617223E+0001
   0.716500678666666746140E+0008   0.258603683082143515071E-0001   0.711766789779226030292E-0019   0.987801422354808315997E-0010  -0.656641344227194775335E-0027   0.209684813016557001220E+0002   0.164889578825533559966E-0015  -0.269374418518889910956E+0002   0.826691839250496585123E+0001
   0.737853047666666805744E+0008   0.260651927340446315506E-0001   0.729312131387350844783E-0019   0.930893707807319622339E-0010  -0.866633222791032956259E-0027   0.209694181645923656276E+0002   0.169435313913243600771E-0015  -0.269364160232067426648E+0002   0.827129204979151211319E+0001
   0.759227471666666865349E+0008   0.262584452078239855011E-0001   0.745006175926408190872E-0019   0.877515879679127396758E-0010  -0.716315346298871357591E-0027   0.209703952943137359455E+0002   0.162079567077942767637E-0015  -0.269354214721027140911E+0002   0.827565562015729483392E+0001
   0.780624853666666895151E+0008   0.264408390979245025432E-0001   0.758855357262629173595E-0019   0.827435633098176535806E-0010  -0.616244937409457960632E-0027   0.209714087211148196843E+0002   0.204190112860968896122E-0015  -0.269344569255719399337E+0002   0.828000769109778644861E+0001
   0.802046115333333611488E+0008   0.266130409109973237181E-0001   0.774176490834964654739E-0019   0.780436902193608605231E-0010  -0.624819865507191205928E-0027   0.209724548294969750373E+0002   0.187981747114685654204E-0015  -0.269335211548507160728E+0002   0.828434699668547835927E+0001
   0.823492197000000327826E+0008   0.267756735581181071204E-0001   0.788280667318288245892E-0019   0.736318589240327688108E-0010  -0.615788440041366926317E-0027   0.209735303248202171744E+0002   0.214754644341687627532E-0015  -0.269326129751045471039E+0002   0.828867240581916142617E+0001
   0.844964057333333641291E+0008   0.269293193666608962622E-0001   0.804804075563415459447E-0019   0.694893430910629817395E-0010  -0.785135597064860239607E-0027   0.209746322051499483052E+0002   0.212932718248404784729E-0015  -0.269317312449492654025E+0002   0.829298291136139376079E+0001
   0.866462673000000268221E+0008   0.270745228664624471016E-0001   0.821496934683026696579E-0019   0.655986969192228040054E-0010  -0.847474072959141239413E-0027   0.209757577358088980191E+0002   0.258304884433951708240E-0015  -0.269308748658184207159E+0002   0.829727762014447023375E+0001
   0.887989038666666895151E+0008   0.272117933724644392446E-0001   0.836500285045386369988E-0019   0.619436612296750545040E-0010  -0.586139320044924936083E-0027   0.209769044262124459976E+0002   0.233139752348511858359E-0015  -0.269300427811900426889E+0002   0.830155574383382166559E+0001
   0.909544166333333551884E+0008   0.273416073746884924489E-0001   0.850761843327569944170E-0019   0.585090774510968114772E-0010  -0.634814587930269606637E-0027   0.209780700087459948122E+0002   0.186476407157850422231E-0015  -0.269292339757308063497E+0002   0.830581659038136699280E+0001
   0.931129085333333611488E+0008   0.274644107603334228229E-0001   0.863416519812526720573E-0019   0.552808088568595135098E-0010  -0.652454246831354011053E-0027   0.209792524195486471683E+0002   0.214570763736721611628E-0015  -0.269284474743354387272E+0002   0.831005955627261450047E+0001
   0.952744841666667014360E+0008   0.275806208734646132741E-0001   0.875100587082119030161E-0019   0.522456679904900667863E-0010  -0.515670624909957201019E-0027   0.209804497809596846025E+0002   0.261631185654007309731E-0015  -0.269276823411181105428E+0002   0.831428411924848376202E+0001
   0.974392498000000417233E+0008   0.276906284328748350521E-0001   0.888250618637443119993E-0019   0.493913499298604227304E-0010  -0.563399159777758623396E-0027   0.209816603855342656004E+0002   0.234356202543380564926E-0015  -0.269269376783270111275E+0002   0.831848983171467537545E+0001
   0.996073133000000417233E+0008   0.277947993118198843909E-0001   0.899742159931981403347E-0019   0.467063705558671142805E-0010  -0.508393911846387189297E-0027   0.209828826814144768775E+0002   0.280662010866152058964E-0015  -0.269262126252412876681E+0002   0.832267631453244227657E+0001
   0.101778784200000047684E+0009   0.278934762000798489034E-0001   0.912359729115237094310E-0019   0.441800096218146804032E-0010  -0.537388655446530569495E-0027   0.209841152590410047196E+0002   0.252192642079544512689E-0015  -0.269255063569952106661E+0002   0.832684325153685911403E+0001
   0.103953773566666707397E+0009   0.279869801411586072160E-0001   0.924082355636702980507E-0019   0.418022578202139467046E-0010  -0.546980908734310685246E-0027   0.209853568389033142694E+0002   0.266552125034308324420E-0015  -0.269248180834506847248E+0002   0.833099038410244396857E+0001
   0.106132394033333376050E+0009   0.280756119710940596490E-0001   0.935188821316662511300E-0019   0.395637680462822424301E-0010  -0.488622458990845495771E-0027   0.209866062604317562545E+0002   0.306591306793471057440E-0015  -0.269241470480035651747E+0002   0.833511750642962212510E+0001
   0.108314759766666710377E+0009   0.281596536553309906292E-0001   0.946645185435867296749E-0019   0.374558099472693270410E-0010  -0.471919954408910616137E-0027   0.209878624718072899213E+0002   0.324394965809304506782E-0015  -0.269234925264094400177E+0002   0.833922446107035675311E+0001
   0.110500986433333382010E+0009   0.282393695339723804771E-0001   0.959054177284000487272E-0019   0.354702278214952029947E-0010  -0.556268478481169679898E-0027   0.209891245206421714897E+0002   0.313691036225088991436E-0015  -0.269228538256135685458E+0002   0.834331113479416863754E+0001
   0.112691191133333384991E+0009   0.283150074808822815875E-0001   0.970239914021722910643E-0019   0.335994014995662011733E-0010  -0.491315957559889626389E-0027   0.209903915454369958127E+0002   0.302966038643737028032E-0015  -0.269222302825986723462E+0002   0.834737745470695635674E+0001
   0.114885492500000044703E+0009   0.283867999896161224416E-0001   0.981275240433293137267E-0019   0.318362100430802122446E-0010  -0.520857929107764909469E-0027   0.209916627678598999296E+0002   0.325374513476179946215E-0015  -0.269216212631990075010E+0002   0.835142338496840963558E+0001
   0.117084010566666707397E+0009   0.284549651774025219586E-0001   0.991765826400604315180E-0019   0.301739977834018568469E-0010  -0.460865548864506876316E-0027   0.209929374855549646384E+0002   0.320265395751776225174E-0015  -0.269210261609998582344E+0002   0.835544892334286970481E+0001
   0.119286866800000041723E+0009   0.285197077265933324197E-0001   0.100103841010835064644E-0018   0.286065429862001780675E-0010  -0.381538765209065311064E-0027   0.209942150656531687503E+0002   0.306083448147223992811E-0015  -0.269204443962110886446E+0002   0.835945409830733865419E+0001
   0.121494184066666707397E+0009   0.285812197602568485166E-0001   0.100963860463030581396E-0018   0.271280285176289962168E-0010  -0.362177313334193736399E-0027   0.209954949387991831600E+0002   0.338720981177829808302E-0015  -0.269198754145832204188E+0002   0.836343896626421567930E+0001
   0.123706086600000038743E+0009   0.286396816586187291653E-0001   0.101859325453059617999E-0018   0.257330146021793428873E-0010  -0.372021186168288238270E-0027   0.209967765936851584740E+0002   0.295666733544103533624E-0015  -0.269193186863497224692E+0002   0.836740360896632928700E+0001
   0.125922700100000038743E+0009   0.286952628238653015269E-0001   0.102718292621519333622E-0018   0.244164134733234597406E-0010  -0.412666350722776671428E-0027   0.209980595721258644915E+0002   0.286146247801081051533E-0015  -0.269187737051640070263E+0002   0.837134813137439159902E+0001
   0.128144151533333376050E+0009   0.287481223856312917420E-0001   0.103499308296750272765E-0018   0.231734656343966963386E-0010  -0.370428918865153200400E-0027   0.209993434643840046760E+0002   0.291728330580636300895E-0015  -0.269182399871419768544E+0002   0.837527265915871588220E+0001
   0.130370569300000041723E+0009   0.287984098682157602100E-0001   0.104171298015660820239E-0018   0.219997180082634151129E-0010  -0.281719256700380297443E-0027   0.210006279050960635857E+0002   0.300740045879536200135E-0015  -0.269177170698436292184E+0002   0.837917733702158962217E+0001
   0.132602083100000038743E+0009   0.288462658057769480435E-0001   0.104843626446770282948E-0018   0.208910032939432567598E-0010  -0.287528548765394924816E-0027   0.210019125693796837595E+0002   0.265958011119342052770E-0015  -0.269172045113598699118E+0002   0.838306232664038653013E+0001
   0.134838824000000029802E+0009   0.288918223207934657393E-0001   0.105476770469293771259E-0018   0.198434209596030192474E-0010  -0.301577348120687678920E-0027   0.210031971693816430502E+0002   0.301664146797472720262E-0015  -0.269167018893833720483E+0002   0.838692780510622704071E+0001
   0.137080924400000035763E+0009   0.289352036615972210698E-0001   0.106111229344387688580E-0018   0.188533193968567798523E-0010  -0.280943914138788352506E-0027   0.210044814510653843342E+0002   0.329475226533081111815E-0015  -0.269162088003353119348E+0002   0.839077396331771119264E+0001
   0.139328518033333361149E+0009   0.289765267046411048590E-0001   0.106788190993309073249E-0018   0.179172793592352996759E-0010  -0.306655731516598684577E-0027   0.210057651912897185298E+0002   0.341943487314248553619E-0015  -0.269157248585167536703E+0002   0.839460100455455204838E+0001
   0.141581739966666698456E+0009   0.290159014232363315910E-0001   0.107404354235345692927E-0018   0.170320985109631719770E-0010  -0.255250086666154392476E-0027   0.210070481951366083706E+0002   0.301720122503755596788E-0015  -0.269152496952922000162E+0002   0.839840914316302011855E+0001
   0.143840726566666692495E+0009   0.290534313244818279132E-0001   0.107995376038361246783E-0018   0.161947770270622372851E-0010  -0.278634080975967227793E-0027   0.210083302934475035784E+0002   0.322100544878234190021E-0015  -0.269147829583120170582E+0002   0.840219860328901724245E+0001
   0.146105615600000023842E+0009   0.290892138593514745781E-0001   0.108524919183330883975E-0018   0.154025042005586517079E-0010  -0.219311717905165858004E-0027   0.210096113406441631355E+0002   0.303529418635485874379E-0015  -0.269143243107384506629E+0002   0.840596961793012020792E+0001
   0.148376546066666692495E+0009   0.291233408012216560268E-0001   0.109035545194382263869E-0018   0.146526458825344317747E-0010  -0.227183834507242236418E-0027   0.210108912125885360922E+0002   0.304710702923306998902E-0015  -0.269138734305578459782E+0002   0.840972242762983945852E+0001
   0.150653658400000035763E+0009   0.291558986050537843893E-0001   0.109533857176832933677E-0018   0.139427329177598730588E-0010  -0.225169918781404016395E-0027   0.210121698048248362056E+0002   0.347240390117866150253E-0015  -0.269134300098481489272E+0002   0.841345727986438873813E+0001
   0.152937094300000041723E+0009   0.291869687373176450729E-0001   0.110043266002285061570E-0018   0.132704501900571012040E-0010  -0.215764329434135999749E-0027   0.210134470307739462669E+0002   0.342668930693612853602E-0015  -0.269129937541499089093E+0002   0.841717442789602365849E+0001
   0.155226996866666704416E+0009   0.292166279884392351973E-0001   0.110500218551188802264E-0018   0.126336265770150667002E-0010  -0.182699271513415528447E-0027   0.210147228202427633903E+0002   0.327408726257888472866E-0015  -0.269125643818067921131E+0002   0.842087413019075725629E+0001
   0.157523510500000029802E+0009   0.292449487615294920206E-0001   0.110958506866718198127E-0018   0.120302254587141025103E-0010  -0.202285056108810972840E-0027   0.210159971179362692340E+0002   0.332465384463075333444E-0015  -0.269121416233792309924E+0002   0.842455664951832261522E+0001
   0.159826780966666698456E+0009   0.292719993443328538318E-0001   0.111393994633777864019E-0018   0.114583359628633604063E-0010  -0.187833546490445228102E-0027   0.210172698821848875639E+0002   0.340855555455752547730E-0015  -0.269117252210533060008E+0002   0.842822225238295885674E+0001
   0.162136955433333367109E+0009   0.292978441628889418880E-0001   0.111813751813264808189E-0018   0.109161647441162680614E-0010  -0.177568768434350859232E-0027   0.210185410837647665971E+0002   0.409179452494227041704E-0015  -0.269113149280827137488E+0002   0.843187120845196247387E+0001
   0.164454182400000035763E+0009   0.293225440174787049807E-0001   0.112260329727683315381E-0018   0.104020283277152362113E-0010  -0.172930710156571332137E-0027   0.210198107047649251911E+0002   0.346958107638055309759E-0015  -0.269109105082742416926E+0002   0.843550378987670690378E+0001
   0.166778611766666710377E+0009   0.293461563047129267434E-0001   0.112634686472415572882E-0018   0.991434600528523596090E-0011  -0.150407953636856402736E-0027   0.210210787376215257893E+0002   0.352620286635192986558E-0015  -0.269105117354734844071E+0002   0.843912027087186089602E+0001
   0.169110394833333373070E+0009   0.293687352244552668523E-0001   0.113038807955323280249E-0018   0.945163316888794831849E-0011  -0.180310901604193014418E-0027   0.210223451842007911239E+0002   0.350254132522245894462E-0015  -0.269101183930863072646E+0002   0.844272092723084277566E+0001
   0.171449684300000041723E+0009   0.293903319733465687169E-0001   0.113412243145725080951E-0018   0.901249511336360909724E-0011  -0.161798284782160918793E-0027   0.210236100549601374610E+0002   0.376121400938755008891E-0015  -0.269097302736227774744E+0002   0.844630603588142570004E+0001
   0.173796634333333373070E+0009   0.294109949264470330044E-0001   0.113786882993237894760E-0018   0.859562125794592321323E-0011  -0.158019370372677681014E-0027   0.210248733682169230974E+0002   0.362104705291200704147E-0015  -0.269093471782519131352E+0002   0.844987587457936584201E+0001
   0.176151400466666698456E+0009   0.294307698056920988283E-0001   0.114137175368859762365E-0018   0.819977973432892625368E-0011  -0.149478112153339193295E-0027   0.210261351493924202316E+0002   0.361348582984927691569E-0015  -0.269089689164048841974E+0002   0.845343072138127205051E+0001
   0.178514139733333379030E+0009   0.294496998395847794927E-0001   0.114475259431127506322E-0018   0.782381238292742244150E-0011  -0.145260896442462783695E-0027   0.210273954304416363925E+0002   0.446275016916714605733E-0015  -0.269085953053596398377E+0002   0.845697085450400365403E+0001
   0.180885010600000053644E+0009   0.294678259109820775419E-0001   0.114823236244640191537E-0018   0.746663002693187878249E-0011  -0.127494740022460676362E-0027   0.210286542492299410867E+0002   0.350806555234001441216E-0015  -0.269082261698775653258E+0002   0.846049655190819471784E+0001
   0.183264173033333390951E+0009   0.294851866965286021904E-0001   0.115115219743486269871E-0018   0.712720810805396640932E-0011  -0.120890017384410678526E-0027   0.210299116490314048633E+0002   0.336997124461135010687E-0015  -0.269078613418369450017E+0002   0.846400809110926921619E+0001
   0.185651788533333390951E+0009   0.295018187969468964615E-0001   0.115403690150308268078E-0018   0.680458258585545462842E-0011  -0.127427846315921610032E-0027   0.210311676780544871690E+0002   0.378624183236430165984E-0015  -0.269075006598895782872E+0002   0.846750574896040042461E+0001
   0.188048020033333390951E+0009   0.295177568581570168305E-0001   0.115680659917593720137E-0018   0.649784611292059670593E-0011  -0.108668202797388337608E-0027   0.210324223889394055220E+0002   0.417752957644720619391E-0015  -0.269071439691542941830E+0002   0.847098980126336797980E+0001
   0.190453032100000053644E+0009   0.295330336868118784044E-0001   0.115985963484307897252E-0018   0.620614449410222588189E-0011  -0.124827048914847517158E-0027   0.210336758384520265963E+0002   0.393276355875636263790E-0015  -0.269067911208809498191E+0002   0.847446052283841488872E+0001
   0.192866990766666710377E+0009   0.295476803561423376210E-0001   0.116264384384769096925E-0018   0.592867332177289289344E-0011  -0.114636629888620646233E-0027   0.210349280870197432591E+0002   0.376112039597995732662E-0015  -0.269064419721847656319E+0002   0.847791818707788991105E+0001
   0.195290063666666716337E+0009   0.295617263070967264960E-0001   0.116531808323410135482E-0018   0.566467489821863053929E-0011  -0.114724436453042315018E-0027   0.210361791984567254588E+0002   0.361080932382514966987E-0015  -0.269060963857504802377E+0002   0.848136306595360878191E+0001
   0.197722420066666722298E+0009   0.295751994425230355090E-0001   0.116769560893679027715E-0018   0.541343531307458530486E-0011  -0.982587815827301672322E-0028   0.210374292396658226778E+0002   0.406477549056008954484E-0015  -0.269057542295654279485E+0002   0.848479542989203139314E+0001
   0.200164230800000041723E+0009   0.295881262149344306800E-0001   0.117004460292474798438E-0018   0.517428172604713777952E-0011  -0.878012853897284417606E-0028   0.210386782803155156785E+0002   0.381182389096057824589E-0015  -0.269054153766799686309E+0002   0.848821554752352547268E+0001
   0.202615668333333373070E+0009   0.296005317096025080681E-0001   0.117223151853555831435E-0018   0.494657984300648561912E-0011  -0.846705106255123882097E-0028   0.210399263926105426492E+0002   0.433584249947389249953E-0015  -0.269050797049612739897E+0002   0.849162368563481706474E+0001
   0.205076906833333373070E+0009   0.296124397224966015574E-0001   0.117459292377408166906E-0018   0.472973153977562714003E-0011  -0.899499821982756285768E-0028   0.210411736510843567771E+0002   0.409257283082319532862E-0015  -0.269047470968594311103E+0002   0.849502010913063188013E+0001
   0.207548122100000053644E+0009   0.296238728327708894517E-0001   0.117681306925032840773E-0018   0.452317263898291179584E-0011  -0.876857301863715470259E-0028   0.210424201323440662748E+0002   0.354551091662621548911E-0015  -0.269044174392031649745E+0002   0.849840508082174750371E+0001
   0.210029491633333384991E+0009   0.296348524714788869039E-0001   0.117872247812718793751E-0018   0.432637084857973488481E-0011  -0.776870819297730284093E-0028   0.210436659149023057580E+0002   0.393458244656550776143E-0015  -0.269040906229879368539E+0002   0.850177886140907546064E+0001
   0.212521194666666716337E+0009   0.296453989859357600056E-0001   0.118054557157214312371E-0018   0.413882381845675994080E-0011  -0.654419766906296219250E-0028   0.210449110790089193301E+0002   0.353184883292264110843E-0015  -0.269037665431790138371E+0002   0.850514170942945213483E+0001
   0.215023412166666716337E+0009   0.296555317000268547911E-0001   0.118224733766486049594E-0018   0.396005732588157749353E-0011  -0.665610893004039422993E-0028   0.210461557064817554874E+0002   0.336257289210160078917E-0015  -0.269034450985286213154E+0002   0.850849388116477101107E+0001
   0.217536326900000035763E+0009   0.296652689711483993906E-0001   0.118382692806174255561E-0018   0.378962358196622573286E-0011  -0.624474131339055559332E-0028   0.210473998805849440430E+0002   0.366468431864078864971E-0015  -0.269031261913937385089E+0002   0.851183563064846104851E+0001
   0.220060123400000035763E+0009   0.296746282433239250143E-0001   0.118546008454710967997E-0018   0.362709963914329562120E-0011  -0.634372914825656381235E-0028   0.210486436858704806241E+0002   0.350132388290130967142E-0015  -0.269028097275755122553E+0002   0.851516720954493422369E+0001
   0.222594988000000029802E+0009   0.296836260974101887045E-0001   0.118694389144435130510E-0018   0.347208591011908507186E-0011  -0.567371167670100977789E-0028   0.210498872080653676164E+0002   0.362033435474142343087E-0015  -0.269024956161583332914E+0002   0.851848886712587116676E+0001
   0.225141108933333367109E+0009   0.296922782985363786779E-0001   0.118841815199969901992E-0018   0.332420477628210070934E-0011  -0.560886249182196533718E-0028   0.210511305340019738708E+0002   0.338222314206110529318E-0015  -0.269021837693486460807E+0002   0.852180085033798206950E+0001
