    0.194999999999999976717E+0007   0.194802176233349697704E-0002   0.841248392704520309559E-0021   0.194898360356330201030E+0008   0.131604406346932412563E-0010
    0.194999999999999976717E+0007   0.194791739980033472984E-0002   0.905459436708799919503E-0021   0.194898233635886497796E+0008   0.176309948051782287137E-0010
    0.194999999999999976717E+0007   0.194781043592627978872E-0002   0.103400687122776525188E-0020   0.194898109884061440825E+0008   0.226862896349303913479E-0010
    0.194999999999999976717E+0007   0.194770033929453551848E-0002   0.108067425526518806400E-0020   0.194897988197179995477E+0008   0.231574242135605017877E-0010
    0.194999999999999976717E+0007   0.194758595008380107003E-0002   0.897569268588371954997E-0021   0.194897863757261149585E+0008   0.209178700871353402313E-0010
    0.194999999999999976717E+0007   0.194746560546768142028E-0002   0.380636428776636330736E-0021   0.194897733849427811801E+0008   0.852530110176699376308E-0011
    0.194999999999999976717E+0007   0.194733720479757250327E-0002  -0.375096496938431445075E-0022   0.194897595707361511886E+0008   0.132678897868115876211E-0011
    0.194999999999999976717E+0007   0.194719817405372089963E-0002  -0.275295340727129127556E-0021   0.194897446327990256250E+0008  -0.573047767754093112831E-0012
    0.194999999999999976717E+0007   0.194704537364438377486E-0002  -0.252897248382295345451E-0021   0.194897282224195227027E+0008  -0.291995788984529735749E-0011
    0.194999999999999976717E+0007   0.194687495045558697782E-0002  -0.175012896715104008102E-0021   0.194897099224007874727E+0008  -0.190513786070410938021E-0011
    0.194999999999999976717E+0007   0.194668212693652892264E-0002   0.887160386672431672972E-0022   0.194896892229769341648E+0008   0.121588964065542855029E-0012
    0.194999999999999976717E+0007   0.194646090965683955451E-0002   0.164072753428619250171E-0021   0.194896654911558330059E+0008   0.488504374021516067510E-0011
    0.194999999999999976717E+0007   0.194620368921744231472E-0002   0.138595432129384687809E-0021   0.194896379301458522677E+0008   0.135349784053264829751E-0011
    0.194999999999999976717E+0007   0.194590068949466706363E-0002   0.189616137792005235481E-0021   0.194896055247779302299E+0008   0.441266281942073857711E-0011
    0.194999999999999976717E+0007   0.194553920491881394104E-0002   0.438830291475910995773E-0021   0.194895669673303589225E+0008   0.903520953539776688572E-0011
    0.194999999999999976717E+0007   0.194510253730741404163E-0002   0.357953704894355204476E-0021   0.194895205560326501727E+0008   0.753963502582311491396E-0011
    0.194999999999999976717E+0007   0.194456850613862908955E-0002   0.650364730903451329685E-0021   0.194894640556803271174E+0008   0.106706306475164008266E-0010
    0.194999999999999976717E+0007   0.194390735686279249837E-0002   0.773336140289485994761E-0021   0.194893945063994452357E+0008   0.166427545225554516048E-0010
    0.194999999999999976717E+0007   0.194307883657016057695E-0002   0.952570218098691011815E-0021   0.194893079656693935394E+0008   0.171533856982497211838E-0010
    0.194999999999999976717E+0007   0.194202817036082716479E-0002   0.678398751109045669849E-0021   0.194891991544605530798E+0008   0.156594557116115736396E-0010
    0.194999999999999976717E+0007   0.194068075298385969187E-0002   0.614827491325199175452E-0021   0.194890610328830927610E+0008   0.124370354628323540319E-0010
    0.194999999999999976717E+0007   0.193893579274028110895E-0002   0.224260737225899073606E-0021   0.194888843242022693157E+0008   0.600741404485391519714E-0011
    0.194999999999999976717E+0007   0.193666086013925906745E-0002   0.559979187579725325581E-0022   0.194886571719507090747E+0008   0.186133508933805248747E-0011
    0.194999999999999976717E+0007   0.193369303782131335585E-0002   0.575905191518985611561E-0022   0.194883655800725184381E+0008   0.227399509380556892628E-0011
    0.194999999999999976717E+0007   0.192986859650334059355E-0002  -0.306728569856695254599E-0022   0.194879959293866083026E+0008   0.430758019761426795491E-0011
    0.194999999999999976717E+0007   0.192510651299173936139E-0002   0.372770608391631439061E-0021   0.194875434331394284964E+0008   0.746032848118101898407E-0011
    0.194999999999999976717E+0007   0.191972162027293554581E-0002   0.313819931404115800019E-0021   0.194870264527070224285E+0008   0.784064716446182734447E-0011
    0.194999999999999976717E+0007   0.191435034516279764180E-0002   0.283142224864592961281E-0021   0.194864923991071507335E+0008   0.762940306640384935122E-0011
    0.194999999999999976717E+0007   0.190995896065849959239E-0002   0.272127036449384371524E-0021   0.194859968142075650394E+0008   0.683803282806749924643E-0011
    0.194999999999999976717E+0007   0.190639324980120569535E-0002   0.128954731554022319412E-0021   0.194855429955597408116E+0008   0.457022060576341790588E-0011
    0.194999999999999976717E+0007   0.190261759642802491706E-0002   0.168822382106072128419E-0021   0.194850407122218832374E+0008   0.269023231299687307632E-0011
    0.194999999999999976717E+0007   0.189637250789178083386E-0002   0.244750036853248931294E-0021   0.194843221042346842587E+0008   0.415543284500853634024E-0011
    0.194999999999999976717E+0007   0.188631775595349141308E-0002  -0.804918605186202027662E-0023   0.194831249679894447327E+0008   0.152451347835409613443E-0011
    0.194999999999999976717E+0007   0.186863217438345738906E-0002   0.154087069836128066259E-0021   0.194812807629254199564E+0008   0.175910148746708675115E-0011
    0.194999999999999976717E+0007   0.184547242603908196248E-0002   0.351476991050496950874E-0021   0.194739318987622447312E+0008  -0.135243734347199594789E-0010
    0.194999999999999976717E+0007   0.142580282304303898946E-0002   0.171753445780678713008E-0021   0.194481821205390542746E+0008   0.660862219332872517403E-0011
    0.440551889000000059605E+0008   0.424914956572503554888E-0001   0.386523696701599817874E-0018   0.194880482580213695765E+0008   0.272177474557729952775E-0009
    0.440551889000000059605E+0008   0.422318667944854564400E-0001   0.334651375557529649709E-0018   0.194876300192683786154E+0008   0.467642824219082897172E-0009
    0.440551889000000059605E+0008   0.420245391191813449927E-0001   0.570844959917327273862E-0018   0.194872331337590478361E+0008   0.729587331216156667871E-0009
    0.440551889000000059605E+0008   0.418463622169919363669E-0001   0.472877775744871885484E-0018   0.194868584190653897822E+0008   0.479517327455200053734E-0009
    0.440551889000000059605E+0008   0.416845092311045051225E-0001   0.317043650420704585282E-0018   0.194865022688303776085E+0008   0.223087874286957125481E-0009
    0.440551889000000059605E+0008   0.415307578808876975973E-0001   0.103650221815307728052E-0018   0.194861588213576935232E+0008   0.383963387719201303628E-0010
    0.440551889000000059605E+0008   0.413791818502731167939E-0001  -0.637448262741091922624E-0019   0.194858213767569884658E+0008  -0.594726458756234476806E-0010
    0.440551889000000059605E+0008   0.412251208764247492611E-0001  -0.541560615643472417719E-0019   0.194854829560757726431E+0008  -0.796392946855310398357E-0010
    0.440551889000000059605E+0008   0.410646159857966167039E-0001  -0.138497068079856681708E-0018   0.194851365445590764284E+0008   0.293836861833957141760E-0010
    0.440551889000000059605E+0008   0.408940678119127654089E-0001  -0.156479433899456365685E-0018   0.194847750998064763844E+0008  -0.193115528545913488607E-0009
    0.440551889000000059605E+0008   0.407100102642266037378E-0001  -0.134255197402496841438E-0018   0.194843914300455972552E+0008  -0.295608693324692859245E-0009
    0.440551889000000059605E+0008   0.405089506055879844393E-0001   0.507593004815458610278E-0019   0.194839779736671224236E+0008   0.139867683700775825683E-0009
    0.440551889000000059605E+0008   0.402872512616222755444E-0001   0.260459397659687434231E-0018   0.194835264931415133178E+0008   0.312492414447013917821E-0009
    0.440551889000000059605E+0008   0.400410417223424630606E-0001   0.146213114384921679063E-0018   0.194830276537598557770E+0008   0.184894080355834045788E-0009
    0.440551889000000059605E+0008   0.397661565747780068603E-0001   0.220237803570964419963E-0018   0.194824704483128376305E+0008   0.342629956788675287966E-0009
    0.440551889000000059605E+0008   0.394581026143927329763E-0001   0.210375377642558546038E-0018   0.194818413557718209922E+0008   0.233019573633373661339E-0009
    0.440551889000000059605E+0008   0.391120634183528270711E-0001   0.183134699973104947366E-0018   0.194811231129420101643E+0008  -0.446006503813729399324E-0010
    0.440551889000000059605E+0008   0.387229584313541347340E-0001   0.413940158495767022394E-0018   0.194802928440331891179E+0008   0.382097414672583422889E-0009
    0.440551889000000059605E+0008   0.382855833588608349127E-0001   0.369469553456225744732E-0018   0.194793191828986220062E+0008   0.445688528753341938838E-0009
    0.440551889000000059605E+0008   0.377948732334949383249E-0001   0.283765050788266507629E-0018   0.194781577904251925647E+0008   0.321592261439235959655E-0009
    0.440551889000000059605E+0008   0.372463485459971488378E-0001   0.947732377915749971328E-0019   0.194767443410732336342E+0008   0.425639126553519451241E-0009
    0.440551889000000059605E+0008   0.366368263770744939656E-0001   0.721527145836787804414E-0019   0.194749836061326563358E+0008   0.550885584893924155841E-0010
    0.440551889000000059605E+0008   0.359654885155200887414E-0001   0.201094995786094765365E-0018   0.194727329774181433022E+0008   0.712672790958155238247E-0011
    0.440551889000000059605E+0008   0.352353429600127387999E-0001   0.398021637108147800690E-0019   0.194697792235359139740E+0008   0.618059325451727779360E-0010
    0.440551889000000059605E+0008   0.344548345350411955312E-0001   0.118243486306269366325E-0020   0.194658145075234211981E+0008   0.781238524431904585272E-0010
    0.440551889000000059605E+0008   0.336383325649754205688E-0001   0.848421007068216558776E-0019   0.194604324697614796460E+0008   0.278006953156046482219E-0009
    0.440551889000000059605E+0008   0.328018191226744915134E-0001   0.156349183083567327727E-0018   0.194532820621060058475E+0008   0.175047455250599785391E-0009
    0.440551889000000059605E+0008   0.319443759518673944808E-0001   0.120907718585827500966E-0018   0.194444051509601250291E+0008   0.110821307271860569384E-0009
    0.440551889000000059605E+0008   0.310224660479746505715E-0001   0.104872744628074690908E-0018   0.194347053164388686419E+0008   0.179282884932441372480E-0009
    0.440551889000000059605E+0008   0.299264690074989361812E-0001   0.137739258692941432918E-0018   0.194258639756768383086E+0008   0.260253387763907735322E-0009
    0.440551889000000059605E+0008   0.285096850951882876957E-0001   0.921522325775176965983E-0019   0.194194101047476567328E+0008   0.124637213279540552781E-0009
    0.440551889000000059605E+0008   0.266377975576109968237E-0001  -0.316532848715292565553E-0019   0.194154044726312756538E+0008   0.921078185548950625875E-0010
    0.440551889000000059605E+0008   0.242252822366660139353E-0001   0.204363419144724640315E-0019   0.194121805911697633564E+0008   0.192330757463675485468E-0009
    0.440551889000000059605E+0008   0.211527739392198890767E-0001   0.738904036412951363748E-0019   0.194064706689850911498E+0008   0.454501432602097536827E-0010
    0.440551889000000059605E+0008   0.169380352372882174439E-0001   0.394940314839560355508E-0019   0.193979599289572760463E+0008   0.336917200968183238938E-0010
    0.440551889000000059605E+0008   0.996952669452918008308E-0002   0.274965068925841719807E-0019   0.193933634024103097618E+0008   0.266040711149057632765E-0009
    0.866462673000000268221E+0008   0.778731798660918794752E-0001   0.112569460634526733048E-0017   0.194979862223554737866E+0008   0.436265589470659502716E-0009
    0.866462673000000268221E+0008   0.764194448023888805999E-0001   0.816009389626904327759E-0018   0.194988218523943871260E+0008   0.408279668454201152129E-0009
    0.866462673000000268221E+0008   0.752308955582634830694E-0001   0.179057509934658457964E-0017   0.194992469739281311631E+0008   0.116052024075811441677E-0008
    0.866462673000000268221E+0008   0.742080908546434159234E-0001   0.160488475617656148500E-0017   0.194994466601486355066E+0008   0.129761212768516442684E-0008
    0.866462673000000268221E+0008   0.732937580229482410488E-0001   0.818644266934227247164E-0018   0.194995216003023125231E+0008   0.461280726082002809819E-0009
    0.866462673000000268221E+0008   0.724500206374770749918E-0001   0.240144283512162336067E-0018   0.194995311609414182603E+0008   0.100132346723333813558E-0010
    0.866462673000000268221E+0008   0.716492813122492910871E-0001  -0.179968654398515958534E-0018   0.194995120882579050958E+0008  -0.436686484973783298783E-0010
    0.866462673000000268221E+0008   0.708701980052462710002E-0001  -0.139730949909669201242E-0018   0.194994872632381729782E+0008   0.134905653633276035820E-0010
    0.866462673000000268221E+0008   0.700955078240098616860E-0001  -0.275964385099735301451E-0018   0.194994706074442677200E+0008  -0.237440546199778388179E-0009
    0.866462673000000268221E+0008   0.693107331867169745854E-0001  -0.460578462423689472569E-0018   0.194994699058556705713E+0008  -0.131338215553465377446E-0009
    0.866462673000000268221E+0008   0.685033496590214396882E-0001  -0.393622911994002672534E-0018   0.194994884246609024704E+0008  -0.545962902252328036116E-0011
    0.866462673000000268221E+0008   0.676622273290901354859E-0001   0.238106588495236758271E-0018   0.194995257150433808565E+0008   0.173192191829069689445E-0009
    0.866462673000000268221E+0008   0.667772505374051028593E-0001   0.824548242633854009659E-0018   0.194995778091628365219E+0008   0.324024633998617324692E-0009
    0.866462673000000268221E+0008   0.658390663640933404555E-0001   0.513697066060412664560E-0018   0.194996368791186735034E+0008   0.268053704725343964788E-0009
    0.866462673000000268221E+0008   0.648389362556932857817E-0001   0.573684243535322786528E-0018   0.194996903545131012797E+0008   0.221364535935515823381E-0009
    0.866462673000000268221E+0008   0.637686805355526797889E-0001   0.478362247246939218383E-0018   0.194997194103852547705E+0008   0.314984234676918067208E-0009
    0.866462673000000268221E+0008   0.626207173111538728527E-0001   0.447232938889805762314E-0018   0.194996966476992070675E+0008   0.435998576944300907498E-0009
    0.866462673000000268221E+0008   0.613882084509802944394E-0001   0.106898528734234115199E-0017   0.194995826646799482405E+0008   0.631261507090474143371E-0009
    0.866462673000000268221E+0008   0.600653379175454110728E-0001   0.112116864843329283901E-0017   0.194993210497083142400E+0008   0.102367218179148898774E-0008
    0.866462673000000268221E+0008   0.586477635579818329381E-0001   0.686895587562832344871E-0018   0.194988310701695121825E+0008   0.555189367312037420688E-0009
    0.866462673000000268221E+0008   0.571333020749692638285E-0001   0.381035869486515449063E-0018   0.194979969988184608519E+0008   0.264337858515145266475E-0009
    0.866462673000000268221E+0008   0.555229238135886704608E-0001   0.193104874200841759359E-0018   0.194966526382038295269E+0008   0.166324259773639134248E-0009
    0.866462673000000268221E+0008   0.538221267406637574049E-0001   0.384120381024318699990E-0018   0.194945596706316210330E+0008   0.374506105854551503492E-0009
    0.866462673000000268221E+0008   0.520426504721906574291E-0001   0.211421378319693813164E-0018   0.194913799304751716554E+0008   0.256576109233525239759E-0009
    0.866462673000000268221E+0008   0.502040675421280974122E-0001   0.977394920741001706494E-0019   0.194866528316319286823E+0008   0.273539613822002328670E-0009
    0.866462673000000268221E+0008   0.483333712519063013469E-0001   0.367996932470705014397E-0018   0.194798106783840954304E+0008   0.549357080910691188357E-0009
    0.866462673000000268221E+0008   0.464575503044769716476E-0001   0.227554214005984703535E-0018   0.194704205735613778234E+0008   0.115708636658736132423E-0009
    0.866462673000000268221E+0008   0.445770445323936531645E-0001   0.973752625130692126487E-0020   0.194586692413692623377E+0008  -0.125311390908089906941E-0009
    0.866462673000000268221E+0008   0.426312378259217361620E-0001   0.215132049814669212809E-0018   0.194459933377911336720E+0008   0.292863089831919507788E-0009
    0.866462673000000268221E+0008   0.404699742189956745975E-0001   0.383668789795652864618E-0018   0.194348982410859838128E+0008   0.474248804660487690838E-0009
    0.866462673000000268221E+0008   0.378990796032664944981E-0001   0.237658086769623484623E-0018   0.194276314504511877894E+0008   0.458742724889448707025E-0009
    0.866462673000000268221E+0008   0.347528713184387105795E-0001   0.229457760376592250240E-0019   0.194243981263121925294E+0008   0.249357807467165798938E-0009
    0.866462673000000268221E+0008   0.309492248189197974306E-0001   0.780181296817375168498E-0019   0.194231327621054910123E+0008   0.170255471333156987249E-0009
    0.866462673000000268221E+0008   0.263900888098892033584E-0001   0.965220155112879592493E-0019   0.194197485985346138477E+0008   0.188390919868267037689E-0009
    0.866462673000000268221E+0008   0.205620747894342814632E-0001   0.638005814359194134566E-0019   0.194155975422714091837E+0008   0.211462736002367043780E-0009
    0.866462673000000268221E+0008   0.118422928379205288918E-0001   0.479802135808604127203E-0019   0.194367231275328397751E+0008   0.260357840729223570933E-0009
    0.130370569300000041723E+0009   0.105604596081600624058E+0000   0.187442341639572807517E-0017   0.195298101704491861165E+0008   0.603166500254780952559E-0009
    0.130370569300000041723E+0009   0.101895948792382368131E+0000   0.159834237132652659667E-0017   0.195336775233253128827E+0008   0.778400281885120034941E-0009
    0.130370569300000041723E+0009   0.989053723583240840256E-0001   0.305242509715936174696E-0017   0.195359831706506572664E+0008   0.118290881395468337824E-0008
    0.130370569300000041723E+0009   0.963887471895563535673E-0001   0.267490141703621422999E-0017   0.195373748642237260938E+0008   0.937837587338168726535E-0009
    0.130370569300000041723E+0009   0.942030184739856557563E-0001   0.142575789844773688098E-0017   0.195382210911289900541E+0008   0.655093824759463258790E-0009
    0.130370569300000041723E+0009   0.922530128662854831401E-0001   0.382370265362467420339E-0018   0.195387470830932259560E+0008   0.395498379168530920932E-0009
    0.130370569300000041723E+0009   0.904699688890429620791E-0001  -0.156899209308309538100E-0018   0.195390951330630294979E+0008  -0.195454292902914429575E-0009
    0.130370569300000041723E+0009   0.888018528007504248656E-0001  -0.189147738152227305445E-0018   0.195393555235631316900E+0008  -0.185525807398964532630E-0009
    0.130370569300000041723E+0009   0.872080031498430607861E-0001  -0.450496918530143255034E-0018   0.195395846775985844433E+0008   0.189596516048961390876E-0009
    0.130370569300000041723E+0009   0.856558710770572717674E-0001  -0.640397385523650039538E-0018   0.195398162547057345510E+0008  -0.237659410477117200751E-0009
    0.130370569300000041723E+0009   0.841188798215876942788E-0001  -0.378511081711156771036E-0018   0.195400679934751652181E+0008  -0.119302536726507466387E-0009
    0.130370569300000041723E+0009   0.825749566818805569302E-0001   0.401826347849700250574E-0018   0.195403458154179230332E+0008   0.329344620281281191946E-0009
    0.130370569300000041723E+0009   0.810055028491311057692E-0001   0.105301078101819862110E-0017   0.195406460684011690319E+0008   0.380019950837680100242E-0009
    0.130370569300000041723E+0009   0.793946698436908543384E-0001   0.719384283942588940745E-0018   0.195409563997151441872E+0008   0.363657537497268137055E-0009
    0.130370569300000041723E+0009   0.777288657553751594076E-0001   0.738191986306818944704E-0018   0.195412555127410814166E+0008   0.467428009616632737509E-0009
    0.130370569300000041723E+0009   0.759964475760154523076E-0001   0.678116830361533690212E-0018   0.195415118770371600986E+0008   0.419339051468990027728E-0009
    0.130370569300000041723E+0009   0.741875788752924814062E-0001   0.807140162804776240480E-0018   0.195416813057221844792E+0008   0.861183517416905284425E-0009
    0.130370569300000041723E+0009   0.722942507937559264430E-0001   0.151387572663808322556E-0017   0.195417031486202515662E+0008   0.990878381537712024100E-0009
    0.130370569300000041723E+0009   0.703104823617260038526E-0001   0.161363559618956730705E-0017   0.195414946570450626314E+0008   0.746114973792718268863E-0009
    0.130370569300000041723E+0009   0.682327359012013245909E-0001   0.105280288584818274450E-0017   0.195409428189722895622E+0008   0.612789077552742158777E-0009
    0.130370569300000041723E+0009   0.660606044414388249297E-0001   0.560638371881194376253E-0018   0.195398926655261367559E+0008   0.531012696434098351929E-0009
    0.130370569300000041723E+0009   0.637978448169966572134E-0001   0.262248259177102771395E-0018   0.195381307850861251354E+0008   0.349741627521720559031E-0009
    0.130370569300000041723E+0009   0.614538162250426317490E-0001   0.510627672110008663350E-0018   0.195353631662949733436E+0008   0.439021403577235959455E-0009
    0.130370569300000041723E+0009   0.590452511278817676610E-0001   0.304249754920368340599E-0018   0.195311886784439682961E+0008   0.237718756424085948757E-0009
    0.130370569300000041723E+0009   0.565977944890863615690E-0001   0.195966987616430489680E-0018   0.195250828242592699826E+0008   0.237659732905618489403E-0009
    0.130370569300000041723E+0009   0.541451445887641269472E-0001   0.574633708076542725407E-0018   0.195164305461813285947E+0008   0.894894268552920511552E-0009
    0.130370569300000041723E+0009   0.517201687977085905468E-0001   0.254340934273409602361E-0018   0.195048210168512351811E+0008   0.152990277700854240237E-0009
    0.130370569300000041723E+0009   0.493246083572510887749E-0001  -0.443661747447939247042E-0020   0.194905929543401151896E+0008   0.951413595596624503835E-0010
    0.130370569300000041723E+0009   0.468908409294776507004E-0001   0.302392805233711749594E-0018   0.194755105019335225224E+0008   0.509946188749184696555E-0009
    0.130370569300000041723E+0009   0.442515028390455256169E-0001   0.470940201683007791685E-0018   0.194624592654187008739E+0008   0.476209656860646903445E-0009
    0.130370569300000041723E+0009   0.411934002536269300299E-0001   0.307531959361743827606E-0018   0.194539197758953608572E+0008   0.351530845347943356018E-0009
    0.130370569300000041723E+0009   0.375398193749097858207E-0001   0.694544398631395690006E-0019   0.194500038115250505507E+0008   0.380647257607867100407E-0009
    0.130370569300000041723E+0009   0.332125189522385066976E-0001   0.110855676123613707225E-0018   0.194483924527204073966E+0008   0.486506079623992975363E-0009
    0.130370569300000041723E+0009   0.281232181240796200172E-0001   0.110603658128439602368E-0018   0.194446195574961751699E+0008   0.141817759092642974871E-0009
    0.130370569300000041723E+0009   0.217407260844171418279E-0001   0.750892148349645099012E-0019   0.194410460107256248593E+0008   0.196256598589568913639E-0009
    0.130370569300000041723E+0009   0.124667261130875835912E-0001   0.583859766336346656506E-0019   0.194820188690742664039E+0008   0.393677272049890939735E-0009
    0.176151400466666698456E+0009   0.126156146934683743854E+0000   0.242962454761117467390E-0017   0.195837643474225178361E+0008   0.842353197188233473903E-0009
    0.176151400466666698456E+0009   0.119591051595634906279E+0000   0.237530910851358858544E-0017   0.195908062847895547748E+0008   0.810077954432517236543E-0009
    0.176151400466666698456E+0009   0.114417004184803494660E+0000   0.395394331224357932791E-0017   0.195944145116728022695E+0008   0.112768707265877049252E-0008
    0.176151400466666698456E+0009   0.110183123601741983499E+0000   0.342287132435205919554E-0017   0.195960075868707820773E+0008   0.959265566523724311759E-0009
    0.176151400466666698456E+0009   0.106618582726532573624E+0000   0.198029157257875515607E-0017   0.195964374166850410402E+0008   0.117684337147127923143E-0008
    0.176151400466666698456E+0009   0.103540863093743162882E+0000   0.560152686461455949960E-0018   0.195962327756326794624E+0008   0.167222010897854952215E-0009
    0.176151400466666698456E+0009   0.100818398413425852622E+0000  -0.134589469539608001585E-0018   0.195957187764182873070E+0008   0.198259375764084829672E-0009
    0.176151400466666698456E+0009   0.983530661803937167331E-0001  -0.237554517304212468598E-0018   0.195950892387403510511E+0008   0.233775794971615738625E-0009
    0.176151400466666698456E+0009   0.960700001401717240679E-0001  -0.500772200221702480271E-0018   0.195944541462918892503E+0008  -0.395513166494553340656E-0009
    0.176151400466666698456E+0009   0.939110740834222523787E-0001  -0.721209936104839327775E-0018   0.195938704341680668294E+0008  -0.123147982233667712380E-0009
    0.176151400466666698456E+0009   0.918304678530370149803E-0001  -0.396029166090036258530E-0018   0.195933613598359376192E+0008   0.445902689925402378694E-0010
    0.176151400466666698456E+0009   0.897915589402343561343E-0001   0.467330461809228812273E-0018   0.195929282116874344647E+0008   0.759543990317257043857E-0010
    0.176151400466666698456E+0009   0.877647111826755643715E-0001   0.119870344339493123027E-0017   0.195925569721554592252E+0008   0.482811847551432663712E-0009
    0.176151400466666698456E+0009   0.857256973356377710571E-0001   0.894379059665806066382E-0018   0.195922216313638947904E+0008   0.597684823130013298546E-0009
    0.176151400466666698456E+0009   0.836545860049671963221E-0001   0.907879741870596804514E-0018   0.195918851785450205207E+0008   0.586961352242915661880E-0009
    0.176151400466666698456E+0009   0.815349838620954281421E-0001   0.824268348967781902128E-0018   0.195914988147977963090E+0008   0.537386908633903907754E-0009
    0.176151400466666698456E+0009   0.793535665541831858327E-0001   0.101699064901786270383E-0017   0.195909995816624425352E+0008   0.919113142018215302969E-0009
    0.176151400466666698456E+0009   0.770998644777443620235E-0001   0.176045592477636099223E-0017   0.195903063191069550812E+0008   0.114614762425999459245E-0008
    0.176151400466666698456E+0009   0.747662976819071511958E-0001   0.179993911253347426249E-0017   0.195893136133530624211E+0008   0.825081898672344401765E-0009
    0.176151400466666698456E+0009   0.723484810384089904733E-0001   0.122058260554400156364E-0017   0.195878831257530264556E+0008   0.861596118066325200242E-0009
    0.176151400466666698456E+0009   0.698458467919392811396E-0001   0.695849714205916526882E-0018   0.195858314378887563944E+0008   0.891724214821342488657E-0009
    0.176151400466666698456E+0009   0.672626505398486451703E-0001   0.322363179999701928621E-0018   0.195829134128505364060E+0008   0.440069483547826007274E-0009
    0.176151400466666698456E+0009   0.646094108294143765203E-0001   0.584370851767188254853E-0018   0.195788007620313987136E+0008   0.503123678552692494589E-0009
    0.176151400466666698456E+0009   0.619046880694615747620E-0001   0.355803747571256031884E-0018   0.195730582888962998986E+0008   0.583588963876582630720E-0009
    0.176151400466666698456E+0009   0.591765841810056314465E-0001   0.231327953277610619107E-0018   0.195651351251130551100E+0008   0.330243947291892882655E-0009
    0.176151400466666698456E+0009   0.564616469040128410306E-0001   0.678715472358793957360E-0018   0.195544134827921688557E+0008   0.887182929578415152683E-0009
    0.176151400466666698456E+0009   0.537952374728130830461E-0001   0.283732613088807182643E-0018   0.195405416160586215556E+0008   0.270056431073890865131E-0009
    0.176151400466666698456E+0009   0.511792796803184693588E-0001   0.111395567986797096096E-0019   0.195240041327658183873E+0008   0.304959866438370892278E-0009
    0.176151400466666698456E+0009   0.485422598054772169718E-0001   0.351763674640874620056E-0018   0.195068017719478681684E+0008   0.633096919977591518016E-0009
    0.176151400466666698456E+0009   0.457080268329772762548E-0001   0.505730139684512439084E-0018   0.194920209623993970454E+0008   0.514131000247105287961E-0009
    0.176151400466666698456E+0009   0.424543866881738479746E-0001   0.336070308790552844336E-0018   0.194822009191006980836E+0008   0.525325334450637184410E-0009
    0.176151400466666698456E+0009   0.386000573511506295254E-0001   0.990655010782010709506E-0019   0.194773001802883222699E+0008   0.692556527276015231835E-0009
    0.176151400466666698456E+0009   0.340694537976841405058E-0001   0.132086807609370069057E-0018   0.194748369894678890705E+0008   0.524593913477022468906E-0009
    0.176151400466666698456E+0009   0.287789423763960827696E-0001   0.113912784147337492389E-0018   0.194701732491099350154E+0008  -0.795478551087534468553E-0011
    0.176151400466666698456E+0009   0.221861044879231236737E-0001   0.787686704314051497921E-0019   0.194662842757378891110E+0008   0.179571766358899610607E-0009
    0.176151400466666698456E+0009   0.127153805340165688975E-0001   0.639032143779167701815E-0019   0.195257626059432215989E+0008   0.453783839823199090377E-0009
    0.225141108933333367109E+0009   0.141421056643953158005E+0000   0.303348047042900004270E-0017   0.196534367752837650478E+0008   0.492390348597940649498E-0009
    0.225141108933333367109E+0009   0.131858918144141745721E+0000   0.306137728685002987663E-0017   0.196625202956256791949E+0008   0.911601430017407185021E-0009
    0.225141108933333367109E+0009   0.124496441819978292953E+0000   0.454304484119497277428E-0017   0.196658657193028703332E+0008   0.145045725688962591612E-0008
    0.225141108933333367109E+0009   0.118633045738559594895E+0000   0.394215409491579171071E-0017   0.196658868358330689371E+0008   0.141799489597752541452E-0008
    0.225141108933333367109E+0009   0.113837229561581598780E+0000   0.237244774504724155714E-0017   0.196641311197152361274E+0008   0.109435313397426570011E-0008
    0.225141108933333367109E+0009   0.109814545704040311680E+0000   0.638506391762349451687E-0018   0.196615706658637374640E+0008   0.164666539015351138367E-0009
    0.225141108933333367109E+0009   0.106353619140625563211E+0000  -0.518086998596782285838E-0019   0.196587754121524207294E+0008   0.320063435936284368509E-0009
    0.225141108933333367109E+0009   0.103299442236437943876E+0000  -0.187417297952879474209E-0018   0.196560502238139621913E+0008   0.204225040138800630475E-0009
    0.225141108933333367109E+0009   0.100536668669211473603E+0000  -0.543185728416913400798E-0018   0.196535375623190961778E+0008  -0.273340910509555928353E-0010
    0.225141108933333367109E+0009   0.979783186379838411106E-0001  -0.755661654874396680567E-0018   0.196512862098747827113E+0008   0.863713737601483698460E-0010
    0.225141108933333367109E+0009   0.955578944083444181690E-0001  -0.390724448198712085264E-0018   0.196492931440848112106E+0008   0.128651878381612099697E-0009
    0.225141108933333367109E+0009   0.932238385282723180936E-0001   0.482400500173020131371E-0018   0.196475272157556228340E+0008   0.163412683860269632460E-0009
    0.225141108933333367109E+0009   0.909356326642613288502E-0001   0.127689956177034260692E-0017   0.196459415281987749040E+0008   0.534204225123746300754E-0009
    0.225141108933333367109E+0009   0.886610547009828442455E-0001   0.100252663059120011886E-0017   0.196444790701190419495E+0008   0.704923814941663726177E-0009
    0.225141108933333367109E+0009   0.863742623274593446236E-0001   0.100354827162348479455E-0017   0.196430742956088073552E+0008   0.752076500527831986161E-0009
    0.225141108933333367109E+0009   0.840544799319928315207E-0001   0.899182794701005170898E-0018   0.196416520947788543999E+0008   0.593261706287291062546E-0009
    0.225141108933333367109E+0009   0.816851443852318614969E-0001   0.113473432293060211872E-0017   0.196401248098774701357E+0008   0.117883936372709083878E-0008
    0.225141108933333367109E+0009   0.792534236966642713362E-0001   0.188482416794932335513E-0017   0.196383874394883774221E+0008   0.126230685860009486428E-0008
    0.225141108933333367109E+0009   0.767500681877727741753E-0001   0.189429984579013377084E-0017   0.196363108126798532903E+0008   0.924612234819142443338E-0009
    0.225141108933333367109E+0009   0.741695924710651099954E-0001   0.131436592853658268000E-0017   0.196337322205136977136E+0008   0.117761310400329999881E-0008
    0.225141108933333367109E+0009   0.715108202080519117505E-0001   0.774162352590265763435E-0018   0.196304427815668433905E+0008   0.112924611582967411319E-0008
    0.225141108933333367109E+0009   0.687778470013173104380E-0001   0.358971286932083138206E-0018   0.196261708207537792623E+0008   0.541922607906454436265E-0009
    0.225141108933333367109E+0009   0.659814619403926994057E-0001   0.621738861456737587626E-0018   0.196205615319326408207E+0008   0.587348632897569163834E-0009
    0.225141108933333367109E+0009   0.631409189535783316183E-0001   0.388908412465507193858E-0018   0.196131565219274908304E+0008   0.530248617598632083460E-0009
    0.225141108933333367109E+0009   0.602854081077772580022E-0001   0.251516999480065987327E-0018   0.196033929190267473459E+0008   0.544669406030542633719E-0009
    0.225141108933333367109E+0009   0.574528280879335884190E-0001   0.723307490530041872683E-0018   0.195906672792153023183E+0008   0.977884726621344925978E-0009
    0.225141108933333367109E+0009   0.546797477398737186149E-0001   0.298283170178750865916E-0018   0.195747002957005724311E+0008   0.412673276206717125976E-0009
    0.225141108933333367109E+0009   0.519680574603330822092E-0001   0.243726903796411062315E-0019   0.195561148874990902841E+0008   0.321394822830452079036E-0009
    0.225141108933333367109E+0009   0.492440662554333996592E-0001   0.375224658403918435162E-0018   0.195371028993460424244E+0008   0.683702980057892577462E-0009
    0.225141108933333367109E+0009   0.463268845549526797623E-0001   0.521485825934936070715E-0018   0.195208667347733080387E+0008   0.660262274989424965564E-0009
    0.225141108933333367109E+0009   0.429897888046284482044E-0001   0.352094517044593133783E-0018   0.195099312949523776770E+0008   0.697702037149832017704E-0009
    0.225141108933333367109E+0009   0.390495756107095276510E-0001   0.116772089423968478409E-0018   0.195040869922254458070E+0008   0.768708192405338265930E-0009
    0.225141108933333367109E+0009   0.344325743230030067998E-0001   0.142810141250476209930E-0018   0.195007427104435972869E+0008   0.674044290478360061419E-0009
    0.225141108933333367109E+0009   0.290577737333658769892E-0001   0.114318229169126567608E-0018   0.194951939234623834491E+0008  -0.135210614608139621400E-0011
    0.225141108933333367109E+0009   0.223758167812213373815E-0001   0.805775957554124836884E-0019   0.194907800393395908177E+0008   0.128167550939725956371E-0009
    0.225141108933333367109E+0009   0.128285401987276864721E-0001   0.668315495132850132127E-0019   0.195687221393842473626E+0008   0.564128854272026117486E-0009
