   0.650000000000000022204E-0001   0.650006274115999434773E-0010   0.471525744883552458100E-0018   0.100001884889878052163E-0008  -0.145084844579554595381E-0016   0.132730800289785655366E+0002   0.187752032467416930265E-0006  -0.250000000000000000000E+0002   0.814612803567823462458E+0001
   0.983333333333333281523E-0001   0.983347464817901305613E-0010   0.106105766284761121538E-0017   0.100002840270754807013E-0008  -0.212263233254730259172E-0016   0.132730895825616155292E+0002   0.282735780487465443551E-0006  -0.250000000000000000000E+0002   0.814612803567823107187E+0001
   0.131666666666666654084E+0000   0.131669187562249963754E-0009   0.189164479416410364662E-0017   0.100003806376283678345E-0008  -0.285331934739309737286E-0016   0.132730992432958352367E+0002   0.378664724012573900690E-0006  -0.250000000000000000000E+0002   0.814612803567822751916E+0001
   0.164999999999999980016E+0000   0.165003950743786968811E-0009   0.296306134177880838904E-0017   0.100004772974900723764E-0008  -0.357551724678655978921E-0016   0.132731089088673748222E+0002   0.474527058954239124724E-0006  -0.250000000000000000000E+0002   0.814612803567822219009E+0001
   0.198333333333333305948E+0000   0.198339036222112156209E-0009   0.427517378123944217386E-0017   0.100005740248340543056E-0008  -0.429740292559275296052E-0016   0.132731185810933318692E+0002   0.570345474263768033443E-0006  -0.250000000000000000000E+0002   0.814612803567821686102E+0001
   0.231666666666666631880E+0000   0.231674444251504723657E-0009   0.582790375271608094497E-0017   0.100006708366906430817E-0008  -0.501913641898888300653E-0016   0.132731282616764243443E+0002   0.666141280850864069694E-0006  -0.250000000000000000000E+0002   0.814612803567820975559E+0001
   0.264999999999999957812E+0000   0.265010175141198595134E-0009   0.762122477441494976006E-0017   0.100007677490576523719E-0008  -0.574086841509842797972E-0016   0.132731379522160768403E+0002   0.761934539604933667764E-0006  -0.250000000000000000000E+0002   0.814612803567820087380E+0001
   0.298333333333333283743E+0000   0.298346229252114695582E-0009   0.965515925806502068664E-0017   0.100008647769985725946E-0008  -0.646274110361955708923E-0016   0.132731476542182083023E+0002   0.857744175228888638261E-0006  -0.250000000000000000000E+0002   0.814612803567819199202E+0001
   0.331666666666666609675E+0000   0.331682606993900419790E-0009   0.119297757933874269836E-0016   0.100009619347293359608E-0008  -0.718488893271923561711E-0016   0.132731573691039503871E+0002   0.953588077694070989808E-0006  -0.250000000000000000000E+0002   0.814612803567818311024E+0001
   0.364999999999999935607E+0000   0.365019308822241243709E-0009   0.144451866729617120570E-0016   0.100010592356955503287E-0008  -0.790743928760173977673E-0016   0.132731670982173408646E+0002   0.104948319300387431565E-0005  -0.250000000000000000000E+0002   0.814612803567817245209E+0001
   0.398333333333333261539E+0000   0.398356335236415526861E-0009   0.172015456318185746811E-0016   0.100011566926417735114E-0008  -0.863051309554084296698E-0016   0.132731768428322638442E+0002   0.114544560415858332632E-0005  -0.250000000000000000000E+0002   0.814612803567816001760E+0001
   0.431666666666666587471E+0000   0.431693686777065053791E-0009   0.201990457789206474233E-0016   0.100012543176723668871E-0008  -0.935422536765050104727E-0016   0.132731866041585657712E+0002   0.124149060439304541846E-0005  -0.250000000000000000000E+0002   0.814612803567814580674E+0001
   0.464999999999999913403E+0000   0.465031364024159601076E-0009   0.234379177028004021833E-0016   0.100013521223074293520E-0008  -0.100786856924385952419E-0015   0.132731963833475887782E+0002   0.133763276217637762547E-0005  -0.250000000000000000000E+0002   0.814612803567813337224E+0001
   0.498333333333333239334E+0000   0.498369367595135212259E-0009   0.269184277315258759291E-0016   0.100014501175313342103E-0008  -0.108039986724079893144E-0015   0.132732061814971107339E+0002   0.143388598027290629924E-0005  -0.250000000000000000000E+0002   0.814612803567811738503E+0001
   0.531666666666666620777E+0000   0.531707698143187672548E-0009   0.306408763331793054377E-0016   0.100015483138378353338E-0008  -0.115302643224742130636E-0015   0.132732159996557683712E+0002   0.153026354889609955287E-0005  -0.250000000000000000000E+0002   0.814612803567810139782E+0001
   0.564999999999999946709E+0000   0.565046356355707276298E-0009   0.346055966429123153215E-0016   0.100016467212699558781E-0008  -0.122575784292350581156E-0015   0.132732258388271180394E+0002   0.162677819375580857980E-0005  -0.250000000000000000000E+0002   0.814612803567808541061E+0001
   0.598333333333333272641E+0000   0.598385342952839739545E-0009   0.388129531045330167320E-0016   0.100017453494560823093E-0008  -0.129860328764179916681E-0015   0.132732356999732044045E+0002   0.172344211957117855251E-0005  -0.250000000000000000000E+0002   0.814612803567806587068E+0001
   0.631666666666666598573E+0000   0.631724658686161573649E-0009   0.432633402159197859850E-0016   0.100018442076426669891E-0008  -0.137157159402321618511E-0015   0.132732455840178502626E+0002   0.182026704955055402087E-0005  -0.250000000000000000000E+0002   0.814612803567804810712E+0001
   0.664999999999999924505E+0000   0.665064304337459166714E-0009   0.479571813687313589299E-0016   0.100019433047238991437E-0008  -0.144467125579003624416E-0015   0.132732554918496230556E+0002   0.191726426127730217779E-0005  -0.250000000000000000000E+0002   0.814612803567802679083E+0001
   0.698333333333333250437E+0000   0.698404280717601129612E-0009   0.528949277739109598532E-0016   0.100020426492688033004E-0008  -0.151791045722350101228E-0015   0.132732654243245509207E+0002   0.201444461938727733806E-0005  -0.250000000000000000000E+0002   0.814612803567800547455E+0001
   0.731666666666666576369E+0000   0.731744588665498116368E-0009   0.580770574653888622259E-0016   0.100021422495456018248E-0008  -0.159129709547935258445E-0015   0.132732753822685278777E+0002   0.211181860537715527891E-0005  -0.250000000000000000000E+0002   0.814612803567798415827E+0001
   0.764999999999999902300E+0000   0.765085229047138745153E-0009   0.635040743751830674894E-0016   0.100022421135440508650E-0008  -0.166483880098328935186E-0015   0.132732853664796000004E+0002   0.220939634484243763179E-0005  -0.250000000000000000000E+0002   0.814612803567796106563E+0001
   0.798333333333333228232E+0000   0.798426202754697277201E-0009   0.691765074738015444489E-0016   0.100023422489961095275E-0008  -0.173854295610337857029E-0015   0.132732953777299869103E+0002   0.230718763240862620505E-0005  -0.250000000000000000000E+0002   0.814612803567793619663E+0001
   0.831666666666666554164E+0000   0.831767510705706539590E-0009   0.750949099704682346161E-0016   0.100024426633943301700E-0008  -0.181241671227265578425E-0015   0.132733054167679540569E+0002   0.240520195458894747259E-0005  -0.250000000000000000000E+0002   0.814612803567791132764E+0001
   0.864999999999999880096E+0000   0.865109153842290094843E-0009   0.812598585682457585223E-0016   0.100025433640091299326E-0008  -0.188646700571616274969E-0015   0.132733154843195197969E+0002   0.250344851077444141170E-0005  -0.250000000000000000000E+0002   0.814612803567788468229E+0001
   0.898333333333333206028E+0000   0.898451133130448901042E-0009   0.876719527695255288140E-0016   0.100026443579045960912E-0008  -0.196070057186669170272E-0015   0.132733255810900345750E+0002   0.260193623250581690222E-0005  -0.250000000000000000000E+0002   0.814612803567785803693E+0001
   0.931666666666666531960E+0000   0.931793449559399360550E-0009   0.943318142282325298245E-0016   0.100027456519528686608E-0008  -0.203512395888227984659E-0015   0.132733357077656553002E+0002   0.270067380136261350732E-0005  -0.250000000000000000000E+0002   0.814612803567782961522E+0001
   0.964999999999999857891E+0000   0.965136104140955726277E-0009   0.101240086144483189103E-0015   0.100028472528475014299E-0008  -0.210974353964760093959E-0015   0.132733458650146207702E+0002   0.279966966522888612094E-0005  -0.250000000000000000000E+0002   0.814612803567779941716E+0001
   0.998333333333333183823E+0000   0.998479097908956865525E-0009   0.108397432699131137800E-0015   0.100029491671157311173E-0008  -0.218456552345863613211E-0015   0.132733560534885377535E+0002   0.289893205358729412030E-0005  -0.250000000000000000000E+0002   0.814612803567776921909E+0001
   0.103166666666666650976E+0001   0.103182243191873138432E-0008   0.115804538524599118229E-0015   0.100030514011298552412E-0008  -0.225959596627752257995E-0015   0.132733662738234858836E+0002   0.299846899144193099776E-0005  -0.250000000000000000000E+0002   0.814612803567773902103E+0001
   0.106499999999999994671E+0001   0.106516610724659945788E-0008   0.123462108209651730481E-0015   0.100031539611178034873E-0008  -0.233484078061263149803E-0015   0.132733765266410852490E+0002   0.309828831234739786096E-0005  -0.250000000000000000000E+0002   0.814612803567770527025E+0001
   0.109833333333333338366E+0001   0.109851012498940836871E-0008   0.131370865835547808612E-0015   0.100032568531727805674E-0008  -0.241030574453474590120E-0015   0.132733868125494449686E+0002   0.319839767046405458846E-0005  -0.250000000000000000000E+0002   0.814612803567767151947E+0001
   0.113166666666666682062E+0001   0.113185448626409906398E-0008   0.139531554541328844334E-0015   0.100033600832623590015E-0008  -0.248599651008006859649E-0015   0.132733971321441117652E+0002   0.329880455175756442078E-0005  -0.250000000000000000000E+0002   0.814612803567763776869E+0001
   0.116500000000000025757E+0001   0.116519919220730166416E-0008   0.147944936115729457136E-0015   0.100034636572367984873E-0008  -0.256191861078912229346E-0015   0.132734074860088728798E+0002   0.339951628417151867600E-0005  -0.250000000000000000000E+0002   0.814612803567760046519E+0001
   0.119833333333333369453E+0001   0.119854424397495868229E-0008   0.156611790615910515690E-0015   0.100035675808370695520E-0008  -0.263807747013931572145E-0015   0.132734178747165341150E+0002   0.350054004829109112368E-0005  -0.250000000000000000000E+0002   0.814612803567756493806E+0001
   0.123166666666666713148E+0001   0.123188964274197305861E-0008   0.165532916007860715249E-0015   0.100036718597019921210E-0008  -0.271447840651394100070E-0015   0.132734282988297014327E+0002   0.360188288496491234176E-0005  -0.250000000000000000000E+0002   0.814612803567752585820E+0001
   0.126500000000000056843E+0001   0.126523538970187873589E-0008   0.174709127829177941713E-0015   0.100037764993748860502E-0008  -0.279112664089040660119E-0015   0.132734387589013795861E+0002   0.370355170470795662960E-0005  -0.250000000000000000000E+0002   0.814612803567748677835E+0001
   0.129833333333333400539E+0001   0.129858148606653377541E-0008   0.184141258872827655110E-0015   0.100038815053101554832E-0008  -0.286802730234356570360E-0015   0.132734492554756684513E+0002   0.380555329534934827856E-0005  -0.250000000000000000000E+0002   0.814612803567744769850E+0001
   0.133166666666666744234E+0001   0.133192793306583456609E-0008   0.193830158889799397480E-0015   0.100039868828791163392E-0008  -0.294518543362406917662E-0015   0.132734597890883332383E+0002   0.390789432941712853721E-0005  -0.250000000000000000000E+0002   0.814612803567740684230E+0001
   0.136500000000000087930E+0001   0.136527473194744699075E-0008   0.203776694309694380312E-0015   0.100040926373754184818E-0008  -0.302260599635432957038E-0015   0.132734703602673604905E+0002   0.401058137106625540091E-0005  -0.250000000000000000000E+0002   0.814612803567736420973E+0001
   0.139833333333333431625E+0001   0.139862188397655827196E-0008   0.213981747978146944614E-0015   0.100041987740204244607E-0008  -0.310029387590990759539E-0015   0.132734809695334678992E+0002   0.411362088257058260404E-0005  -0.250000000000000000000E+0002   0.814612803567731980081E+0001
   0.143166666666666775320E+0001   0.143196939043564350027E-0008   0.224446218910029229497E-0015   0.100043052979679389172E-0008  -0.317825388599873874378E-0015   0.132734916174006016831E+0002   0.421701923041788382111E-0005  -0.250000000000000000000E+0002   0.814612803567727539189E+0001
   0.146500000000000119016E+0001   0.146531725262424870615E-0008   0.235171022057483590815E-0015   0.100044122143089731441E-0008  -0.325649077296579736554E-0015   0.132735023043764019945E+0002   0.432078269103821832804E-0005  -0.250000000000000000000E+0002   0.814612803567723098297E+0001
   0.149833333333333462711E+0001   0.149866547185878778710E-0008   0.246157088091898333508E-0015   0.100045195280758127469E-0008  -0.333500921984325400214E-0015   0.132735130309626168099E+0002   0.442491745615357510350E-0005  -0.250000000000000000000E+0002   0.814612803567718302133E+0001
   0.153166666666666806407E+0001   0.153201404947235515129E-0008   0.257405363198912196717E-0015   0.100046272442461535464E-0008  -0.341381385013676910117E-0015   0.132735237976555087158E+0002   0.452942963800547642345E-0005  -0.250000000000000000000E+0002   0.814612803567713505970E+0001
   0.156500000000000150102E+0001   0.156536298681455014842E-0008   0.268916808886162245855E-0015   0.100047353677468735224E-0008  -0.349290923153243669163E-0015   0.132735346049462421547E+0002   0.463432527387776110487E-0005  -0.250000000000000000000E+0002   0.814612803567708709807E+0001
   0.159833333333333493798E+0001   0.159871228525131225403E-0008   0.280692401802054715339E-0015   0.100048439034578461167E-0008  -0.357229987910231919318E-0015   0.132735454533212386963E+0002   0.473961033093128255032E-0005  -0.250000000000000000000E+0002   0.814612803567703558372E+0001
   0.163166666666666837493E+0001   0.163206194616477217694E-0008   0.292733133566337259753E-0015   0.100049528562148808595E-0008  -0.365199025874146507640E-0015   0.132735563432625145452E+0002   0.484529071019932250250E-0005  -0.250000000000000000000E+0002   0.814612803567698584573E+0001
   0.166500000000000181188E+0001   0.166541197095310917067E-0008   0.305040010610421525810E-0015   0.100050622308134208673E-0008  -0.373198479000702961446E-0015   0.132735672752480002856E+0002   0.495137225046472172999E-0005  -0.250000000000000000000E+0002   0.814612803567693255502E+0001
   0.169833333333333524884E+0001   0.169876236103042323395E-0008   0.317614054027169343463E-0015   0.100051720320112146361E-0008  -0.381228784887372954024E-0015   0.132735782497518464140E+0002   0.505786073290297752501E-0005  -0.250000000000000000000E+0002   0.814612803567687926432E+0001
   0.173166666666666868579E+0001   0.173211311782661144728E-0008   0.330456299432049755319E-0015   0.100052822645312153095E-0008  -0.389290377105654046332E-0015   0.132735892672447075569E+0002   0.516476188372631888165E-0005  -0.250000000000000000000E+0002   0.814612803567682419725E+0001
   0.176500000000000212275E+0001   0.176546424278725961223E-0008   0.343567796830736306484E-0015   0.100053929330644944220E-0008  -0.397383685388109889523E-0015   0.132736003281940089238E+0002   0.527208137800561232753E-0005  -0.250000000000000000000E+0002   0.814612803567676913019E+0001
   0.179833333333333555970E+0001   0.179881573737353968109E-0008   0.356949610496065204428E-0015   0.100055040422725910927E-0008  -0.405509135901893642942E-0015   0.132736114330642056558E+0002   0.537982484292050526942E-0005  -0.250000000000000000000E+0002   0.814612803567671051042E+0001
   0.183166666666666899665E+0001   0.183216760306211339027E-0008   0.370602818852951310448E-0015   0.100056155967901217794E-0008  -0.413667151481107249583E-0015   0.132736225823170332916E+0002   0.548799786111011723196E-0005  -0.250000000000000000000E+0002   0.814612803567665366700E+0001
   0.186500000000000243361E+0001   0.186551984134504995589E-0008   0.384528514371517898786E-0015   0.100057276012270136669E-0008  -0.421858151866976252354E-0015   0.132736337764117315885E+0002   0.559660597301818694440E-0005  -0.250000000000000000000E+0002   0.814612803567659327086E+0001
   0.189833333333333587056E+0001   0.189887245372974418283E-0008   0.398727803465960152628E-0015   0.100058400601705002394E-0008  -0.430082553874949417162E-0015   0.132736450158052594617E+0002   0.570565468020347106901E-0005  -0.250000000000000000000E+0002   0.814612803567653287473E+0001
   0.193166666666666930752E+0001   0.193222544173884656805E-0008   0.413201806401539548064E-0015   0.100059529781877951428E-0008  -0.438340771632866341907E-0015   0.132736563009525241341E+0002   0.581514944756697329024E-0005  -0.250000000000000000000E+0002   0.814612803567647070224E+0001
   0.196500000000000274447E+0001   0.196557880691019960761E-0008   0.427951657207032816776E-0015   0.100060663598273122755E-0008  -0.446633216740205004640E-0015   0.132736676323065534433E+0002   0.592509570631402107227E-0005  -0.250000000000000000000E+0002   0.814612803567640852975E+0001
   0.199833333333333618143E+0001   0.199893255079677741254E-0008   0.442978503594427828732E-0015   0.100061802096212073007E-0008  -0.454960298479394230061E-0015   0.132736790103187018985E+0002   0.603549885615492417166E-0005  -0.250000000000000000000E+0002   0.814612803567634458091E+0001
   0.203166666666666939634E+0001   0.203228667496663566435E-0008   0.458283506884196228447E-0015   0.100062945320869017273E-0008  -0.463322423984357322494E-0015   0.132736904354388354221E+0002   0.614636426766677862699E-0005  -0.250000000000000000000E+0002   0.814612803567627885570E+0001
   0.206500000000000261124E+0001   0.206564118100286529300E-0008   0.473867841936022967249E-0015   0.100064093317287910373E-0008  -0.471719998389679697303E-0015   0.132737019081155001032E+0002   0.625769728420150672839E-0005  -0.250000000000000000000E+0002   0.814612803567621313050E+0001
   0.209833333333333582615E+0001   0.209899607050355111778E-0008   0.489732697084573501287E-0015   0.100065246130401885605E-0008  -0.480153424988752911242E-0015   0.132737134287960767409E+0002   0.636950322453547517940E-0005  -0.250000000000000000000E+0002   0.814612803567614562894E+0001
   0.213166666666666904106E+0001   0.213235134508173834658E-0008   0.505879274081614228753E-0015   0.100066403805044090810E-0008  -0.488623105415062984306E-0015   0.132737249979269531508E+0002   0.648178738449691559218E-0005  -0.250000000000000000000E+0002   0.814612803567607635102E+0001
   0.216500000000000225597E+0001   0.216570700636540197015E-0008   0.522308788042170317206E-0015   0.100067566385967106438E-0008  -0.497129439761452363527E-0015   0.132737366159536627208E+0002   0.659455503899773460527E-0005  -0.250000000000000000000E+0002   0.814612803567600707311E+0001
   0.219833333333333547088E+0001   0.219906305599742194667E-0008   0.539022467395691663675E-0015   0.100068733917856676745E-0008  -0.505672826727179865969E-0015   0.132737482833210496125E+0002   0.670781144388505421453E-0005  -0.250000000000000000000E+0002   0.814612803567593601883E+0001
   0.223166666666666868579E+0001   0.223241949563556293589E-0008   0.556021553841783696980E-0015   0.100069906445343869348E-0008  -0.514253663751902984233E-0015   0.132737600004733913295E+0002   0.682156183771674783751E-0005  -0.250000000000000000000E+0002   0.814612803567586318820E+0001
   0.226500000000000190070E+0001   0.226577632695245899624E-0008   0.573307302310317442772E-0015   0.100071084013020316031E-0008  -0.522872347144367428337E-0015   0.132737717678545301681E+0002   0.693581144346598315855E-0005  -0.250000000000000000000E+0002   0.814612803567579035757E+0001
   0.229833333333333511561E+0001   0.229913355163560283149E-0008   0.590880980925749048963E-0015   0.100072266665450620447E-0008  -0.531529272206077441470E-0015   0.132737835859080188783E+0002   0.705056547016042569926E-0005  -0.250000000000000000000E+0002   0.814612803567571575059E+0001
   0.233166666666666833052E+0001   0.233249117138733834613E-0008   0.608743870975486660648E-0015   0.100073454447184476323E-0008  -0.540224833350295861976E-0015   0.132737954550772183637E+0002   0.716582911445772010044E-0005  -0.250000000000000000000E+0002   0.814612803567563936724E+0001
   0.236500000000000154543E+0001   0.236584918792485733663E-0008   0.626897266882152591558E-0015   0.100074647402767544878E-0008  -0.548959424216615027173E-0015   0.132738073758054504481E+0002   0.728160756216232623082E-0005  -0.250000000000000000000E+0002   0.814612803567556298390E+0001
   0.239833333333333476034E+0001   0.239920760298020155944E-0008   0.645342476179598106845E-0015   0.100075845576757129897E-0008  -0.557733437781418993767E-0015   0.132738193485360831403E+0002   0.739790598962458806998E-0005  -0.250000000000000000000E+0002   0.814612803567548482420E+0001
   0.243166666666666797525E+0001   0.243256641830026686683E-0008   0.664080819492379628915E-0015   0.100077049013726230921E-0008  -0.566547266459732481850E-0015   0.132738313737126532033E+0002   0.751472956540260557466E-0005  -0.250000000000000000000E+0002   0.814612803567540488814E+0001
   0.246500000000000119016E+0001   0.246592563564681106515E-0008   0.683113630519349838948E-0015   0.100078257758280976070E-0008  -0.575401302226465246159E-0015   0.132738434517789674061E+0002   0.763208345120863136690E-0005  -0.250000000000000000000E+0002   0.814612803567532317572E+0001
   0.249833333333333440507E+0001   0.249928525679646673611E-0008   0.702442256019599189495E-0015   0.100079471855067198138E-0008  -0.584295936685657300263E-0015   0.132738555831792197637E+0002   0.774997280345469325758E-0005  -0.250000000000000000000E+0002   0.814612803567524146331E+0001
   0.253166666666666761998E+0001   0.253264528354075612604E-0008   0.722068055802228421447E-0015   0.100080691348782470062E-0008  -0.593231561183459871231E-0015   0.132738677683580732491E+0002   0.786840277488734750582E-0005  -0.250000000000000000000E+0002   0.814612803567515797454E+0001
   0.256500000000000083489E+0001   0.256600571768610934386E-0008   0.741992402720172670618E-0015   0.100081916284183859747E-0008  -0.602208566927527821305E-0015   0.132738800077607681516E+0002   0.798737851506076111956E-0005  -0.250000000000000000000E+0002   0.814612803567507270941E+0001
   0.259833333333333404980E+0001   0.259936656105388710854E-0008   0.762216682665213303023E-0015   0.100083146706098373219E-0008  -0.611227345022232919597E-0015   0.132738923018332144466E+0002   0.810690517188986365488E-0005  -0.250000000000000000000E+0002   0.814612803567498744428E+0001
   0.263166666666666726471E+0001   0.263272781548040432375E-0008   0.782742294566844124544E-0015   0.100084382659432032930E-0008  -0.620288286582378831831E-0015   0.132739046510220681796E+0002   0.822698789300590655762E-0005  -0.250000000000000000000E+0002   0.814612803567490040280E+0001
   0.266500000000000047962E+0001   0.266608948281695902922E-0008   0.803570650394507308560E-0015   0.100085624189178935391E-0008  -0.629391782832699554670E-0015   0.132739170557748487056E+0002   0.834763182669171459197E-0005  -0.250000000000000000000E+0002   0.814612803567481158495E+0001
   0.269833333333333369453E+0001   0.269945156492986176556E-0008   0.824703175162160111722E-0015   0.100086871340429171419E-0008  -0.638538225176801914530E-0015   0.132739295165399902032E+0002   0.846884212279560389747E-0005  -0.250000000000000000000E+0002   0.814612803567472099076E+0001
   0.273166666666666690944E+0001   0.273281406370047072955E-0008   0.846141306935124355983E-0015   0.100088124158378524837E-0008  -0.647728005264698076131E-0015   0.132739420337669553618E+0002   0.859062393415863589322E-0005  -0.250000000000000000000E+0002   0.814612803567463039656E+0001
   0.276500000000000012434E+0001   0.276617698102522692921E-0008   0.867886496840486179125E-0015   0.100089382688333663028E-0008  -0.656961515097757865300E-0015   0.132739546079062940009E+0002   0.871298241738714520711E-0005  -0.250000000000000000000E+0002   0.814612803567453802600E+0001
   0.279833333333333333925E+0001   0.279954031881569347498E-0008   0.889940209079430466655E-0015   0.100090646975724337850E-0008  -0.666239147086063689953E-0015   0.132739672394097318886E+0002   0.883592273392382639011E-0005  -0.250000000000000000000E+0002   0.814612803567444387909E+0001
   0.283166666666666655416E+0001   0.283290407899859735224E-0008   0.912303920942250902686E-0015   0.100091917066108100566E-0008  -0.675561294127603300284E-0015   0.132739799287302506769E+0002   0.895945005102660923591E-0005  -0.250000000000000000000E+0002   0.814612803567434795582E+0001
   0.286499999999999976907E+0001   0.286626826351587326195E-0008   0.934979122825805686824E-0015   0.100093193005177146762E-0008  -0.684928349680839075597E-0015   0.132739926763221589567E+0002   0.908356954272541468201E-0005  -0.250000000000000000000E+0002   0.814612803567425203255E+0001
   0.289833333333333298398E+0001   0.289963287432471035636E-0008   0.957967318253370993791E-0015   0.100094474838770393188E-0008  -0.694340707835771572873E-0015   0.132740054826411686406E+0002   0.920828639075856497957E-0005  -0.250000000000000000000E+0002   0.814612803567415433292E+0001
   0.293166666666666619889E+0001   0.293299791339760145620E-0008   0.981270023896838631828E-0015   0.100095762612874263573E-0008  -0.703798763383471896324E-0015   0.132740183481444482538E+0002   0.933360578548838903988E-0005  -0.250000000000000000000E+0002   0.814612803567405485694E+0001
   0.296499999999999941380E+0001   0.296636338272239433592E-0008   0.100488876960121155431E-0014   0.100097056373635716726E-0008  -0.713302911884420125967E-0015   0.132740312732907295157E+0002   0.945953292680039364772E-0005  -0.250000000000000000000E+0002   0.814612803567395538096E+0001
   0.299833333333333262871E+0001   0.299972928430234549044E-0008   0.102882509841135669683E-0014   0.100098356167364583318E-0008  -0.722853549735522305574E-0015   0.132740442585403588538E+0002   0.958607302498616147760E-0005  -0.250000000000000000000E+0002   0.814612803567385412862E+0001
   0.303166666666666584362E+0001   0.303309562015617679696E-0008   0.105308056660097668282E-0014   0.100099662040544339910E-0008  -0.732451074236165020315E-0015   0.132740573043553400368E+0002   0.971323130161173096541E-0005  -0.250000000000000000000E+0002   0.814612803567375109992E+0001
   0.306499999999999905853E+0001   0.306646239231813300411E-0008   0.107765674370376825157E-0014   0.100100974039835479714E-0008  -0.742095883653245934346E-0015   0.132740704111994478609E+0002   0.984101299037346719737E-0005  -0.250000000000000000000E+0002   0.814612803567364629487E+0001
   0.309833333333333227344E+0001   0.309982960283804294321E-0008   0.110255521254673605150E-0014   0.100102292212082977898E-0008  -0.751788377285464179641E-0015   0.132740835795382565721E+0002   0.996942333794258933393E-0005  -0.250000000000000000000E+0002   0.814612803567353971346E+0001
   0.313166666666666548835E+0001   0.313319725378138239408E-0008   0.112777756928563635779E-0014   0.100103616604326176395E-0008  -0.761528955526834801528E-0015   0.132740968098392269070E+0002   0.100984676048016512205E-0004  -0.250000000000000000000E+0002   0.814612803567343313205E+0001
   0.316499999999999870326E+0001   0.316656534722933860508E-0008   0.115332542344253710674E-0014   0.100104947263799879916E-0008  -0.771318019929771697302E-0015   0.132741101025717593842E+0002   0.102281510660715775808E-0004  -0.250000000000000000000E+0002   0.814612803567332477428E+0001
   0.319833333333333191817E+0001   0.319993388527887770836E-0008   0.117920039794546407262E-0014   0.100106284237944013284E-0008  -0.781155973267599616760E-0015   0.132741234582072618053E+0002   0.103584790123351206493E-0004  -0.250000000000000000000E+0002   0.814612803567321464016E+0001
   0.323166666666666513308E+0001   0.323330287004281337581E-0008   0.120540412917013910382E-0014   0.100107627574410362959E-0008  -0.791043219596986783608E-0015   0.132741368772192025460E+0002   0.104894567504549872719E-0004  -0.250000000000000000000E+0002   0.814612803567310272967E+0001
   0.326499999999999834799E+0001   0.326667230364987919740E-0008   0.123193826698378832988E-0014   0.100108977321066526819E-0008  -0.800980164320045505036E-0015   0.132741503600831975973E+0002   0.106210896043911545494E-0004  -0.250000000000000000000E+0002   0.814612803567299081919E+0001
   0.329833333333333156290E+0001   0.330004218824480147309E-0008   0.125880447479103118645E-0014   0.100110333526003565588E-0008  -0.810967214246676933738E-0015   0.132741639072770354346E+0002   0.107533829160190901118E-0004  -0.250000000000000000000E+0002   0.814612803567287713236E+0001
   0.333166666666666477781E+0001   0.333341252598837365901E-0008   0.128600442958184591930E-0014   0.100111696237542558236E-0008  -0.821004777656999745016E-0015   0.132741775192807693884E+0002   0.108863420459490989469E-0004  -0.250000000000000000000E+0002   0.814612803567276166916E+0001
   0.336499999999999799272E+0001   0.336678331905753660407E-0008   0.131353982198162971136E-0014   0.100113065504240164774E-0008  -0.831093264364303504993E-0015   0.132741911965767673820E+0002   0.110199723743525989582E-0004  -0.250000000000000000000E+0002   0.814612803567264442961E+0001
   0.339833333333333120763E+0001   0.340015456964545465050E-0008   0.134141235630336230722E-0014   0.100114441374894209718E-0008  -0.841233085778393018008E-0015   0.132742049396497741043E+0002   0.111542793017958859875E-0004  -0.250000000000000000000E+0002   0.814612803567252541370E+0001
