   0.650000000000000022204E-0001   0.650619910309179676788E-0010   0.761312818278342141514E-0017   0.100186046872982768758E-0008  -0.234250097931797553560E-0015   0.194902268053580236540E+0002   0.445575547620183824113E-0005  -0.250000000000000000000E+0002   0.814612803567786336600E+0001
   0.983333333333333281523E-0001   0.984728884656248750830E-0010   0.171680990563519883969E-0016   0.100280355422378374986E-0008  -0.344258061424353495893E-0015   0.194903208944961257032E+0002   0.671761405308928564669E-0005  -0.250000000000000000000E+0002   0.814612803567757204348E+0001
   0.131666666666666654084E+0000   0.131915573641325942549E-0009   0.306582864733249220071E-0016   0.100375730335048310109E-0008  -0.463780853153279636723E-0015   0.194904159575669133631E+0002   0.900679088220192382319E-0005  -0.250000000000000000000E+0002   0.814612803567718479769E+0001
   0.164999999999999980016E+0000   0.165390058705039903456E-0009   0.480951202674402020647E-0016   0.100471166275064591031E-0008  -0.582359889843683149667E-0015   0.194905109910943856733E+0002   0.112986282504291470237E-0004  -0.250000000000000000000E+0002   0.814612803567669629956E+0001
   0.198333333333333305948E+0000   0.198896367702161448474E-0009   0.694906621164099508378E-0016   0.100566684719849987394E-0008  -0.701302241076349298656E-0015   0.194906060164333254647E+0002   0.135931722901707557010E-0004  -0.250000000000000000000E+0002   0.814612803567611187816E+0001
   0.231666666666666631880E+0000   0.232434531609095094042E-0009   0.948570852485426182940E-0016   0.100662305850008928489E-0008  -0.820611469182035913940E-0015   0.194907010535691931352E+0002   0.158904751440962333062E-0004  -0.250000000000000000000E+0002   0.814612803567542620442E+0001
   0.264999999999999957812E+0000   0.266004587924002675847E-0009   0.124206687412339045412E-0015   0.100758048679167293635E-0008  -0.940291504549245929978E-0015   0.194907961212532718775E+0002   0.181905942849322224090E-0004  -0.250000000000000000000E+0002   0.814612803567464283105E+0001
   0.298333333333333283743E+0000   0.299606580297420779807E-0009   0.157551902593474390590E-0015   0.100853931164510625381E-0008  -0.106034661025056961892E-0014   0.194908912371178928424E+0002   0.204935919086517906310E-0004  -0.250000000000000000000E+0002   0.814612803567375998171E+0001
   0.331666666666666609675E+0000   0.333240558197532698023E-0009   0.194905311617736141079E-0015   0.100949970305064994285E-0008  -0.118078135068260724133E-0014   0.194909864177789025064E+0002   0.227995343950675952724E-0004  -0.250000000000000000000E+0002   0.814612803567277765637E+0001
   0.364999999999999935607E+0000   0.366906576606319166243E-0009   0.236279651773232534651E-0015   0.101046182229386229536E-0008  -0.130160056426295600083E-0014   0.194910816789270064930E+0002   0.251084918341099932136E-0004  -0.250000000000000000000E+0002   0.814612803567169585506E+0001
   0.398333333333333261539E+0000   0.400604695743259902593E-0009   0.281687825549838856358E-0015   0.101142582273950977739E-0008  -0.142280933820636623080E-0014   0.194911770354094180391E+0002   0.274205375949120970242E-0004  -0.250000000000000000000E+0002   0.814612803567051457776E+0001
   0.431666666666666587471E+0000   0.434334980813638625495E-0009   0.331142908602787473267E-0015   0.101239185052991508855E-0008  -0.154441298714802607933E-0014   0.194912725013025749377E+0002   0.297357479656381080307E-0004  -0.250000000000000000000E+0002   0.814612803566923204812E+0001
   0.464999999999999913403E+0000   0.468097501778905980003E-0009   0.384658157048041529769E-0015   0.101336004521462358786E-0008  -0.166641703425583034286E-0014   0.194913680899776515787E+0002   0.320542018130648507374E-0004  -0.250000000000000000000E+0002   0.814612803566785004250E+0001
   0.498333333333333239334E+0000   0.501892333146874688005E-0009   0.442247014135302427696E-0015   0.101433054031489036891E-0008  -0.178882719379259004033E-0014   0.194914638141593421494E+0002   0.343759802945452070636E-0004  -0.250000000000000000000E+0002   0.814612803566636856090E+0001
   0.531666666666666620777E+0000   0.535719553779734340165E-0009   0.503923116391520899959E-0015   0.101530346383261822779E-0008  -0.191164935629384896086E-0014   0.194915596859787250139E+0002   0.367011666014350806855E-0004  -0.250000000000000000000E+0002   0.814612803566478582695E+0001
   0.564999999999999946709E+0000   0.569579246718140840418E-0009   0.569700299292735231348E-0015   0.101627893870889655028E-0008  -0.203488957536508511896E-0014   0.194916557170209578942E+0002   0.390298457332247941080E-0004  -0.250000000000000000000E+0002   0.814612803566310361703E+0001
   0.598333333333333272641E+0000   0.603471499019816252761E-0009   0.639592602520332229658E-0015   0.101725708323917318740E-0008  -0.215855405605807625515E-0014   0.194917519183684362361E+0002   0.413621042989377671870E-0004  -0.250000000000000000000E+0002   0.814612803566131837840E+0001
   0.631666666666666598573E+0000   0.637396401611293220066E-0009   0.713614274851668307617E-0015   0.101823801144921590211E-0008  -0.228264914465198640058E-0014   0.194918483006397842416E+0002   0.436980303427372888643E-0004  -0.250000000000000000000E+0002   0.814612803565943366380E+0001
   0.664999999999999924505E+0000   0.671354049151574712819E-0009   0.791779778729457233707E-0015   0.101922183343648546534E-0008  -0.240718131968384620187E-0014   0.194919448740253287156E+0002   0.460377131910059468091E-0004  -0.250000000000000000000E+0002   0.814612803565744592049E+0001
   0.698333333333333250437E+0000   0.705344539906626948757E-0009   0.874103794549455160692E-0015   0.102020865568000661249E-0008  -0.253215718409146438410E-0014   0.194920416483192298074E+0002   0.483812433184625901119E-0004  -0.250000000000000000000E+0002   0.814612803565535514849E+0001
   0.731666666666666576369E+0000   0.739367975633721345257E-0009   0.960601224701554637697E-0015   0.102119858132399876286E-0008  -0.265758345834446441147E-0014   0.194921386329488370848E+0002   0.507287122311513886887E-0004  -0.250000000000000000000E+0002   0.814612803565316312415E+0001
   0.764999999999999902300E+0000   0.773424461474771440502E-0009   0.105128719739559946734E-0014   0.102219171043515193766E-0008  -0.278346697445431808918E-0014   0.194922358370014094930E+0002   0.530802123643727029518E-0004  -0.250000000000000000000E+0002   0.814612803565086807112E+0001
   0.798333333333333228232E+0000   0.807514105857887233652E-0009   0.114617707029973633368E-0014   0.102318814023926121293E-0008  -0.290981467077093107456E-0014   0.194923332692485296036E+0002   0.554358369938390719103E-0004  -0.250000000000000000000E+0002   0.814612803564847176574E+0001
   0.831666666666666554164E+0000   0.841637020406441358951E-0009   0.124528643401603152515E-0014   0.102418796533731317895E-0008  -0.303663358747045750128E-0014   0.194924309381684999209E+0002   0.577956801585333815644E-0004  -0.250000000000000000000E+0002   0.814612803564597065531E+0001
   0.864999999999999880096E+0000   0.875793319855044699483E-0009   0.134863111541544805618E-0014   0.102519127790395965639E-0008  -0.316393086266898540721E-0014   0.194925288519667923026E+0002   0.601598365939106947205E-0004  -0.250000000000000000000E+0002   0.814612803564336473983E+0001
   0.898333333333333206028E+0000   0.909983121971819326944E-0009   0.145622718085423865383E-0014   0.102619816786941326546E-0008  -0.329171372923421023560E-0014   0.194926270185948595781E+0002   0.625284016756543213926E-0004  -0.250000000000000000000E+0002   0.814612803564065579565E+0001
   0.931666666666666531960E+0000   0.944206547486568825582E-0009   0.156809093927870999583E-0014   0.102720872308891998300E-0008  -0.341998951138611407646E-0014   0.194927254457675651622E+0002   0.649014713656697028168E-0004  -0.250000000000000000000E+0002   0.814612803563784204641E+0001
   0.964999999999999857891E+0000   0.978463720024242158469E-0009   0.168423894525029957273E-0014   0.102822302949636079198E-0008  -0.354876562301972747523E-0014   0.194928241409789926308E+0002   0.672791421741429055033E-0004  -0.250000000000000000000E+0002   0.814612803563492349213E+0001
   0.998333333333333183823E+0000   0.101275476604341955407E-0008   0.180468800189376168594E-0014   0.102924117124807791730E-0008  -0.367804956529336786417E-0014   0.194929231115172427735E+0002   0.696615111220333111525E-0004  -0.250000000000000000000E+0002   0.814612803563190013278E+0001
   0.103166666666666650976E+0001   0.104707981477933444450E-0008   0.192945516378295691475E-0014   0.103026323085501196554E-0008  -0.380784892499513897509E-0014   0.194930223644779729852E+0002   0.720486757101098258252E-0004  -0.250000000000000000000E+0002   0.814612803562877019203E+0001
   0.106499999999999994671E+0001   0.108143899819116117417E-0008   0.205855773977584643521E-0014   0.103128928930553100813E-0008  -0.393817137320600132600E-0014   0.194931219067769774256E+0002   0.744407338932460591833E-0004  -0.250000000000000000000E+0002   0.814612803562553544623E+0001
   0.109833333333333338366E+0001   0.111583245091324194937E-0008   0.219201329580829537526E-0014   0.103231942617919211059E-0008  -0.406902466420577794561E-0014   0.194932217451618328141E+0002   0.768377840588890044689E-0004  -0.250000000000000000000E+0002   0.814612803562219411901E+0001
   0.113166666666666682062E+0001   0.115026031020995999990E-0008   0.232983965765533348807E-0014   0.103335371975313702523E-0008  -0.420041663462732824442E-0014   0.194933218862227235491E+0002   0.792399250092733252807E-0004  -0.250000000000000000000E+0002   0.814612803561874443403E+0001
   0.116500000000000025757E+0001   0.118472271593402362006E-0008   0.247205491365736929923E-0014   0.103439224709988934138E-0008  -0.433235520221044755166E-0014   0.194934223364024319380E+0002   0.816472559400939875340E-0004  -0.250000000000000000000E+0002   0.814612803561518816764E+0001
   0.119833333333333369453E+0001   0.121921981048791334822E-0008   0.261867741746520793687E-0014   0.103543508418037384041E-0008  -0.446484836793455336132E-0014   0.194935231020057528895E+0002   0.840598764556688403957E-0004  -0.250000000000000000000E+0002   0.814612803561152354348E+0001
   0.123166666666666713148E+0001   0.125375173878831609560E-0008   0.276972579072937538189E-0014   0.103648230592888924453E-0008  -0.459790421169408595210E-0014   0.194936241892081270066E+0002   0.864778865196078511167E-0004  -0.250000000000000000000E+0002   0.814612803560775233791E+0001
   0.126500000000000056843E+0001   0.128831864823327077315E-0008   0.292521892579740469126E-0014   0.103753398633361088159E-0008  -0.473153089517959249625E-0014   0.194937256040637514332E+0002   0.889013864758191426534E-0004  -0.250000000000000000000E+0002   0.814612803560387099822E+0001
   0.129833333333333400539E+0001   0.132292068867193401295E-0008   0.308517598841974683769E-0014   0.103859019851116101726E-0008  -0.486573666102405965336E-0014   0.194938273525131222641E+0002   0.913304770353605215559E-0004  -0.250000000000000000000E+0002   0.814612803559987952440E+0001
   0.133166666666666744234E+0001   0.135755801237674760856E-0008   0.324961642045173093380E-0014   0.103965101477798957887E-0008  -0.500052983297042739463E-0014   0.194939294403901683950E+0002   0.937652592731617857231E-0004  -0.250000000000000000000E+0002   0.814612803559577969281E+0001
   0.136500000000000087930E+0001   0.139223077401789765925E-0008   0.341855994256281629207E-0014   0.104071650671552393437E-0008  -0.513591881614657408158E-0014   0.194940318734287920677E+0002   0.962058346262870329232E-0004  -0.250000000000000000000E+0002   0.814612803559156972710E+0001
   0.139833333333333431625E+0001   0.142693913063988674708E-0008   0.359202655695670078864E-0014   0.104178674523280735107E-0008  -0.527191209744505990630E-0014   0.194941346572690967776E+0002   0.986523048931659885582E-0004  -0.250000000000000000000E+0002   0.814612803558724962727E+0001
   0.143166666666666775320E+0001   0.146168324164012608908E-0008   0.377003655010508795921E-0014   0.104286180062474409122E-0008  -0.540851824597851262622E-0014   0.194942377974632243820E+0002   0.101104772233870463666E-0003  -0.250000000000000000000E+0002   0.814612803558281761696E+0001
   0.146500000000000119016E+0001   0.149646326874941655634E-0008   0.395261049549788882856E-0014   0.104394174262743572713E-0008  -0.554574591361649947492E-0014   0.194943412994807552252E+0002   0.103563339171280997114E-0003  -0.250000000000000000000E+0002   0.814612803557827369616E+0001
   0.149833333333333462711E+0001   0.153127937601420482267E-0008   0.413976925641231498670E-0014   0.104502664046977487741E-0008  -0.568360383558679063321E-0014   0.194944451687138524676E+0002   0.106028108591976240197E-0003  -0.250000000000000000000E+0002   0.814612803557361786488E+0001
   0.153166666666666806407E+0001   0.156613172978053316557E-0008   0.433153398870137133229E-0014   0.104611656292317447832E-0008  -0.582210083109615016304E-0014   0.194945494104820973291E+0002   0.108499183752761330936E-0003  -0.250000000000000000000E+0002   0.814612803556884834677E+0001
   0.156500000000000150102E+0001   0.160102049867957745405E-0008   0.452792614361253970631E-0014   0.104721157834732183171E-0008  -0.596124580425909981656E-0014   0.194946540300369832721E+0002   0.110976668277696638031E-0003  -0.250000000000000000000E+0002   0.814612803556396691818E+0001
   0.159833333333333493798E+0001   0.163594585361467985169E-0008   0.472896747062078508422E-0014   0.104831175473508024346E-0008  -0.610104774456260859637E-0014   0.194947590325662680755E+0002   0.113460666166948550421E-0003  -0.250000000000000000000E+0002   0.814612803555897180274E+0001
   0.163166666666666837493E+0001   0.167090796774984728387E-0008   0.493468002029781702654E-0014   0.104941715975338090383E-0008  -0.624151572797490854418E-0014   0.194948644231979031360E+0002   0.115951281798571228035E-0003  -0.250000000000000000000E+0002   0.814612803555386122412E+0001
   0.166500000000000181188E+0001   0.170590701649955436871E-0008   0.514508614720556758146E-0014   0.105052786078335231413E-0008  -0.638265891769287970617E-0014   0.194949702070038952684E+0002   0.118448619923508470433E-0003  -0.250000000000000000000E+0002   0.814612803554863695865E+0001
   0.169833333333333524884E+0001   0.174094317751987066428E-0008   0.536020851280323128410E-0014   0.105164392495851473110E-0008  -0.652448656458143066890E-0014   0.194950763890039731052E+0002   0.120952785697060367378E-0003  -0.250000000000000000000E+0002   0.814612803554329722999E+0001
   0.173166666666666868579E+0001   0.177601663070081462460E-0008   0.558007008843288990153E-0014   0.105276541919972730704E-0008  -0.666700800952257408486E-0014   0.194951829741688662523E+0002   0.123463884653397934152E-0003  -0.250000000000000000000E+0002   0.814612803553784026178E+0001
   0.176500000000000212275E+0001   0.181112755815985775025E-0008   0.580469415828390656415E-0014   0.105389241025008849419E-0008  -0.681023268282449885698E-0014   0.194952899674236022065E+0002   0.125982022722493036898E-0003  -0.250000000000000000000E+0002   0.814612803553226783038E+0001
   0.179833333333333555970E+0001   0.184627614423655453188E-0008   0.603410432241194062617E-0014   0.105502496470751021047E-0008  -0.695417010586352415944E-0014   0.194953973736505616898E+0002   0.128507306234914496458E-0003  -0.250000000000000000000E+0002   0.814612803552657815942E+0001
   0.183166666666666899665E+0001   0.188146257548823862946E-0008   0.626832449979198057495E-0014   0.105616314905636018627E-0008  -0.709882989212086382667E-0014   0.194955051976923918744E+0002   0.131039841934712760537E-0003  -0.250000000000000000000E+0002   0.814612803552077124891E+0001
   0.186500000000000243361E+0001   0.191668704068674558270E-0008   0.650737893142056715089E-0014   0.105730702969660022864E-0008  -0.724422174866344370128E-0014   0.194956134443547135504E+0002   0.133579736966394041313E-0003  -0.250000000000000000000E+0002   0.814612803551484532250E+0001
   0.189833333333333587056E+0001   0.195194973081609339661E-0008   0.675129218342188661895E-0014   0.105845667297295881364E-0008  -0.739035547628981960234E-0014   0.194957221184087607924E+0002   0.136127098895110707757E-0003  -0.250000000000000000000E+0002   0.814612803550880038017E+0001
   0.193166666666666930752E+0001   0.198725083907110528578E-0008   0.700008915021760873447E-0014   0.105961214520275888961E-0008  -0.753724097143971375405E-0014   0.194958312245939140439E+0002   0.138682035700308294588E-0003  -0.250000000000000000000E+0002   0.814612803550263642194E+0001
   0.196500000000000274447E+0001   0.202259056085695058913E-0008   0.725379505771421612185E-0014   0.106077351270180346056E-0008  -0.768488822674074114700E-0014   0.194959407676200093817E+0002   0.141244655790994213043E-0003  -0.250000000000000000000E+0002   0.814612803549635167144E+0001
   0.199833333333333618143E+0001   0.205796909378952651380E-0008   0.751243546654618342758E-0014   0.106194084180999978032E-0008  -0.783330733266627015025E-0014   0.194960507521696335687E+0002   0.143815068005274606820E-0003  -0.250000000000000000000E+0002   0.814612803548994790503E+0001
   0.203166666666666939634E+0001   0.209338663769667450417E-0008   0.777603627535184371376E-0014   0.106311419891601450469E-0008  -0.798250847862815579268E-0014   0.194961611829002556817E+0002   0.146393381616498796834E-0003  -0.250000000000000000000E+0002   0.814612803548342157001E+0001
   0.206500000000000261124E+0001   0.212884339462021179753E-0008   0.804462372408479776855E-0014   0.106429365048094635984E-0008  -0.813250195385737359048E-0014   0.194962720644463480824E+0002   0.148979706330712707157E-0003  -0.250000000000000000000E+0002   0.814612803547677266636E+0001
   0.209833333333333582615E+0001   0.216433956881873432553E-0008   0.831822439735899515551E-0014   0.106547926306081925104E-0008  -0.828329814862423117310E-0014   0.194963834014212551438E+0002   0.151574152304157725455E-0003  -0.250000000000000000000E+0002   0.814612803547000297044E+0001
   0.213166666666666904106E+0001   0.219987536677115167053E-0008   0.859686522785436664827E-0014   0.106667110332895480999E-0008  -0.843490755595635745120E-0014   0.194964951984191472434E+0002   0.154176830138535883672E-0003  -0.250000000000000000000E+0002   0.814612803546310892955E+0001
   0.216500000000000225597E+0001   0.223545099718096276220E-0008   0.888057349974806151254E-0014   0.106786923809731158657E-0008  -0.858734077244397182872E-0014   0.194966074600168077779E+0002   0.156787850887751887934E-0003  -0.250000000000000000000E+0002   0.814612803545609054368E+0001
   0.219833333333333547088E+0001   0.227106667098123095534E-0008   0.916937685219187732718E-0014   0.106907373433738066518E-0008  -0.874060849963306304861E-0014   0.194967201907753455714E+0002   0.159407326062178586728E-0003  -0.250000000000000000000E+0002   0.814612803544894781282E+0001
   0.223166666666666868579E+0001   0.230672260134023450058E-0008   0.946330328283219678638E-0014   0.107028465919972242996E-0008  -0.889472154530771730415E-0014   0.194968333952418539923E+0002   0.162035367632817678060E-0003  -0.250000000000000000000E+0002   0.814612803544168073699E+0001
   0.226500000000000190070E+0001   0.234241900366777421019E-0008   0.976238115137304679431E-0014   0.107150208003427860519E-0008  -0.904969082479603960218E-0014   0.194969470779510025693E+0002   0.164672088035356577141E-0003  -0.250000000000000000000E+0002   0.814612803543428576347E+0001
   0.229833333333333511561E+0001   0.237815609562213914601E-0008   0.100666391831830276924E-0013   0.107272606440876709768E-0008  -0.920552736229339535645E-0014   0.194970612434265646584E+0002   0.167317600174128844294E-0003  -0.250000000000000000000E+0002   0.814612803542676644497E+0001
   0.233166666666666833052E+0001   0.241393409711767821719E-0008   0.103761064729464676069E-0013   0.107395668012772596928E-0008  -0.936224229219879440359E-0014   0.194971758961828847134E+0002   0.169972017425964403705E-0003  -0.250000000000000000000E+0002   0.814612803541911922878E+0001
   0.236500000000000154543E+0001   0.244975323033300374389E-0008   0.106908124883597438161E-0013   0.107519399525022916402E-0008  -0.951984686048014417277E-0014   0.194972910407262673971E+0002   0.172635453643942997142E-0003  -0.250000000000000000000E+0002   0.814612803541134411489E+0001
   0.239833333333333476034E+0001   0.248561371971976784360E-0008   0.110107870738730109512E-0013   0.107643807810753109776E-0008  -0.967835242604330832039E-0014   0.194974066815563524813E+0002   0.175308023159057729552E-0003  -0.250000000000000000000E+0002   0.814612803540343932696E+0001
   0.243166666666666797525E+0001   0.252151579201203521467E-0008   0.113360604544746901923E-0013   0.107768899732109381890E-0008  -0.983777046202984129490E-0014   0.194975228231674684309E+0002   0.177989840791744502067E-0003  -0.250000000000000000000E+0002   0.814612803539540664133E+0001
   0.246500000000000119016E+0001   0.255745967623623370546E-0008   0.116666632395373397302E-0013   0.107894682181822278986E-0008  -0.999811255765623962539E-0014   0.194976394700498154577E+0002   0.180681021842260720617E-0003  -0.250000000000000000000E+0002   0.814612803538724250529E+0001
   0.249833333333333440507E+0001   0.259344560372163469274E-0008   0.120026264266871232138E-0013   0.108021162084951584856E-0008  -0.101593904189475525867E-0013   0.194977566266907267334E+0002   0.183381682101380869042E-0003  -0.250000000000000000000E+0002   0.814612803537894869521E+0001
   0.253166666666666761998E+0001   0.262947380811140297386E-0008   0.123439814057349276778E-0013   0.108148346400548747074E-0008  -0.103216158705878321577E-0013   0.194978742975758834177E+0002   0.186091937865100296324E-0003  -0.250000000000000000000E+0002   0.814612803537052343472E+0001
   0.256500000000000083489E+0001   0.266554452537419135742E-0008   0.126907599626771157992E-0013   0.108276242123139060581E-0008  -0.104848008580068704857E-0013   0.194979924871903946837E+0002   0.188811905913846913869E-0003  -0.250000000000000000000E+0002   0.814612803536196494747E+0001
   0.259833333333333404980E+0001   0.270165799381623693895E-0008   0.130429942837020936376E-0013   0.108404856284377538509E-0008  -0.106489574475906521996E-0013   0.194981112000199310330E+0002   0.191541703527421528549E-0003  -0.250000000000000000000E+0002   0.814612803535327500981E+0001
   0.263166666666666726471E+0001   0.273781445409399711198E-0008   0.134007169592687372915E-0013   0.108534195954593568584E-0008  -0.108140978288336651478E-0013   0.194982304405518007684E+0002   0.194281448493572770578E-0003  -0.250000000000000000000E+0002   0.814612803534445006903E+0001
   0.266500000000000047962E+0001   0.277401414922729346790E-0008   0.137639609882458048152E-0013   0.108664268244275185332E-0008  -0.109802343161726990811E-0013   0.194983502132759802805E+0002   0.197031259105390319127E-0003  -0.250000000000000000000E+0002   0.814612803533549012514E+0001
   0.269833333333333369453E+0001   0.281025732461295448589E-0008   0.141327597820928674616E-0013   0.108795080305639327718E-0008  -0.111473793502494175309E-0013   0.194984705226861336769E+0002   0.199791254159195343044E-0003  -0.250000000000000000000E+0002   0.814612803532639695447E+0001
   0.273166666666666690944E+0001   0.284654422803897686493E-0008   0.145071471690847387160E-0013   0.108926639334056988622E-0008  -0.113155454992304976017E-0013   0.194985913732805933307E+0002   0.202561552967484627972E-0003  -0.250000000000000000000E+0002   0.814612803531716522798E+0001
   0.276500000000000012434E+0001   0.288287510969915504017E-0008   0.148871573986073047076E-0013   0.109058952569568154775E-0008  -0.114847454609485416700E-0013   0.194987127695632906921E+0002   0.205342275354325237875E-0003  -0.250000000000000000000E+0002   0.814612803530779849837E+0001
   0.279833333333333333925E+0001   0.291925022220821652016E-0008   0.152728251454940661550E-0013   0.109192027298332660870E-0008  -0.116549920641421351725E-0013   0.194988347160447190731E+0002   0.208133541659633373132E-0003  -0.250000000000000000000E+0002   0.814612803529829498927E+0001
   0.283166666666666655416E+0001   0.295566982061743657528E-0008   0.156641855144202734690E-0013   0.109325870854049197226E-0008  -0.118262982701919180442E-0013   0.194989572172428040631E+0002   0.210935472741496568951E-0003  -0.250000000000000000000E+0002   0.814612803528865114799E+0001
   0.286499999999999976907E+0001   0.299213416243073062296E-0008   0.160612740443520296820E-0013   0.109460490619464376737E-0008  -0.119986771747817396131E-0013   0.194990802776838414445E+0002   0.213748189978358796434E-0003  -0.250000000000000000000E+0002   0.814612803527886875088E+0001
   0.289833333333333298398E+0001   0.302864350762123258154E-0008   0.164641267130511469123E-0013   0.109595894027699511894E-0008  -0.121721420095773088533E-0013   0.194992039019033178704E+0002   0.216571815271082588001E-0003  -0.250000000000000000000E+0002   0.814612803526894602157E+0001
   0.293166666666666619889E+0001   0.306519811864833644522E-0008   0.168727799416362580764E-0013   0.109732088563757179519E-0008  -0.123467061439318883660E-0013   0.194993280944467564098E+0002   0.219406471044877290954E-0003  -0.250000000000000000000E+0002   0.814612803525888296008E+0001
   0.296499999999999941380E+0001   0.310179826047521390149E-0008   0.172872705992010421307E-0013   0.109869081765869690594E-0008  -0.125223830866010271307E-0013   0.194994528598705656464E+0002   0.222252280251068377002E-0003  -0.250000000000000000000E+0002   0.814612803524867779004E+0001
   0.299833333333333262871E+0001   0.313844420058680592306E-0008   0.177076360074902475746E-0013   0.110006881226954659308E-0008  -0.126991864874963655352E-0013   0.194995782027428425920E+0002   0.225109366368715749533E-0003  -0.250000000000000000000E+0002   0.814612803523833051145E+0001
   0.303166666666666584362E+0001   0.317513620900827675373E-0008   0.181339139456340506393E-0013   0.110145494595997594091E-0008  -0.128771301394377380449E-0013   0.194997041276441649416E+0002   0.227977853406047357033E-0003  -0.250000000000000000000E+0002   0.814612803522783934795E+0001
   0.306499999999999905853E+0001   0.321187455832394062795E-0008   0.185661426549415622678E-0013   0.110284929579452190317E-0008  -0.130562279799417228236E-0013   0.194998306391684046446E+0002   0.230857865901702772986E-0003  -0.250000000000000000000E+0002   0.814612803521720429956E+0001
   0.309833333333333227344E+0001   0.324865952369665171164E-0008   0.190043608437539603569E-0013   0.110425193942653837208E-0008  -0.132364940930187410279E-0013   0.194999577419234313425E+0002   0.233749528925763811350E-0003  -0.250000000000000000000E+0002   0.814612803520642358990E+0001
   0.313166666666666548835E+0001   0.328549138288767008527E-0008   0.194486076923580992321E-0013   0.110566295511226135075E-0008  -0.134179427109990347228E-0013   0.195000854405319508089E+0002   0.236652968080552851722E-0003  -0.250000000000000000000E+0002   0.814612803519549899534E+0001
   0.316499999999999870326E+0001   0.332237041627698681235E-0008   0.198989228579608361687E-0013   0.110708242172493161452E-0008  -0.136005882163580925938E-0013   0.195002137396322190455E+0002   0.239568309501158568974E-0003  -0.250000000000000000000E+0002   0.814612803518442518680E+0001
   0.319833333333333191817E+0001   0.335929690688413125415E-0008   0.203553464797250215917E-0013   0.110851041876880301467E-0008  -0.137844451435802312837E-0013   0.195003426438787954567E+0002   0.242495679855682236877E-0003  -0.250000000000000000000E+0002   0.814612803517320571700E+0001
   0.323166666666666513308E+0001   0.339627114038943995116E-0008   0.208179191838672917950E-0013   0.110994702639346118159E-0008  -0.139695281810156765153E-0013   0.195004721579432498402E+0002   0.245435206345148498267E-0003  -0.250000000000000000000E+0002   0.814612803516183525687E+0001
   0.326499999999999834799E+0001   0.343329340515580278782E-0008   0.212866820888183173558E-0013   0.111139232540803262657E-0008  -0.141558521727646090578E-0013   0.195006022865149368783E+0002   0.248387016703060028999E-0003  -0.250000000000000000000E+0002   0.814612803515031735913E+0001
   0.329833333333333156290E+0001   0.347036399225089760740E-0008   0.217616768104459016751E-0013   0.111284639729566185008E-0008  -0.143434321205680485393E-0013   0.195007330343017173391E+0002   0.251351239194539039564E-0003  -0.250000000000000000000E+0002   0.814612803513864847105E+0001
   0.333166666666666477781E+0001   0.350748319546988639364E-0008   0.222429454673411000385E-0013   0.111430932422817911517E-0008  -0.145322831856996823148E-0013   0.195008644060306579604E+0002   0.254328002615011406016E-0003  -0.250000000000000000000E+0002   0.814612803512682859264E+0001
   0.336499999999999799272E+0001   0.354465131135862347719E-0008   0.227305306861678830001E-0013   0.111578118908041542837E-0008  -0.147224206908816346848E-0013   0.195009964064487917312E+0002   0.257317436288379735101E-0003  -0.250000000000000000000E+0002   0.814612803511485594754E+0001
   0.339833333333333120763E+0001   0.358186863923733358065E-0008   0.232244756070761421421E-0013   0.111726207544537406611E-0008  -0.149138601221821112460E-0013   0.195011290403238284341E+0002   0.260319670064615568076E-0003  -0.250000000000000000000E+0002   0.814612803510273053575E+0001
