   0.650000000000000022204E-0001   0.651231722784493758448E-0010  -0.195771207185836443854E-0016   0.100369709463500215233E-0008   0.602372945187189027672E-0015   0.132767514574337699429E+0002  -0.778833579652964152389E-0005  -0.250000000000000000000E+0002   0.814612803567749210742E+0001
   0.983333333333333281523E-0001   0.986106796167233695420E-0010  -0.441516829094034815938E-0016   0.100557350557653172776E-0008   0.885690395700266332125E-0015   0.132786192113167942352E+0002  -0.117424625620228785191E-0004  -0.250000000000000000000E+0002   0.814612803567691656781E+0001
   0.131666666666666654084E+0000   0.132161458334032372863E-0009  -0.788764150535392416097E-0016   0.100747249531716367592E-0008   0.119424167727561280431E-0014   0.132805058947784804246E+0002  -0.157453852474511030721E-0004  -0.250000000000000000000E+0002   0.814612803567614385258E+0001
   0.164999999999999980016E+0000   0.165775574185438447611E-0009  -0.123800357108714582782E-0015   0.100937385597236105513E-0008   0.150097580843629560825E-0014   0.132823913742653090253E+0002  -0.197546438631300289913E-0004  -0.250000000000000000000E+0002   0.814612803567517396175E+0001
   0.198333333333333305948E+0000   0.199453110205145463092E-0009  -0.178975887577669472011E-0015   0.101127782213030942537E-0008   0.180930960936577583029E-0014   0.132842758818563080325E+0002  -0.237708991598152325105E-0004  -0.250000000000000000000E+0002   0.814612803567400867166E+0001
   0.231666666666666631880E+0000   0.233194157079628373946E-0009  -0.244457170878761810391E-0015   0.101318461890173380759E-0008   0.211929525298817711506E-0014   0.132861596385382707552E+0002  -0.277947694121090934456E-0004  -0.250000000000000000000E+0002   0.814612803567264442961E+0001
   0.264999999999999957812E+0000   0.266998812852119715138E-0009  -0.320300074475605388191E-0015   0.101509446307573035456E-0008   0.243098257907291275761E-0014   0.132880428554425247256E+0002  -0.318268346419145657460E-0004  -0.250000000000000000000E+0002   0.814612803567108478831E+0001
   0.298333333333333283743E+0000   0.300867182660198650142E-0009  -0.406562094933089716443E-0015   0.101700756396047302080E-0008   0.274441934397348000756E-0014   0.132899257347579276001E+0002  -0.358676403491708245281E-0004  -0.250000000000000000000E+0002   0.814612803566932619503E+0001
   0.331666666666666609675E+0000   0.334799378499644244343E-0009  -0.503302291881393910240E-0015   0.101892412412667874082E-0008   0.305965144243012276609E-0014   0.132918084705380152855E+0002  -0.399177008166261439561E-0004  -0.250000000000000000000E+0002   0.814612803566736864980E+0001
   0.364999999999999935607E+0000   0.368795519011619367619E-0009  -0.610581229020084013320E-0015   0.102084434006882211005E-0008   0.337672310582552874312E-0014   0.132936912494186376676E+0002  -0.439775020498620199702E-0004  -0.250000000000000000000E+0002   0.814612803566521392895E+0001
   0.398333333333333261539E+0000   0.402855729290521032441E-0009  -0.728460921389438698564E-0015   0.102276840279161967396E-0008   0.369567707844174398865E-0014   0.132955742512543206857E+0002  -0.480475043939142116276E-0004  -0.250000000000000000000E+0002   0.814612803566285847978E+0001
   0.431666666666666587471E+0000   0.436980140710248787194E-0009  -0.857004788221740722644E-0015   0.102469649833316996674E-0008   0.401655477415193437988E-0014   0.132974576496857501695E+0002  -0.521281448570335199000E-0004  -0.250000000000000000000E+0002   0.814612803566030585500E+0001
   0.464999999999999913403E+0000   0.471168890766947962355E-0009  -0.996277610796833652083E-0015   0.102662880823376432733E-0008   0.433939641829484414128E-0014   0.132993416126479662154E+0002  -0.562198392004026556456E-0004  -0.250000000000000000000E+0002   0.814612803565755250190E+0001
   0.498333333333333239334E+0000   0.505422122936503201361E-0009  -0.114634549479175157083E-0014   0.102856550995603488677E-0008   0.466424117448473343389E-0014   0.133012263028254800190E+0002  -0.603229838048153531381E-0004  -0.250000000000000000000E+0002   0.814612803565459842048E+0001
   0.531666666666666620777E+0000   0.539739986545279754269E-0009  -0.130727583666300770749E-0014   0.103050677726270644730E-0008   0.499112725873290322503E-0014   0.133031118780612587216E+0002  -0.644379573470006309461E-0004  -0.250000000000000000000E+0002   0.814612803565144361073E+0001
   0.564999999999999946709E+0000   0.574122636652793646435E-0009  -0.147913729366440001743E-0014   0.103245278055738372775E-0008   0.532009204248021227398E-0014   0.133049984917252253069E+0002  -0.685651223074847560209E-0004  -0.250000000000000000000E+0002   0.814612803564808807266E+0001
   0.598333333333333272641E+0000   0.608570233945159855470E-0009  -0.166199975714813237192E-0014   0.103440368719262940601E-0008   0.565117214577180207497E-0014   0.133068862930470768191E+0002  -0.727048263296799479041E-0004  -0.250000000000000000000E+0002   0.814612803564453002991E+0001
   0.631666666666666598573E+0000   0.643082944638296669938E-0009  -0.185593432883834253612E-0014   0.103635966174935822626E-0008   0.598440352172813799474E-0014   0.133087754274176823799E+0002  -0.768574034472646909141E-0004  -0.250000000000000000000E+0002   0.814612803564077125884E+0001
   0.664999999999999924505E+0000   0.677660940389992461132E-0009  -0.206101329980162922505E-0014   0.103832086629085299805E-0008   0.631982153329369537149E-0014   0.133106660366626492475E+0002  -0.810231751947622889920E-0004  -0.250000000000000000000E+0002   0.814612803563680820673E+0001
   0.698333333333333250437E+0000   0.712304398220039120186E-0009  -0.227731013187029917517E-0014   0.104028746059433525643E-0008   0.665746102312743878732E-0014   0.133125582592912472535E+0002  -0.852024516143956486261E-0004  -0.250000000000000000000E+0002   0.814612803563264264994E+0001
   0.731666666666666576369E+0000   0.747013500437732365721E-0009  -0.250489944130156117127E-0014   0.104225960236264078067E-0008   0.699735637740267274115E-0014   0.133144522307234609571E+0002  -0.893955321704842685105E-0004  -0.250000000000000000000E+0002   0.814612803562827281212E+0001
   0.764999999999999902300E+0000   0.781788434576113470087E-0009  -0.274385698447948998142E-0014   0.104423744741824349232E-0008   0.733954158417516373753E-0014   0.133163480834975871403E+0002  -0.936027065814924421261E-0004  -0.250000000000000000000E+0002   0.814612803562369869326E+0001
   0.798333333333333228232E+0000   0.816629393332399123767E-0009  -0.299425964548783703742E-0014   0.104622114988150501903E-0008   0.768405028690977608652E-0014   0.133182459474603689387E+0002  -0.978242555784223754688E-0004  -0.250000000000000000000E+0002   0.814612803561891851700E+0001
   0.831666666666666554164E+0000   0.851536574514105404324E-0009  -0.325618542539993453180E-0014   0.104821086233492526043E-0008   0.803091583367092547884E-0014   0.133201459499417111942E+0002  -0.102060451597244729208E-0003  -0.250000000000000000000E+0002   0.814612803561393405971E+0001
   0.864999999999999880096E+0000   0.886510180990423721846E-0009  -0.352971343314831832659E-0014   0.105020673597483118242E-0008   0.838017132243994560855E-0014   0.133220482159153732482E+0002  -0.106311559412199295124E-0003  -0.250000000000000000000E+0002   0.814612803560874176867E+0001
   0.898333333333333206028E+0000   0.921550420648445180164E-0009  -0.381492387784676487875E-0014   0.105220892075153698857E-0008   0.873184964270179115766E-0014   0.133239528681469163729E+0002  -0.110577836714384554104E-0003  -0.250000000000000000000E+0002   0.814612803560334342023E+0001
   0.931666666666666531960E+0000   0.956657506353919955773E-0009  -0.411189806247175362532E-0014   0.105421756550063774240E-0008   0.908598351508166636796E-0014   0.133258600273315721552E+0002  -0.114859534648865889406E-0003  -0.250000000000000000000E+0002   0.814612803559773723805E+0001
   0.964999999999999857891E+0000   0.991831655916156612316E-0009  -0.442071837877433741618E-0014   0.105623281806299315602E-0008   0.944260552587389758050E-0014   0.133277698122197669761E+0002  -0.119156898297810155793E-0003  -0.250000000000000000000E+0002   0.814612803559192322211E+0001
   0.998333333333333183823E+0000   0.102707309205687451123E-0008  -0.474146830336324814338E-0014   0.105825482539938909191E-0008   0.980174816172058837303E-0014   0.133296823397362391717E+0002  -0.123470167135432754013E-0003  -0.250000000000000000000E+0002   0.814612803558589781971E+0001
   0.103166666666666650976E+0001   0.106238204238265342405E-0008  -0.507423239485628688021E-0014   0.106028373369509071078E-0008   0.101634438397827013968E-0013   0.133315977250882031768E+0002  -0.127799575439678465621E-0003  -0.250000000000000000000E+0002   0.814612803557966458357E+0001
   0.106499999999999994671E+0001   0.109775873936081015406E-0008  -0.541909629203968577510E-0014   0.106231968845938704086E-0008   0.105277249372436250481E-0013   0.133335160818675415584E+0002  -0.132145352676213553248E-0003  -0.250000000000000000000E+0002   0.814612803557322173731E+0001
   0.109833333333333338366E+0001   0.113320342029847045314E-0008  -0.577614671296655757726E-0014   0.106436283461867340544E-0008   0.108946238183977970952E-0013   0.133354375221457619460E+0002  -0.136507723852273625239E-0003  -0.250000000000000000000E+0002   0.814612803556656572823E+0001
   0.113166666666666682062E+0001   0.116871632732465022179E-0008  -0.614547145493529110303E-0014   0.106641331660411002713E-0008   0.112641728601561538880E-0013   0.133373621565627065166E+0002  -0.140886909844020632955E-0003  -0.250000000000000000000E+0002   0.814612803555969833269E+0001
   0.116500000000000025757E+0001   0.120429770737514540089E-0008  -0.652715939529251697411E-0014   0.106847127843340082551E-0008   0.116364044759300160240E-0013   0.133392900944087404724E+0002  -0.145283127706042529750E-0003  -0.250000000000000000000E+0002   0.814612803555261777433E+0001
   0.119833333333333369453E+0001   0.123994781218016189918E-0008  -0.692130049303404166014E-0014   0.107053686379158435437E-0008   0.120113511389681593007E-0013   0.133412214437050149485E+0002  -0.149696590928504016981E-0003  -0.250000000000000000000E+0002   0.814612803554532405315E+0001
   0.123166666666666713148E+0001   0.127566689825443037140E-0008  -0.732798579107243761706E-0014   0.107261021610218498286E-0008   0.123890454016074220948E-0013   0.133431563112737912036E+0002  -0.154127509735438100388E-0003  -0.250000000000000000000E+0002   0.814612803553781716914E+0001
   0.126500000000000056843E+0001   0.131145522688971527064E-0008  -0.774730741929216194469E-0014   0.107469147859859093095E-0008   0.127695199181970647998E-0013   0.133450948028081022301E+0002  -0.158576091305322278710E-0003  -0.250000000000000000000E+0002   0.814612803553009356961E+0001
   0.129833333333333400539E+0001   0.134731306414962304921E-0008  -0.817935859820657039290E-0014   0.107678079439084455438E-0008   0.131528074627435877242E-0013   0.133470370229363037851E+0002  -0.163042539998975970087E-0003  -0.250000000000000000000E+0002   0.814612803552215325453E+0001
   0.133166666666666744234E+0001   0.138324068086658088150E-0008  -0.862423364324163481423E-0014   0.107887830652931167719E-0008   0.135389409471761174654E-0013   0.133489830752829412575E+0002  -0.167527057574168492969E-0003  -0.250000000000000000000E+0002   0.814612803551399800028E+0001
   0.136500000000000087930E+0001   0.141923835264088747418E-0008  -0.908202796962314236440E-0014   0.108098415806549570355E-0008   0.139279534389906599836E-0013   0.133509330625261970482E+0002  -0.172029843381642439434E-0003  -0.250000000000000000000E+0002   0.814612803550562247779E+0001
   0.139833333333333431625E+0001   0.145530635984174497402E-0008  -0.955283809782829864817E-0014   0.108309849211020950796E-0008   0.143198781777731235831E-0013   0.133528870864521742590E+0002  -0.176551094549035807266E-0003  -0.250000000000000000000E+0002   0.814612803549703023975E+0001
   0.143166666666666775320E+0001   0.149144498761018842807E-0008  -0.100367616595790321824E-0013   0.108522145188937228302E-0008   0.147147485910726297419E-0013   0.133548452480063080117E+0002  -0.181091006152874438697E-0003  -0.250000000000000000000E+0002   0.814612803548821773347E+0001
   0.146500000000000119016E+0001   0.152765452586383586827E-0008  -0.105338974043546075709E-0013   0.108735318079751943975E-0008   0.151125983096418687710E-0013   0.133568076473419665717E+0002  -0.185649771379584337160E-0003  -0.250000000000000000000E+0002   0.814612803547918495894E+0001
   0.149833333333333462711E+0001   0.156393526930338622881E-0008  -0.110443452064028366362E-0013   0.108949382244925717073E-0008   0.155134611820821226600E-0013   0.133587743838665602425E+0002  -0.190227581681995193798E-0003  -0.250000000000000000000E+0002   0.814612803546993191617E+0001
   0.153166666666666806407E+0001   0.160028751742079933515E-0008  -0.115682060722463613016E-0013   0.109164352072925186966E-0008   0.159173712894093781656E-0013   0.133607455562856767273E+0002  -0.194824626894960249235E-0003  -0.250000000000000000000E+0002   0.814612803546045505243E+0001
   0.156500000000000150102E+0001   0.163671157450911619229E-0008  -0.121055821485823350941E-0013   0.109380241983946772784E-0008   0.163243629566188762208E-0013   0.133627212626441007615E+0002  -0.199441095495255464988E-0003  -0.250000000000000000000E+0002   0.814612803545075614409E+0001
   0.159833333333333493798E+0001   0.167320774967381865612E-0008  -0.126565767309721614676E-0013   0.109597066434651910191E-0008   0.167344707760550626099E-0013   0.133647016003663825501E+0002  -0.204077174360117399735E-0003  -0.250000000000000000000E+0002   0.814612803544083163843E+0001
   0.163166666666666837493E+0001   0.170977635684575082175E-0008  -0.132212942719756089898E-0013   0.109814839922539424702E-0008   0.171477295908049867514E-0013   0.133666866662934875620E+0002  -0.208733049391798521294E-0003  -0.250000000000000000000E+0002   0.814612803543068331180E+0001
   0.166500000000000181188E+0001   0.174641771479546771204E-0008  -0.137998403910749781421E-0013   0.110033576990273133859E-0008   0.175641745478347195632E-0013   0.133686765567185936732E+0002  -0.213408905319621569965E-0003  -0.250000000000000000000E+0002   0.814612803542030761150E+0001
   0.169833333333333524884E+0001   0.178313214714900878464E-0008  -0.143923218841746495369E-0013   0.110253292230279006877E-0008   0.179838410852718049536E-0013   0.133706713674247374968E+0002  -0.218104925812732057923E-0003  -0.250000000000000000000E+0002   0.814612803540970631389E+0001
   0.173166666666666868579E+0001   0.181991998240518187095E-0008  -0.149988467335256246373E-0013   0.110474000288349066500E-0008   0.184067649450703522351E-0013   0.133726711937129536523E+0002  -0.222821293659916235290E-0003  -0.250000000000000000000E+0002   0.814612803539887586624E+0001
   0.176500000000000212275E+0001   0.185678155395403287841E-0008  -0.156195241182553720708E-0013   0.110695715867882550792E-0008   0.188329821908799031422E-0013   0.133746761304357448807E+0002  -0.227558190831507462090E-0003  -0.250000000000000000000E+0002   0.814612803538781626855E+0001
   0.179833333333333555970E+0001   0.189371720009670929212E-0008  -0.162544644251969788147E-0013   0.110918453733811050587E-0008   0.192625292169473800474E-0013   0.133766862720271646481E+0002  -0.232315798566561971823E-0003  -0.250000000000000000000E+0002   0.814612803537652574448E+0001
   0.183166666666666899665E+0001   0.193072726406661986851E-0008  -0.169037792600902808522E-0013   0.111142228716610624964E-0008   0.196954427591579705692E-0013   0.133787017125332337031E+0002  -0.237094297481233335376E-0003  -0.250000000000000000000E+0002   0.814612803536500429402E+0001
   0.186500000000000243361E+0001   0.196781209405191492288E-0008  -0.175675814592196472733E-0013   0.111367055715635235727E-0008   0.201317599079851313013E-0013   0.133807225456357539173E+0002  -0.241893867576176287929E-0003  -0.250000000000000000000E+0002   0.814612803535325014082E+0001
   0.189833333333333587056E+0001   0.200497204321906842141E-0008  -0.182459851012174945846E-0013   0.111592949703098629430E-0008   0.205715181134857812816E-0013   0.133827488646815808693E+0002  -0.246714688372160362989E-0003  -0.250000000000000000000E+0002   0.814612803534126328486E+0001
   0.193166666666666930752E+0001   0.204220746973776950023E-0008  -0.189391055193903645708E-0013   0.111819925727610451783E-0008   0.210147552007889295346E-0013   0.133847807627073471792E+0002  -0.251556938961815473952E-0003  -0.250000000000000000000E+0002   0.814612803532904017345E+0001
   0.196500000000000274447E+0001   0.207951873680698940802E-0008  -0.196470593143442170986E-0013   0.112047998917707791877E-0008   0.214615093790196419733E-0013   0.133868183324638341247E+0002  -0.256420798074996701254E-0003  -0.250000000000000000000E+0002   0.814612803531658258294E+0001
   0.199833333333333618143E+0001   0.211690621268221063742E-0008  -0.203699643669502142184E-0013   0.112277184485358002567E-0008   0.219118192513987928587E-0013   0.133888616664395154743E+0002  -0.261306444140640221820E-0003  -0.250000000000000000000E+0002   0.814612803530388696061E+0001
   0.203166666666666939634E+0001   0.215437027070381659084E-0008  -0.211079398516570634849E-0013   0.112507497729389556136E-0008   0.223657238258264384817E-0013   0.133909108568831971553E+0002  -0.266214055347859239898E-0003  -0.250000000000000000000E+0002   0.814612803529095508281E+0001
   0.206500000000000261124E+0001   0.219191128932661613807E-0008  -0.218611062501284760994E-0013   0.112738954038898353383E-0008   0.228232625240805285415E-0013   0.133929659958258753250E+0002  -0.271143809699326524161E-0003  -0.250000000000000000000E+0002   0.814612803527778162049E+0001
   0.209833333333333582615E+0001   0.222952965215049644822E-0008  -0.226295853652232841415E-0013   0.112971568896582895169E-0008   0.232844751925467902296E-0013   0.133950271751016778410E+0002  -0.276095885062879883246E-0003  -0.250000000000000000000E+0002   0.814612803526436835000E+0001
   0.213166666666666904106E+0001   0.226722574795218424371E-0008  -0.234135003352937842900E-0013   0.113205357882076207285E-0008   0.237494021114744269203E-0013   0.133970944863682834836E+0002  -0.281070459223286151645E-0003  -0.250000000000000000000E+0002   0.814612803525071349497E+0001
   0.216500000000000225597E+0001   0.230499997071810472293E-0008  -0.242129756488182714221E-0013   0.113440336675219676561E-0008   0.242180840050081506546E-0013   0.133991680211264672096E+0002  -0.286067709928217704402E-0003  -0.250000000000000000000E+0002   0.814612803523681705542E+0001
   0.219833333333333547088E+0001   0.234285271967833318849E-0008  -0.250281371593556735867E-0013   0.113676521059317427547E-0008   0.246905620508249069582E-0013   0.134012478707390894073E+0002  -0.291087814932549813693E-0003  -0.250000000000000000000E+0002   0.814612803522267370226E+0001
   0.223166666666666868579E+0001   0.238078439934162449175E-0008  -0.258591121008224208800E-0013   0.113913926924369771531E-0008   0.251668778897587541249E-0013   0.134033341264494545442E+0002  -0.296130952039759065639E-0003  -0.250000000000000000000E+0002   0.814612803520828698822E+0001
   0.226500000000000190070E+0001   0.241879541953151615791E-0008  -0.267060291030896328700E-0013   0.114152570270273919879E-0008   0.256470736353930521029E-0013   0.134054268793990445374E+0002  -0.301197299141092386405E-0003  -0.250000000000000000000E+0002   0.814612803519365336058E+0001
   0.229833333333333511561E+0001   0.245688619542349526523E-0008  -0.275690182078990121368E-0013   0.114392467210013757913E-0008   0.261311918835885990320E-0013   0.134075262206447511915E+0002  -0.306287034252041988520E-0003  -0.250000000000000000000E+0002   0.814612803517877104298E+0001
   0.233166666666666833052E+0001   0.249505714758322576990E-0008  -0.284482108850957147467E-0013   0.114633633972832310034E-0008   0.266192757219750352611E-0013   0.134096322411755402015E+0002  -0.311400335546608436361E-0003  -0.250000000000000000000E+0002   0.814612803516363825906E+0001
   0.236500000000000154543E+0001   0.253330870200583172689E-0008  -0.293437400491768818402E-0013   0.114876086907390866561E-0008   0.271113687393898890900E-0013   0.134117450319286657390E+0002  -0.316537381388895327442E-0003  -0.250000000000000000000E+0002   0.814612803514825678519E+0001
   0.239833333333333476034E+0001   0.257164129015622937588E-0008  -0.302557400761541189272E-0013   0.115119842484893803249E-0008   0.276075150352895643064E-0013   0.134138646838051496246E+0002  -0.321698350369325222851E-0003  -0.250000000000000000000E+0002   0.814612803513262129229E+0001
   0.243166666666666797525E+0001   0.261005534901050230188E-0008  -0.311843468207476091512E-0013   0.115364917302326538440E-0008   0.281077592296561488896E-0013   0.134159912876858964381E+0002  -0.326883421305546528150E-0003  -0.250000000000000000000E+0002   0.814612803511673355672E+0001
   0.246500000000000119016E+0001   0.264855132109835399863E-0008  -0.321296976338180270958E-0013   0.115611328085437974116E-0008   0.286121464701369122813E-0013   0.134181249344451956063E+0002  -0.332092773299064408614E-0003  -0.250000000000000000000E+0002   0.814612803510059180212E+0001
   0.249833333333333440507E+0001   0.268712965454655222158E-0008  -0.330919313801978497125E-0013   0.115859091691963646523E-0008   0.291207224439785055483E-0013   0.134202657149659092539E+0002  -0.337326585744780900987E-0003  -0.250000000000000000000E+0002   0.814612803508419247578E+0001
   0.253166666666666761998E+0001   0.272579080312345074355E-0008  -0.340711884567953733073E-0013   0.116108225114909074848E-0008   0.296335333861921923999E-0013   0.134224137201548359144E+0002  -0.342585038368811017895E-0003  -0.250000000000000000000E+0002   0.814612803506753557770E+0001
   0.256500000000000083489E+0001   0.276453522628460257529E-0008  -0.350676108110576180634E-0013   0.116358745485357294940E-0008   0.301506260902785583446E-0013   0.134245690409535463061E+0002  -0.347868311197695038225E-0003  -0.250000000000000000000E+0002   0.814612803505061933151E+0001
   0.259833333333333404980E+0001   0.280336338921931244954E-0008  -0.360813419595976564200E-0013   0.116610670075861478552E-0008   0.306720479131571056426E-0013   0.134267317683538927042E+0002  -0.353176584614032552673E-0003  -0.250000000000000000000E+0002   0.814612803503344373723E+0001
   0.263166666666666726471E+0001   0.284227576289832047467E-0008  -0.371125270072427387903E-0013   0.116864016303528538591E-0008   0.311978467877321133281E-0013   0.134289019934104718601E+0002  -0.358510039356978540449E-0003  -0.250000000000000000000E+0002   0.814612803501600701850E+0001
   0.266500000000000047962E+0001   0.288127282412251314653E-0008  -0.381613126663482843378E-0013   0.117118801733178007796E-0008   0.317280712308287546208E-0013   0.134310798072533437164E+0002  -0.363868856530922678717E-0003  -0.250000000000000000000E+0002   0.814612803499830384624E+0001
   0.269833333333333369453E+0001   0.292035505557269149725E-0008  -0.392278472764066154302E-0013   0.117375044080516096187E-0008   0.322627703519873498517E-0013   0.134332653011005209720E+0002  -0.369253217612687631866E-0003  -0.250000000000000000000E+0002   0.814612803498033777316E+0001
   0.273166666666666690944E+0001   0.295952294586039803511E-0008  -0.403122808239512498748E-0013   0.117632761215316758865E-0008   0.328019938622717683981E-0013   0.134354585662700554138E+0002  -0.374663304450694161635E-0003  -0.250000000000000000000E+0002   0.814612803496210524656E+0001
   0.276500000000000012434E+0001   0.299877698957980743876E-0008  -0.414147649627384430532E-0013   0.117891971164624229155E-0008   0.333457920825219108724E-0013   0.134376596941920070094E+0002  -0.380099299266697531093E-0003  -0.250000000000000000000E+0002   0.814612803494360449008E+0001
   0.279833333333333333925E+0001   0.303811768736068472797E-0008  -0.425354530342180779243E-0013   0.118152692115966718679E-0008   0.338942159519570072219E-0013   0.134398687764200612804E+0002  -0.385561384650475889781E-0003  -0.250000000000000000000E+0002   0.814612803492483372736E+0001
   0.283166666666666655416E+0001   0.307754554592242207790E-0008  -0.436745000882781698555E-0013   0.118414942420592947620E-0008   0.344473170362882370344E-0013   0.134420859046429193029E+0002  -0.391049743551053331867E-0003  -0.250000000000000000000E+0002   0.814612803490579295840E+0001
   0.286499999999999976907E+0001   0.311706107812915344977E-0008  -0.448320629042578429068E-0013   0.118678740596727700140E-0008   0.350051475356746189594E-0013   0.134443111706955384932E+0002  -0.396564559263996299285E-0003  -0.250000000000000000000E+0002   0.814612803488647863048E+0001
   0.289833333333333298398E+0001   0.315666480304596109985E-0008  -0.460083000122214316976E-0013   0.118944105332850251338E-0008   0.355677602924312987789E-0013   0.134465446665700394391E+0002  -0.402106015413576667068E-0003  -0.250000000000000000000E+0002   0.814612803486688896726E+0001
   0.293166666666666619889E+0001   0.319635724599617768923E-0008  -0.472033717144833022009E-0013   0.119211055490996100024E-0008   0.361352087984125932832E-0013   0.134487864844265381237E+0002  -0.407674295930195509929E-0003  -0.250000000000000000000E+0002   0.814612803484702396872E+0001
   0.296499999999999941380E+0001   0.323613893861979226611E-0008  -0.484174401073735401713E-0013   0.119479610110086205251E-0008   0.367075472020748449704E-0013   0.134510367166036832742E+0002  -0.413269585022039563811E-0003  -0.250000000000000000000E+0002   0.814612803482688185852E+0001
   0.299833333333333262871E+0001   0.327601041893297170112E-0008  -0.496506691032316519289E-0013   0.119749788409281203695E-0008   0.372848303151344396415E-0013   0.134532954556290818005E+0002  -0.418892067140749693038E-0003  -0.250000000000000000000E+0002   0.814612803480646086030E+0001
   0.303166666666666584362E+0001   0.331597223138870502035E-0008  -0.509032244526142042207E-0013   0.120021609791368466113E-0008   0.378671136187692313027E-0013   0.134555627942295092936E+0002  -0.424541926940438481882E-0003  -0.250000000000000000000E+0002   0.814612803478575742133E+0001
   0.306499999999999905853E+0001   0.335602492693858180298E-0008  -0.521752737667004113715E-0013   0.120295093846177608808E-0008   0.384544532693146038392E-0013   0.134578388253410015096E+0002  -0.430219349229299689516E-0003  -0.250000000000000000000E+0002   0.814612803476477154163E+0001
   0.309833333333333227344E+0001   0.339616906309571291536E-0008  -0.534669865398768632793E-0013   0.120570260354031387748E-0008   0.390469061033586478717E-0013   0.134601236421187593351E+0002  -0.435924518913065914098E-0003  -0.250000000000000000000E+0002   0.814612803474350144484E+0001
   0.313166666666666548835E+0001   0.343640520399880971151E-0008  -0.547785341724800003494E-0013   0.120847129289227322441E-0008   0.396445296421575730151E-0013   0.134624173379469223022E+0002  -0.441657620929715986381E-0003  -0.250000000000000000000E+0002   0.814612803472194535459E+0001
   0.316499999999999870326E+0001   0.347673392047742749035E-0008  -0.561100899936726127395E-0013   0.121125720823561175158E-0008   0.402473820952908917272E-0013   0.134647200064482301940E+0002  -0.447418840174238060994E-0003  -0.250000000000000000000E+0002   0.814612803470009971818E+0001
   0.319833333333333191817E+0001   0.351715579011839140761E-0008  -0.574618292844268358280E-0013   0.121406055329883145136E-0008   0.408555223634446026241E-0013   0.134670317414935620803E+0002  -0.453208361412376129450E-0003  -0.250000000000000000000E+0002   0.814612803467796631196E+0001
   0.323166666666666513308E+0001   0.355767139733341270064E-0008  -0.588339293005819233849E-0013   0.121688153385698275597E-0008   0.414690100401835779180E-0013   0.134693526372113101530E+0002  -0.459026369182408567476E-0003  -0.250000000000000000000E+0002   0.814612803465553980686E+0001
   0.326499999999999834799E+0001   0.359828133342791425127E-0008  -0.602265692959418045756E-0013   0.121972035776804518155E-0008   0.420879054126122817576E-0013   0.134716827879967109283E+0002  -0.464873047683484798016E-0003  -0.250000000000000000000E+0002   0.814612803463281842653E+0001
   0.329833333333333156290E+0001   0.363898619667107293138E-0008  -0.616399305453720224984E-0013   0.122257723500981834273E-0008   0.427122694607452844691E-0013   0.134740222885210751969E+0002  -0.470748580648817547233E-0003  -0.250000000000000000000E+0002   0.814612803460980394732E+0001
   0.333166666666666477781E+0001   0.367978659236710271934E-0008  -0.630741963678503003218E-0013   0.122545237771717940821E-0008   0.433421638554450981080E-0013   0.134763712337408865238E+0002  -0.476653151202643455588E-0003  -0.250000000000000000000E+0002   0.814612803458649104016E+0001
   0.336499999999999799272E+0001   0.372068313292778437770E-0008  -0.645295521494189478821E-0013   0.122834600021987760329E-0008   0.439776509546771697528E-0013   0.134787297189068784320E+0002  -0.482586941698349796131E-0003  -0.250000000000000000000E+0002   0.814612803456287970505E+0001
   0.339833333333333120763E+0001   0.376167643794626319866E-0008  -0.660061853659806825468E-0013   0.123125831908079462193E-0008   0.446187937979480397800E-0013   0.134810978395730014512E+0002  -0.488550133536252506952E-0003  -0.250000000000000000000E+0002   0.814612803453896638928E+0001
