  0.6500000000000E-01  0.0000000E+00  0.0000000E+00 -0.0000000E+00 -0.0000000E+00  0.0000000E+00  0.0000000E+00
  0.9833333333333E-01  0.4992436E-04  0.1497731E-02 -0.4973511E-05 -0.1492053E-03  0.1998828E-04  0.5996485E-03
  0.1316666666667E+00  0.7523364E-04  0.7592786E-03 -0.7494691E-05 -0.7563539E-04  0.3011379E-04  0.3037651E-03
  0.1650000000000E+00  0.1008301E-03  0.7678926E-03 -0.1004446E-04 -0.7649321E-04  0.4034910E-04  0.3070592E-03
  0.1983333333333E+00  0.1264425E-03  0.7683721E-03 -0.1259592E-04 -0.7654360E-04  0.5058597E-04  0.3071061E-03
  0.2316666666667E+00  0.1520756E-03  0.7689935E-03 -0.1514961E-04 -0.7661073E-04  0.6082649E-04  0.3072158E-03
  0.2650000000000E+00  0.1777338E-03  0.7697479E-03 -0.1770606E-04 -0.7669347E-04  0.7107263E-04  0.3073843E-03
  0.2983333333333E+00  0.2034214E-03  0.7706272E-03 -0.2026575E-04 -0.7679083E-04  0.8132623E-04  0.3076080E-03
  0.3316666666667E+00  0.2291422E-03  0.7716241E-03 -0.2282915E-04 -0.7690187E-04  0.9158902E-04  0.3078837E-03
  0.3650000000000E+00  0.2549000E-03  0.7727321E-03 -0.2539667E-04 -0.7702579E-04  0.1018626E-03  0.3082084E-03
  0.3983333333333E+00  0.2806981E-03  0.7739451E-03 -0.2796873E-04 -0.7716182E-04  0.1121486E-03  0.3085794E-03
  0.4316666666667E+00  0.3065400E-03  0.7752576E-03 -0.3054571E-04 -0.7730928E-04  0.1224484E-03  0.3089943E-03
  0.4650000000000E+00  0.3324289E-03  0.7766646E-03 -0.3312796E-04 -0.7746755E-04  0.1327634E-03  0.3094508E-03
  0.4983333333333E+00  0.3583676E-03  0.7781617E-03 -0.3571583E-04 -0.7763607E-04  0.1430950E-03  0.3099470E-03
  0.5316666666667E+00  0.3843591E-03  0.7797445E-03 -0.3830964E-04 -0.7781431E-04  0.1534444E-03  0.3104809E-03
  0.5650000000000E+00  0.4104061E-03  0.7814093E-03 -0.4090970E-04 -0.7800180E-04  0.1638127E-03  0.3110507E-03
  0.5983333333333E+00  0.4365111E-03  0.7831527E-03 -0.4351630E-04 -0.7819810E-04  0.1742012E-03  0.3116551E-03
  0.6316666666667E+00  0.4626768E-03  0.7849712E-03 -0.4612973E-04 -0.7840282E-04  0.1846110E-03  0.3122923E-03
  0.6650000000000E+00  0.4889056E-03  0.7868620E-03 -0.4875025E-04 -0.7861558E-04  0.1950430E-03  0.3129613E-03
  0.6983333333333E+00  0.5151997E-03  0.7888224E-03 -0.5137812E-04 -0.7883606E-04  0.2054984E-03  0.3136606E-03
  0.7316666666667E+00  0.5415613E-03  0.7908497E-03 -0.5401358E-04 -0.7906393E-04  0.2159780E-03  0.3143891E-03
  0.7650000000000E+00  0.5679927E-03  0.7929418E-03 -0.5665688E-04 -0.7929890E-04  0.2264829E-03  0.3151459E-03
  0.7983333333333E+00  0.5944959E-03  0.7950963E-03 -0.5930824E-04 -0.7954072E-04  0.2370139E-03  0.3159299E-03
  0.8316666666667E+00  0.6210730E-03  0.7973112E-03 -0.6196788E-04 -0.7978913E-04  0.2475719E-03  0.3167401E-03
  0.8650000000000E+00  0.6477258E-03  0.7995848E-03 -0.6463601E-04 -0.8004390E-04  0.2581577E-03  0.3175759E-03
  0.8983333333333E+00  0.6744563E-03  0.8019153E-03 -0.6731283E-04 -0.8030483E-04  0.2687723E-03  0.3184363E-03
  0.9316666666667E+00  0.7012663E-03  0.8043011E-03 -0.6999856E-04 -0.8057171E-04  0.2794163E-03  0.3193206E-03
  0.9650000000000E+00  0.7281577E-03  0.8067407E-03 -0.7269337E-04 -0.8084436E-04  0.2900906E-03  0.3202282E-03
  0.9983333333333E+00  0.7551321E-03  0.8092327E-03 -0.7539746E-04 -0.8112261E-04  0.3007959E-03  0.3211585E-03
  0.1031666666667E+01  0.7821913E-03  0.8117759E-03 -0.7811100E-04 -0.8140631E-04  0.3115329E-03  0.3221108E-03
  0.1065000000000E+01  0.8093369E-03  0.8143689E-03 -0.8083418E-04 -0.8169531E-04  0.3223024E-03  0.3230845E-03
  0.1098333333333E+01  0.8365706E-03  0.8170108E-03 -0.8356716E-04 -0.8198946E-04  0.3331050E-03  0.3240793E-03
  0.1131666666667E+01  0.8638940E-03  0.8197004E-03 -0.8631011E-04 -0.8228864E-04  0.3439415E-03  0.3250946E-03
  0.1165000000000E+01  0.8913085E-03  0.8224368E-03 -0.8906320E-04 -0.8259274E-04  0.3548125E-03  0.3261299E-03
  0.1198333333333E+01  0.9188158E-03  0.8252191E-03 -0.9182659E-04 -0.8290163E-04  0.3657187E-03  0.3271848E-03
  0.1231666666667E+01  0.9464174E-03  0.8280464E-03 -0.9460043E-04 -0.8321522E-04  0.3766606E-03  0.3282589E-03
  0.1265000000000E+01  0.9741147E-03  0.8309179E-03 -0.9738488E-04 -0.8353340E-04  0.3876390E-03  0.3293520E-03
  0.1298333333333E+01  0.1001909E-02  0.8338329E-03 -0.1001801E-03 -0.8385610E-04  0.3986545E-03  0.3304635E-03
  0.1331666666667E+01  0.1029802E-02  0.8367908E-03 -0.1029862E-03 -0.8418321E-04  0.4097076E-03  0.3315933E-03
  0.1365000000000E+01  0.1057795E-02  0.8397908E-03 -0.1058033E-03 -0.8451467E-04  0.4207989E-03  0.3327409E-03
  0.1398333333333E+01  0.1085890E-02  0.8428323E-03 -0.1086317E-03 -0.8485040E-04  0.4319291E-03  0.3339062E-03
  0.1431666666667E+01  0.1114087E-02  0.8459149E-03 -0.1114714E-03 -0.8519032E-04  0.4430988E-03  0.3350888E-03
  0.1465000000000E+01  0.1142388E-02  0.8490380E-03 -0.1143225E-03 -0.8553439E-04  0.4543084E-03  0.3362886E-03
  0.1498333333333E+01  0.1170795E-02  0.8522011E-03 -0.1171853E-03 -0.8588252E-04  0.4655586E-03  0.3375052E-03
  0.1531666666667E+01  0.1199308E-02  0.8554037E-03 -0.1200598E-03 -0.8623468E-04  0.4768499E-03  0.3387385E-03
  0.1565000000000E+01  0.1227930E-02  0.8586455E-03 -0.1229461E-03 -0.8659080E-04  0.4881828E-03  0.3399883E-03
  0.1598333333333E+01  0.1256661E-02  0.8619260E-03 -0.1258445E-03 -0.8695083E-04  0.4995579E-03  0.3412543E-03
  0.1631666666667E+01  0.1285502E-02  0.8652449E-03 -0.1287550E-03 -0.8731474E-04  0.5109758E-03  0.3425364E-03
  0.1665000000000E+01  0.1314455E-02  0.8686018E-03 -0.1316777E-03 -0.8768248E-04  0.5224370E-03  0.3438345E-03
  0.1698333333333E+01  0.1343522E-02  0.8719965E-03 -0.1346129E-03 -0.8805400E-04  0.5339419E-03  0.3451483E-03
  0.1731666666667E+01  0.1372703E-02  0.8754286E-03 -0.1375605E-03 -0.8842928E-04  0.5454912E-03  0.3464778E-03
  0.1765000000000E+01  0.1402000E-02  0.8788979E-03 -0.1405208E-03 -0.8880827E-04  0.5570853E-03  0.3478228E-03
  0.1798333333333E+01  0.1431413E-02  0.8824041E-03 -0.1434938E-03 -0.8919095E-04  0.5687247E-03  0.3491832E-03
  0.1831666666667E+01  0.1460945E-02  0.8859471E-03 -0.1464797E-03 -0.8957729E-04  0.5804100E-03  0.3505588E-03
  0.1865000000000E+01  0.1490595E-02  0.8895265E-03 -0.1494786E-03 -0.8996725E-04  0.5921416E-03  0.3519496E-03
  0.1898333333333E+01  0.1520367E-02  0.8931423E-03 -0.1524906E-03 -0.9036082E-04  0.6039202E-03  0.3533555E-03
  0.1931666666667E+01  0.1550260E-02  0.8967942E-03 -0.1555159E-03 -0.9075798E-04  0.6157460E-03  0.3547763E-03
  0.1965000000000E+01  0.1580276E-02  0.9004822E-03 -0.1585545E-03 -0.9115869E-04  0.6276198E-03  0.3562121E-03
  0.1998333333333E+01  0.1610416E-02  0.9042060E-03 -0.1616066E-03 -0.9156295E-04  0.6395419E-03  0.3576626E-03
  0.2031666666667E+01  0.1640682E-02  0.9079655E-03 -0.1646723E-03 -0.9197073E-04  0.6515128E-03  0.3591279E-03
  0.2065000000000E+01  0.1671074E-02  0.9117606E-03 -0.1677517E-03 -0.9238202E-04  0.6635331E-03  0.3606079E-03
  0.2098333333333E+01  0.1701594E-02  0.9155913E-03 -0.1708450E-03 -0.9279680E-04  0.6756031E-03  0.3621026E-03
  0.2131666666667E+01  0.1732242E-02  0.9194574E-03 -0.1739521E-03 -0.9321507E-04  0.6877235E-03  0.3636118E-03
  0.2165000000000E+01  0.1763021E-02  0.9233590E-03 -0.1770733E-03 -0.9363680E-04  0.6998947E-03  0.3651355E-03
  0.2198333333333E+01  0.1793931E-02  0.9272958E-03 -0.1802087E-03 -0.9406200E-04  0.7121172E-03  0.3666737E-03
  0.2231666666667E+01  0.1824973E-02  0.9312679E-03 -0.1833584E-03 -0.9449065E-04  0.7243914E-03  0.3682264E-03
  0.2265000000000E+01  0.1856149E-02  0.9352752E-03 -0.1865225E-03 -0.9492274E-04  0.7367178E-03  0.3697936E-03
  0.2298333333333E+01  0.1887459E-02  0.9393178E-03 -0.1897011E-03 -0.9535828E-04  0.7490970E-03  0.3713751E-03
  0.2331666666667E+01  0.1918906E-02  0.9433955E-03 -0.1928944E-03 -0.9579725E-04  0.7615294E-03  0.3729710E-03
  0.2365000000000E+01  0.1950489E-02  0.9475084E-03 -0.1961024E-03 -0.9623965E-04  0.7740154E-03  0.3745813E-03
  0.2398333333333E+01  0.1982211E-02  0.9516566E-03 -0.1993252E-03 -0.9668547E-04  0.7865556E-03  0.3762059E-03
  0.2431666666667E+01  0.2014073E-02  0.9558399E-03 -0.2025630E-03 -0.9713473E-04  0.7991504E-03  0.3778448E-03
  0.2465000000000E+01  0.2046075E-02  0.9600584E-03 -0.2058160E-03 -0.9758741E-04  0.8118004E-03  0.3794981E-03
  0.2498333333333E+01  0.2078218E-02  0.9643122E-03 -0.2090841E-03 -0.9804352E-04  0.8245059E-03  0.3811658E-03
  0.2531666666667E+01  0.2110505E-02  0.9686013E-03 -0.2123675E-03 -0.9850305E-04  0.8372675E-03  0.3828478E-03
  0.2565000000000E+01  0.2142936E-02  0.9729257E-03 -0.2156664E-03 -0.9896602E-04  0.8500856E-03  0.3845441E-03
  0.2598333333333E+01  0.2175512E-02  0.9772855E-03 -0.2189808E-03 -0.9943241E-04  0.8629608E-03  0.3862548E-03
  0.2631666666667E+01  0.2208235E-02  0.9816807E-03 -0.2223109E-03 -0.9990225E-04  0.8758935E-03  0.3879798E-03
  0.2665000000000E+01  0.2241105E-02  0.9861115E-03 -0.2256567E-03 -0.1003755E-03  0.8888841E-03  0.3897192E-03
  0.2698333333333E+01  0.2274124E-02  0.9905778E-03 -0.2290185E-03 -0.1008523E-03  0.9019332E-03  0.3914731E-03
  0.2731666666667E+01  0.2307294E-02  0.9950798E-03 -0.2323962E-03 -0.1013324E-03  0.9150412E-03  0.3932413E-03
  0.2765000000000E+01  0.2340614E-02  0.9996175E-03 -0.2357901E-03 -0.1018161E-03  0.9282087E-03  0.3950240E-03
  0.2798333333333E+01  0.2374087E-02  0.1004191E-02 -0.2392002E-03 -0.1023032E-03  0.9414361E-03  0.3968212E-03
  0.2831666666667E+01  0.2407714E-02  0.1008801E-02 -0.2426266E-03 -0.1027938E-03  0.9547239E-03  0.3986329E-03
  0.2865000000000E+01  0.2441496E-02  0.1013446E-02 -0.2460696E-03 -0.1032879E-03  0.9680725E-03  0.4004591E-03
  0.2898333333333E+01  0.2475433E-02  0.1018128E-02 -0.2495291E-03 -0.1037854E-03  0.9814825E-03  0.4022999E-03
  0.2931666666667E+01  0.2509528E-02  0.1022846E-02 -0.2530053E-03 -0.1042865E-03  0.9949543E-03  0.4041553E-03
  0.2965000000000E+01  0.2543781E-02  0.1027600E-02 -0.2564983E-03 -0.1047911E-03  0.1008489E-02  0.4060254E-03
  0.2998333333333E+01  0.2578194E-02  0.1032391E-02 -0.2600083E-03 -0.1052993E-03  0.1022086E-02  0.4079102E-03
  0.3031666666667E+01  0.2612768E-02  0.1037219E-02 -0.2635353E-03 -0.1058110E-03  0.1035746E-02  0.4098097E-03
  0.3065000000000E+01  0.2647504E-02  0.1042083E-02 -0.2670796E-03 -0.1063262E-03  0.1049470E-02  0.4117240E-03
  0.3098333333333E+01  0.2682404E-02  0.1046985E-02 -0.2706411E-03 -0.1068450E-03  0.1063258E-02  0.4136531E-03
  0.3131666666667E+01  0.2717468E-02  0.1051923E-02 -0.2742200E-03 -0.1073674E-03  0.1077112E-02  0.4155971E-03
  0.3165000000000E+01  0.2752698E-02  0.1056899E-02 -0.2778164E-03 -0.1078934E-03  0.1091030E-02  0.4175561E-03
  0.3198333333333E+01  0.2788095E-02  0.1061912E-02 -0.2814305E-03 -0.1084231E-03  0.1105015E-02  0.4195300E-03
  0.3231666666667E+01  0.2823660E-02  0.1066962E-02 -0.2850624E-03 -0.1089563E-03  0.1119065E-02  0.4215191E-03
  0.3265000000000E+01  0.2859396E-02  0.1072051E-02 -0.2887122E-03 -0.1094932E-03  0.1133183E-02  0.4235232E-03
  0.3298333333333E+01  0.2895301E-02  0.1077177E-02 -0.2923800E-03 -0.1100338E-03  0.1147367E-02  0.4255426E-03
  0.3331666666667E+01  0.2931379E-02  0.1082341E-02 -0.2960659E-03 -0.1105781E-03  0.1161620E-02  0.4275772E-03
  0.3365000000000E+01  0.2967631E-02  0.1087544E-02 -0.2997701E-03 -0.1111261E-03  0.1175941E-02  0.4296271E-03
  0.3398333333333E+01  0.3004057E-02  0.1092785E-02 -0.3034927E-03 -0.1116778E-03  0.1190331E-02  0.4316924E-03
