  0.6500000000000E-01  0.0000000E+00  0.0000000E+00 -0.0000000E+00 -0.0000000E+00  0.0000000E+00  0.0000000E+00
  0.9833333333333E-01  0.4436905E-04  0.1331072E-02 -0.5844921E-05 -0.1753476E-03  0.8239083E-05  0.2471725E-03
  0.1316666666667E+00  0.6684654E-04  0.6743247E-03 -0.8804059E-05 -0.8877416E-04  0.1240630E-04  0.1250165E-03
  0.1650000000000E+00  0.8956872E-04  0.6816653E-03 -0.1179424E-04 -0.8970545E-04  0.1661437E-04  0.1262421E-03
  0.1983333333333E+00  0.1122953E-03  0.6817966E-03 -0.1478400E-04 -0.8969262E-04  0.2081893E-04  0.1261368E-03
  0.2316666666667E+00  0.1350308E-03  0.6820665E-03 -0.1777408E-04 -0.8970243E-04  0.2502099E-04  0.1260618E-03
  0.2650000000000E+00  0.1577797E-03  0.6824665E-03 -0.2076519E-04 -0.8973337E-04  0.2922150E-04  0.1260152E-03
  0.2983333333333E+00  0.1805460E-03  0.6829884E-03 -0.2375799E-04 -0.8978406E-04  0.3342134E-04  0.1259954E-03
  0.3316666666667E+00  0.2033335E-03  0.6836252E-03 -0.2675310E-04 -0.8985327E-04  0.3762137E-04  0.1260007E-03
  0.3650000000000E+00  0.2261458E-03  0.6843703E-03 -0.2975110E-04 -0.8993988E-04  0.4182235E-04  0.1260296E-03
  0.3983333333333E+00  0.2489864E-03  0.6852176E-03 -0.3275252E-04 -0.9004285E-04  0.4602505E-04  0.1260809E-03
  0.4316666666667E+00  0.2718585E-03  0.6861619E-03 -0.3575790E-04 -0.9016126E-04  0.5023017E-04  0.1261534E-03
  0.4650000000000E+00  0.2947651E-03  0.6871982E-03 -0.3876771E-04 -0.9029427E-04  0.5443836E-04  0.1262459E-03
  0.4983333333333E+00  0.3177092E-03  0.6883219E-03 -0.4178241E-04 -0.9044109E-04  0.5865028E-04  0.1263575E-03
  0.5316666666667E+00  0.3406935E-03  0.6895290E-03 -0.4480244E-04 -0.9060101E-04  0.6286652E-04  0.1264872E-03
  0.5650000000000E+00  0.3637206E-03  0.6908156E-03 -0.4782822E-04 -0.9077339E-04  0.6708766E-04  0.1266342E-03
  0.5983333333333E+00  0.3867932E-03  0.6921782E-03 -0.5086015E-04 -0.9095763E-04  0.7131425E-04  0.1267977E-03
  0.6316666666667E+00  0.4099137E-03  0.6936136E-03 -0.5389858E-04 -0.9115317E-04  0.7554682E-04  0.1269770E-03
  0.6650000000000E+00  0.4330843E-03  0.6951189E-03 -0.5694390E-04 -0.9135951E-04  0.7978587E-04  0.1271714E-03
  0.6983333333333E+00  0.4563074E-03  0.6966913E-03 -0.5999644E-04 -0.9157619E-04  0.8403188E-04  0.1273803E-03
  0.7316666666667E+00  0.4795850E-03  0.6983283E-03 -0.6305653E-04 -0.9180277E-04  0.8828532E-04  0.1276031E-03
  0.7650000000000E+00  0.5029192E-03  0.7000275E-03 -0.6612450E-04 -0.9203886E-04  0.9254663E-04  0.1278394E-03
  0.7983333333333E+00  0.5263121E-03  0.7017869E-03 -0.6920063E-04 -0.9228408E-04  0.9681625E-04  0.1280885E-03
  0.8316666666667E+00  0.5497656E-03  0.7036043E-03 -0.7228523E-04 -0.9253810E-04  0.1010946E-03  0.1283501E-03
  0.8650000000000E+00  0.5732815E-03  0.7054780E-03 -0.7537859E-04 -0.9280059E-04  0.1053820E-03  0.1286238E-03
  0.8983333333333E+00  0.5968617E-03  0.7074061E-03 -0.7848096E-04 -0.9307126E-04  0.1096790E-03  0.1289091E-03
  0.9316666666667E+00  0.6205080E-03  0.7093871E-03 -0.8159262E-04 -0.9334984E-04  0.1139859E-03  0.1292056E-03
  0.9650000000000E+00  0.6442220E-03  0.7114195E-03 -0.8471383E-04 -0.9363607E-04  0.1183030E-03  0.1295131E-03
  0.9983333333333E+00  0.6680054E-03  0.7135019E-03 -0.8784482E-04 -0.9392971E-04  0.1226307E-03  0.1298312E-03
  0.1031666666667E+01  0.6918598E-03  0.7156329E-03 -0.9098584E-04 -0.9423054E-04  0.1269693E-03  0.1301597E-03
  0.1065000000000E+01  0.7157868E-03  0.7178115E-03 -0.9413711E-04 -0.9453836E-04  0.1313193E-03  0.1304981E-03
  0.1098333333333E+01  0.7397881E-03  0.7200363E-03 -0.9729888E-04 -0.9485297E-04  0.1356808E-03  0.1308463E-03
  0.1131666666667E+01  0.7638649E-03  0.7223064E-03 -0.1004714E-03 -0.9517419E-04  0.1400543E-03  0.1312041E-03
  0.1165000000000E+01  0.7880190E-03  0.7246208E-03 -0.1036547E-03 -0.9550185E-04  0.1444400E-03  0.1315711E-03
  0.1198333333333E+01  0.8122516E-03  0.7269785E-03 -0.1068493E-03 -0.9583579E-04  0.1488382E-03  0.1319473E-03
  0.1231666666667E+01  0.8365642E-03  0.7293788E-03 -0.1100551E-03 -0.9617586E-04  0.1532493E-03  0.1323323E-03
  0.1265000000000E+01  0.8609582E-03  0.7318207E-03 -0.1132725E-03 -0.9652193E-04  0.1576735E-03  0.1327260E-03
  0.1298333333333E+01  0.8854350E-03  0.7343036E-03 -0.1165017E-03 -0.9687387E-04  0.1621111E-03  0.1331281E-03
  0.1331666666667E+01  0.9099959E-03  0.7368266E-03 -0.1197427E-03 -0.9723155E-04  0.1665624E-03  0.1335387E-03
  0.1365000000000E+01  0.9346422E-03  0.7393892E-03 -0.1229959E-03 -0.9759486E-04  0.1710276E-03  0.1339574E-03
  0.1398333333333E+01  0.9593752E-03  0.7419908E-03 -0.1262613E-03 -0.9796369E-04  0.1755071E-03  0.1343842E-03
  0.1431666666667E+01  0.9841963E-03  0.7446307E-03 -0.1295393E-03 -0.9833795E-04  0.1800011E-03  0.1348188E-03
  0.1465000000000E+01  0.1009107E-02  0.7473085E-03 -0.1328298E-03 -0.9871753E-04  0.1845098E-03  0.1352612E-03
  0.1498333333333E+01  0.1034107E-02  0.7500235E-03 -0.1361333E-03 -0.9910235E-04  0.1890335E-03  0.1357113E-03
  0.1531666666667E+01  0.1059200E-02  0.7527754E-03 -0.1394497E-03 -0.9949232E-04  0.1935725E-03  0.1361689E-03
  0.1565000000000E+01  0.1084385E-02  0.7555637E-03 -0.1427793E-03 -0.9988738E-04  0.1981269E-03  0.1366339E-03
  0.1598333333333E+01  0.1109665E-02  0.7583879E-03 -0.1461222E-03 -0.1002874E-03  0.2026971E-03  0.1371062E-03
  0.1631666666667E+01  0.1135040E-02  0.7612478E-03 -0.1494786E-03 -0.1006924E-03  0.2072833E-03  0.1375857E-03
  0.1665000000000E+01  0.1160511E-02  0.7641429E-03 -0.1528487E-03 -0.1011023E-03  0.2118857E-03  0.1380724E-03
  0.1698333333333E+01  0.1186080E-02  0.7670729E-03 -0.1562326E-03 -0.1015170E-03  0.2165046E-03  0.1385661E-03
  0.1731666666667E+01  0.1211748E-02  0.7700374E-03 -0.1596304E-03 -0.1019364E-03  0.2211402E-03  0.1390668E-03
  0.1765000000000E+01  0.1237516E-02  0.7730363E-03 -0.1630425E-03 -0.1023605E-03  0.2257926E-03  0.1395744E-03
  0.1798333333333E+01  0.1263385E-02  0.7760692E-03 -0.1664688E-03 -0.1027893E-03  0.2304623E-03  0.1400888E-03
  0.1831666666667E+01  0.1289356E-02  0.7791359E-03 -0.1699095E-03 -0.1032227E-03  0.2351493E-03  0.1406099E-03
  0.1865000000000E+01  0.1315431E-02  0.7822361E-03 -0.1733649E-03 -0.1036607E-03  0.2398539E-03  0.1411377E-03
  0.1898333333333E+01  0.1341610E-02  0.7853697E-03 -0.1768350E-03 -0.1041032E-03  0.2445763E-03  0.1416722E-03
  0.1931666666667E+01  0.1367894E-02  0.7885364E-03 -0.1803200E-03 -0.1045501E-03  0.2493167E-03  0.1422132E-03
  0.1965000000000E+01  0.1394286E-02  0.7917361E-03 -0.1838200E-03 -0.1050016E-03  0.2540754E-03  0.1427608E-03
  0.1998333333333E+01  0.1420785E-02  0.7949686E-03 -0.1873353E-03 -0.1054574E-03  0.2588526E-03  0.1433149E-03
  0.2031666666667E+01  0.1447392E-02  0.7982337E-03 -0.1908659E-03 -0.1059176E-03  0.2636484E-03  0.1438754E-03
  0.2065000000000E+01  0.1474110E-02  0.8015313E-03 -0.1944119E-03 -0.1063822E-03  0.2684632E-03  0.1444423E-03
  0.2098333333333E+01  0.1500939E-02  0.8048614E-03 -0.1979737E-03 -0.1068511E-03  0.2732970E-03  0.1450156E-03
  0.2131666666667E+01  0.1527880E-02  0.8082237E-03 -0.2015511E-03 -0.1073244E-03  0.2781502E-03  0.1455951E-03
  0.2165000000000E+01  0.1554933E-02  0.8116181E-03 -0.2051445E-03 -0.1078019E-03  0.2830229E-03  0.1461810E-03
  0.2198333333333E+01  0.1582102E-02  0.8150447E-03 -0.2087540E-03 -0.1082837E-03  0.2879153E-03  0.1467732E-03
  0.2231666666667E+01  0.1609385E-02  0.8185033E-03 -0.2123796E-03 -0.1087697E-03  0.2928277E-03  0.1473716E-03
  0.2265000000000E+01  0.1636785E-02  0.8219939E-03 -0.2160216E-03 -0.1092600E-03  0.2977602E-03  0.1479762E-03
  0.2298333333333E+01  0.1664302E-02  0.8255164E-03 -0.2196801E-03 -0.1097546E-03  0.3027131E-03  0.1485870E-03
  0.2331666666667E+01  0.1691938E-02  0.8290707E-03 -0.2233552E-03 -0.1102533E-03  0.3076866E-03  0.1492039E-03
  0.2365000000000E+01  0.1719693E-02  0.8326568E-03 -0.2270471E-03 -0.1107562E-03  0.3126808E-03  0.1498271E-03
  0.2398333333333E+01  0.1747569E-02  0.8362748E-03 -0.2307559E-03 -0.1112633E-03  0.3176961E-03  0.1504563E-03
  0.2431666666667E+01  0.1775566E-02  0.8399245E-03 -0.2344817E-03 -0.1117746E-03  0.3227324E-03  0.1510917E-03
  0.2465000000000E+01  0.1803687E-02  0.8436060E-03 -0.2382247E-03 -0.1122901E-03  0.3277902E-03  0.1517332E-03
  0.2498333333333E+01  0.1831930E-02  0.8473193E-03 -0.2419850E-03 -0.1128097E-03  0.3328696E-03  0.1523808E-03
  0.2531666666667E+01  0.1860299E-02  0.8510643E-03 -0.2457628E-03 -0.1133335E-03  0.3379707E-03  0.1530345E-03
  0.2565000000000E+01  0.1888794E-02  0.8548412E-03 -0.2495582E-03 -0.1138615E-03  0.3430939E-03  0.1536942E-03
  0.2598333333333E+01  0.1917416E-02  0.8586499E-03 -0.2533713E-03 -0.1143936E-03  0.3482392E-03  0.1543601E-03
  0.2631666666667E+01  0.1946165E-02  0.8624904E-03 -0.2572023E-03 -0.1149299E-03  0.3534069E-03  0.1550320E-03
  0.2665000000000E+01  0.1975044E-02  0.8663628E-03 -0.2610513E-03 -0.1154703E-03  0.3585973E-03  0.1557100E-03
  0.2698333333333E+01  0.2004053E-02  0.8702672E-03 -0.2649185E-03 -0.1160149E-03  0.3638104E-03  0.1563941E-03
  0.2731666666667E+01  0.2033193E-02  0.8742035E-03 -0.2688039E-03 -0.1165637E-03  0.3690465E-03  0.1570842E-03
  0.2765000000000E+01  0.2062466E-02  0.8781719E-03 -0.2727078E-03 -0.1171166E-03  0.3743059E-03  0.1577805E-03
  0.2798333333333E+01  0.2091871E-02  0.8821724E-03 -0.2766303E-03 -0.1176737E-03  0.3795887E-03  0.1584828E-03
  0.2831666666667E+01  0.2121411E-02  0.8862050E-03 -0.2805715E-03 -0.1182350E-03  0.3848950E-03  0.1591912E-03
  0.2865000000000E+01  0.2151087E-02  0.8902699E-03 -0.2845315E-03 -0.1188004E-03  0.3902252E-03  0.1599056E-03
  0.2898333333333E+01  0.2180899E-02  0.8943671E-03 -0.2885105E-03 -0.1193701E-03  0.3955794E-03  0.1606262E-03
  0.2931666666667E+01  0.2210849E-02  0.8984968E-03 -0.2925086E-03 -0.1199439E-03  0.4009578E-03  0.1613529E-03
  0.2965000000000E+01  0.2240938E-02  0.9026589E-03 -0.2965260E-03 -0.1205220E-03  0.4063607E-03  0.1620857E-03
  0.2998333333333E+01  0.2271166E-02  0.9068537E-03 -0.3005628E-03 -0.1211043E-03  0.4117882E-03  0.1628246E-03
  0.3031666666667E+01  0.2301536E-02  0.9110811E-03 -0.3046192E-03 -0.1216908E-03  0.4172405E-03  0.1635697E-03
  0.3065000000000E+01  0.2332047E-02  0.9153414E-03 -0.3086952E-03 -0.1222815E-03  0.4227179E-03  0.1643209E-03
  0.3098333333333E+01  0.2362702E-02  0.9196346E-03 -0.3127911E-03 -0.1228765E-03  0.4282205E-03  0.1650783E-03
  0.3131666666667E+01  0.2393500E-02  0.9239608E-03 -0.3169070E-03 -0.1234758E-03  0.4337486E-03  0.1658419E-03
  0.3165000000000E+01  0.2424444E-02  0.9283202E-03 -0.3210429E-03 -0.1240794E-03  0.4393023E-03  0.1666117E-03
  0.3198333333333E+01  0.2455535E-02  0.9327129E-03 -0.3251992E-03 -0.1246872E-03  0.4448819E-03  0.1673877E-03
  0.3231666666667E+01  0.2486773E-02  0.9371390E-03 -0.3293758E-03 -0.1252994E-03  0.4504875E-03  0.1681699E-03
  0.3265000000000E+01  0.2518159E-02  0.9415987E-03 -0.3335730E-03 -0.1259159E-03  0.4561195E-03  0.1689584E-03
  0.3298333333333E+01  0.2549696E-02  0.9460921E-03 -0.3377909E-03 -0.1265368E-03  0.4617779E-03  0.1697532E-03
  0.3331666666667E+01  0.2581383E-02  0.9506194E-03 -0.3420297E-03 -0.1271620E-03  0.4674631E-03  0.1705542E-03
  0.3365000000000E+01  0.2613222E-02  0.9551806E-03 -0.3462894E-03 -0.1277916E-03  0.4731751E-03  0.1713616E-03
  0.3398333333333E+01  0.2645215E-02  0.9597760E-03 -0.3505702E-03 -0.1284256E-03  0.4789143E-03  0.1721753E-03
