  0.6500000000000E-01  0.0000000E+00  0.0000000E+00 -0.0000000E+00 -0.0000000E+00  0.0000000E+00  0.0000000E+00
  0.9833333333333E-01  0.4204700E-04  0.1261410E-02  0.2448311E-05  0.7344932E-04  0.1664362E-04  0.4993087E-03
  0.1316666666667E+00  0.6335902E-04  0.6393605E-03  0.3688610E-05  0.3720897E-04  0.2507446E-04  0.2529251E-03
  0.1650000000000E+00  0.8491023E-04  0.6465364E-03  0.4942325E-05  0.3761145E-04  0.3359648E-04  0.2556605E-03
  0.1983333333333E+00  0.1064724E-03  0.6468648E-03  0.6196128E-05  0.3761409E-04  0.4211954E-04  0.2556920E-03
  0.2316666666667E+00  0.1280495E-03  0.6473146E-03  0.7450213E-05  0.3762257E-04  0.5064540E-04  0.2557757E-03
  0.2650000000000E+00  0.1496455E-03  0.6478781E-03  0.8704766E-05  0.3763656E-04  0.5917568E-04  0.2559083E-03
  0.2983333333333E+00  0.1712638E-03  0.6485486E-03  0.9959958E-05  0.3765578E-04  0.6771190E-04  0.2560869E-03
  0.3316666666667E+00  0.1929078E-03  0.6493196E-03  0.1121596E-04  0.3767997E-04  0.7625553E-04  0.2563086E-03
  0.3650000000000E+00  0.2145806E-03  0.6501857E-03  0.1247292E-04  0.3770889E-04  0.8480790E-04  0.2565712E-03
  0.3983333333333E+00  0.2362853E-03  0.6511415E-03  0.1373100E-04  0.3774231E-04  0.9337031E-04  0.2568722E-03
  0.4316666666667E+00  0.2580247E-03  0.6521825E-03  0.1499033E-04  0.3778004E-04  0.1019440E-03  0.2572098E-03
  0.4650000000000E+00  0.2798015E-03  0.6533043E-03  0.1625106E-04  0.3782190E-04  0.1105300E-03  0.2575820E-03
  0.4983333333333E+00  0.3016183E-03  0.6545031E-03  0.1751332E-04  0.3786772E-04  0.1191296E-03  0.2579871E-03
  0.5316666666667E+00  0.3234775E-03  0.6557753E-03  0.1877723E-04  0.3791733E-04  0.1277437E-03  0.2584236E-03
  0.5650000000000E+00  0.3453814E-03  0.6571176E-03  0.2004292E-04  0.3797061E-04  0.1363734E-03  0.2588901E-03
  0.5983333333333E+00  0.3673323E-03  0.6585270E-03  0.2131050E-04  0.3802742E-04  0.1450196E-03  0.2593852E-03
  0.6316666666667E+00  0.3893323E-03  0.6600007E-03  0.2258009E-04  0.3808764E-04  0.1536832E-03  0.2599077E-03
  0.6650000000000E+00  0.4113835E-03  0.6615362E-03  0.2385179E-04  0.3815115E-04  0.1623650E-03  0.2604565E-03
  0.6983333333333E+00  0.4334879E-03  0.6631311E-03  0.2512572E-04  0.3821786E-04  0.1710661E-03  0.2610306E-03
  0.7316666666667E+00  0.4556474E-03  0.6647833E-03  0.2640198E-04  0.3828766E-04  0.1797870E-03  0.2616291E-03
  0.7650000000000E+00  0.4778637E-03  0.6664907E-03  0.2768066E-04  0.3836047E-04  0.1885287E-03  0.2622510E-03
  0.7983333333333E+00  0.5001388E-03  0.6682515E-03  0.2896187E-04  0.3843621E-04  0.1972919E-03  0.2628955E-03
  0.8316666666667E+00  0.5224742E-03  0.6700640E-03  0.3024569E-04  0.3851479E-04  0.2060773E-03  0.2635619E-03
  0.8650000000000E+00  0.5448718E-03  0.6719265E-03  0.3153223E-04  0.3859614E-04  0.2148856E-03  0.2642495E-03
  0.8983333333333E+00  0.5673330E-03  0.6738376E-03  0.3282157E-04  0.3868021E-04  0.2237176E-03  0.2649576E-03
  0.9316666666667E+00  0.5898596E-03  0.6757958E-03  0.3411380E-04  0.3876692E-04  0.2325737E-03  0.2656857E-03
  0.9650000000000E+00  0.6124529E-03  0.6778001E-03  0.3540901E-04  0.3885621E-04  0.2414548E-03  0.2664330E-03
  0.9983333333333E+00  0.6351145E-03  0.6798490E-03  0.3670728E-04  0.3894804E-04  0.2503615E-03  0.2671992E-03
  0.1031666666667E+01  0.6578459E-03  0.6819415E-03  0.3800869E-04  0.3904236E-04  0.2592943E-03  0.2679838E-03
  0.1065000000000E+01  0.6806485E-03  0.6840766E-03  0.3931332E-04  0.3913910E-04  0.2682538E-03  0.2687862E-03
  0.1098333333333E+01  0.7035236E-03  0.6862533E-03  0.4062127E-04  0.3923824E-04  0.2772407E-03  0.2696061E-03
  0.1131666666667E+01  0.7264726E-03  0.6884708E-03  0.4193259E-04  0.3933973E-04  0.2862555E-03  0.2704430E-03
  0.1165000000000E+01  0.7494969E-03  0.6907280E-03  0.4324737E-04  0.3944353E-04  0.2952987E-03  0.2712966E-03
  0.1198333333333E+01  0.7725977E-03  0.6930244E-03  0.4456569E-04  0.3954960E-04  0.3043709E-03  0.2721665E-03
  0.1231666666667E+01  0.7957763E-03  0.6953591E-03  0.4588762E-04  0.3965791E-04  0.3134726E-03  0.2730524E-03
  0.1265000000000E+01  0.8190340E-03  0.6977315E-03  0.4721324E-04  0.3976843E-04  0.3226044E-03  0.2739540E-03
  0.1298333333333E+01  0.8423721E-03  0.7001410E-03  0.4854261E-04  0.3988113E-04  0.3317668E-03  0.2748710E-03
  0.1331666666667E+01  0.8657916E-03  0.7025868E-03  0.4987581E-04  0.3999598E-04  0.3409602E-03  0.2758031E-03
  0.1365000000000E+01  0.8892939E-03  0.7050685E-03  0.5121291E-04  0.4011296E-04  0.3501852E-03  0.2767502E-03
  0.1398333333333E+01  0.9128801E-03  0.7075856E-03  0.5255398E-04  0.4023204E-04  0.3594423E-03  0.2777119E-03
  0.1431666666667E+01  0.9365514E-03  0.7101376E-03  0.5389908E-04  0.4035319E-04  0.3687319E-03  0.2786880E-03
  0.1465000000000E+01  0.9603088E-03  0.7127240E-03  0.5524830E-04  0.4047641E-04  0.3780545E-03  0.2796783E-03
  0.1498333333333E+01  0.9841536E-03  0.7153444E-03  0.5660168E-04  0.4060166E-04  0.3874106E-03  0.2806827E-03
  0.1531666666667E+01  0.1008087E-02  0.7179983E-03  0.5795932E-04  0.4072894E-04  0.3968006E-03  0.2817009E-03
  0.1565000000000E+01  0.1032110E-02  0.7206856E-03  0.5932126E-04  0.4085821E-04  0.4062251E-03  0.2827329E-03
  0.1598333333333E+01  0.1056223E-02  0.7234057E-03  0.6068757E-04  0.4098947E-04  0.4156843E-03  0.2837783E-03
  0.1631666666667E+01  0.1080429E-02  0.7261584E-03  0.6205833E-04  0.4112271E-04  0.4251789E-03  0.2848372E-03
  0.1665000000000E+01  0.1104727E-02  0.7289434E-03  0.6343359E-04  0.4125790E-04  0.4347092E-03  0.2859093E-03
  0.1698333333333E+01  0.1129119E-02  0.7317604E-03  0.6481343E-04  0.4139504E-04  0.4442757E-03  0.2869945E-03
  0.1731666666667E+01  0.1153606E-02  0.7346092E-03  0.6619790E-04  0.4153412E-04  0.4538788E-03  0.2880927E-03
  0.1765000000000E+01  0.1178189E-02  0.7374895E-03  0.6758707E-04  0.4167511E-04  0.4635189E-03  0.2892038E-03
  0.1798333333333E+01  0.1202869E-02  0.7404012E-03  0.6898100E-04  0.4181802E-04  0.4731965E-03  0.2903277E-03
  0.1831666666667E+01  0.1227647E-02  0.7433439E-03  0.7037976E-04  0.4196284E-04  0.4829120E-03  0.2914642E-03
  0.1865000000000E+01  0.1252524E-02  0.7463176E-03  0.7178342E-04  0.4210955E-04  0.4926658E-03  0.2926134E-03
  0.1898333333333E+01  0.1277501E-02  0.7493220E-03  0.7319202E-04  0.4225815E-04  0.5024583E-03  0.2937751E-03
  0.1931666666667E+01  0.1302580E-02  0.7523571E-03  0.7460564E-04  0.4240863E-04  0.5122899E-03  0.2949493E-03
  0.1965000000000E+01  0.1327761E-02  0.7554226E-03  0.7602434E-04  0.4256098E-04  0.5221611E-03  0.2961358E-03
  0.1998333333333E+01  0.1353045E-02  0.7585185E-03  0.7744818E-04  0.4271521E-04  0.5320723E-03  0.2973347E-03
  0.2031666666667E+01  0.1378433E-02  0.7616447E-03  0.7887722E-04  0.4287130E-04  0.5420238E-03  0.2985458E-03
  0.2065000000000E+01  0.1403926E-02  0.7648010E-03  0.8031153E-04  0.4302925E-04  0.5520161E-03  0.2997691E-03
  0.2098333333333E+01  0.1429526E-02  0.7679873E-03  0.8175117E-04  0.4318906E-04  0.5620496E-03  0.3010045E-03
  0.2131666666667E+01  0.1455233E-02  0.7712036E-03  0.8319619E-04  0.4335072E-04  0.5721246E-03  0.3022521E-03
  0.2165000000000E+01  0.1481048E-02  0.7744498E-03  0.8464667E-04  0.4351423E-04  0.5822417E-03  0.3035117E-03
  0.2198333333333E+01  0.1506972E-02  0.7777259E-03  0.8610265E-04  0.4367959E-04  0.5924011E-03  0.3047834E-03
  0.2231666666667E+01  0.1533006E-02  0.7810318E-03  0.8756421E-04  0.4384680E-04  0.6026034E-03  0.3060671E-03
  0.2265000000000E+01  0.1559152E-02  0.7843674E-03  0.8903141E-04  0.4401586E-04  0.6128488E-03  0.3073628E-03
  0.2298333333333E+01  0.1585410E-02  0.7877328E-03  0.9050430E-04  0.4418675E-04  0.6231378E-03  0.3086705E-03
  0.2331666666667E+01  0.1611780E-02  0.7911280E-03  0.9198295E-04  0.4435950E-04  0.6334708E-03  0.3099901E-03
  0.2365000000000E+01  0.1638266E-02  0.7945528E-03  0.9346742E-04  0.4453408E-04  0.6438482E-03  0.3113216E-03
  0.2398333333333E+01  0.1664866E-02  0.7980073E-03  0.9495777E-04  0.4471051E-04  0.6542704E-03  0.3126651E-03
  0.2431666666667E+01  0.1691582E-02  0.8014916E-03  0.9645406E-04  0.4488879E-04  0.6647377E-03  0.3140204E-03
  0.2465000000000E+01  0.1718416E-02  0.8050055E-03  0.9795636E-04  0.4506891E-04  0.6752507E-03  0.3153877E-03
  0.2498333333333E+01  0.1745367E-02  0.8085492E-03  0.9946472E-04  0.4525088E-04  0.6858096E-03  0.3167669E-03
  0.2531666666667E+01  0.1772438E-02  0.8121227E-03  0.1009792E-03  0.4543470E-04  0.6964148E-03  0.3181580E-03
  0.2565000000000E+01  0.1799629E-02  0.8157260E-03  0.1024999E-03  0.4562037E-04  0.7070669E-03  0.3195610E-03
  0.2598333333333E+01  0.1826941E-02  0.8193591E-03  0.1040268E-03  0.4580790E-04  0.7177660E-03  0.3209759E-03
  0.2631666666667E+01  0.1854375E-02  0.8230221E-03  0.1055601E-03  0.4599728E-04  0.7285128E-03  0.3224027E-03
  0.2665000000000E+01  0.1881932E-02  0.8267150E-03  0.1070997E-03  0.4618852E-04  0.7393075E-03  0.3238415E-03
  0.2698333333333E+01  0.1909613E-02  0.8304379E-03  0.1086457E-03  0.4638162E-04  0.7501506E-03  0.3252923E-03
  0.2731666666667E+01  0.1937420E-02  0.8341908E-03  0.1101983E-03  0.4657659E-04  0.7610424E-03  0.3267550E-03
  0.2765000000000E+01  0.1965352E-02  0.8379739E-03  0.1117574E-03  0.4677344E-04  0.7719834E-03  0.3282298E-03
  0.2798333333333E+01  0.1993412E-02  0.8417872E-03  0.1133231E-03  0.4697215E-04  0.7829740E-03  0.3297165E-03
  0.2831666666667E+01  0.2021600E-02  0.8456307E-03  0.1148956E-03  0.4717275E-04  0.7940145E-03  0.3312153E-03
  0.2865000000000E+01  0.2049916E-02  0.8495046E-03  0.1164747E-03  0.4737523E-04  0.8051054E-03  0.3327262E-03
  0.2898333333333E+01  0.2078363E-02  0.8534089E-03  0.1180607E-03  0.4757959E-04  0.8162470E-03  0.3342491E-03
  0.2931666666667E+01  0.2106941E-02  0.8573438E-03  0.1196536E-03  0.4778585E-04  0.8274398E-03  0.3357842E-03
  0.2965000000000E+01  0.2135652E-02  0.8613093E-03  0.1212534E-03  0.4799401E-04  0.8386842E-03  0.3373315E-03
  0.2998333333333E+01  0.2164495E-02  0.8653055E-03  0.1228602E-03  0.4820408E-04  0.8499805E-03  0.3388909E-03
  0.3031666666667E+01  0.2193473E-02  0.8693326E-03  0.1244741E-03  0.4841605E-04  0.8613293E-03  0.3404626E-03
  0.3065000000000E+01  0.2222586E-02  0.8733907E-03  0.1260951E-03  0.4862994E-04  0.8727309E-03  0.3420466E-03
  0.3098333333333E+01  0.2251835E-02  0.8774798E-03  0.1277232E-03  0.4884576E-04  0.8841856E-03  0.3436428E-03
  0.3131666666667E+01  0.2281222E-02  0.8816001E-03  0.1293587E-03  0.4906350E-04  0.8956940E-03  0.3452515E-03
  0.3165000000000E+01  0.2310747E-02  0.8857518E-03  0.1310015E-03  0.4928317E-04  0.9072564E-03  0.3468725E-03
  0.3198333333333E+01  0.2340412E-02  0.8899349E-03  0.1326516E-03  0.4950479E-04  0.9188733E-03  0.3485060E-03
  0.3231666666667E+01  0.2370217E-02  0.8941496E-03  0.1343092E-03  0.4972836E-04  0.9305450E-03  0.3501520E-03
  0.3265000000000E+01  0.2400163E-02  0.8983960E-03  0.1359744E-03  0.4995389E-04  0.9422720E-03  0.3518106E-03
  0.3298333333333E+01  0.2430252E-02  0.9026743E-03  0.1376471E-03  0.5018138E-04  0.9540548E-03  0.3534817E-03
  0.3331666666667E+01  0.2460485E-02  0.9069846E-03  0.1393274E-03  0.5041084E-04  0.9658936E-03  0.3551655E-03
  0.3365000000000E+01  0.2490863E-02  0.9113271E-03  0.1410155E-03  0.5064228E-04  0.9777890E-03  0.3568620E-03
  0.3398333333333E+01  0.2521386E-02  0.9157019E-03  0.1427114E-03  0.5087571E-04  0.9897414E-03  0.3585713E-03
