  0.6500000000000E-01  0.0000000E+00  0.0000000E+00 -0.0000000E+00 -0.0000000E+00  0.0000000E+00  0.0000000E+00
  0.9833333333333E-01  0.2556090E-04  0.7668270E-03 -0.8207036E-06 -0.2462111E-04  0.1535626E-04  0.4606879E-03
  0.1316666666667E+00  0.3852411E-04  0.3888963E-03 -0.1237475E-05 -0.1250313E-04  0.2314433E-04  0.2336419E-03
  0.1650000000000E+00  0.5163773E-04  0.3934086E-03 -0.1659468E-05 -0.1265981E-04  0.3102286E-04  0.2363559E-03
  0.1983333333333E+00  0.6476270E-04  0.3937492E-03 -0.2082215E-05 -0.1268240E-04  0.3890831E-04  0.2365637E-03
  0.2316666666667E+00  0.7790130E-04  0.3941580E-03 -0.2505790E-05 -0.1270725E-04  0.4680207E-04  0.2368128E-03
  0.2650000000000E+00  0.9105566E-04  0.3946307E-03 -0.2930263E-05 -0.1273419E-04  0.5470542E-04  0.2371004E-03
  0.2983333333333E+00  0.1042278E-03  0.3951635E-03 -0.3355699E-05 -0.1276309E-04  0.6261956E-04  0.2374243E-03
  0.3316666666667E+00  0.1174195E-03  0.3957529E-03 -0.3782160E-05 -0.1279383E-04  0.7054564E-04  0.2377824E-03
  0.3650000000000E+00  0.1306327E-03  0.3963958E-03 -0.4209703E-05 -0.1282628E-04  0.7848473E-04  0.2381727E-03
  0.3983333333333E+00  0.1438690E-03  0.3970893E-03 -0.4638381E-05 -0.1286035E-04  0.8643785E-04  0.2385935E-03
  0.4316666666667E+00  0.1571301E-03  0.3978307E-03 -0.5068246E-05 -0.1289594E-04  0.9440596E-04  0.2390433E-03
  0.4650000000000E+00  0.1704173E-03  0.3986178E-03 -0.5499345E-05 -0.1293297E-04  0.1023900E-03  0.2395206E-03
  0.4983333333333E+00  0.1837323E-03  0.3994482E-03 -0.5931723E-05 -0.1297135E-04  0.1103908E-03  0.2400240E-03
  0.5316666666667E+00  0.1970763E-03  0.4003202E-03 -0.6365424E-05 -0.1301104E-04  0.1184092E-03  0.2405525E-03
  0.5650000000000E+00  0.2104507E-03  0.4012318E-03 -0.6800489E-05 -0.1305194E-04  0.1264460E-03  0.2411049E-03
  0.5983333333333E+00  0.2238567E-03  0.4021813E-03 -0.7236956E-05 -0.1309402E-04  0.1345020E-03  0.2416801E-03
  0.6316666666667E+00  0.2372956E-03  0.4031673E-03 -0.7674864E-05 -0.1313721E-04  0.1425779E-03  0.2422773E-03
  0.6650000000000E+00  0.2507686E-03  0.4041883E-03 -0.8114246E-05 -0.1318147E-04  0.1506745E-03  0.2428956E-03
  0.6983333333333E+00  0.2642767E-03  0.4052430E-03 -0.8555138E-05 -0.1322675E-04  0.1587923E-03  0.2435342E-03
  0.7316666666667E+00  0.2778210E-03  0.4063302E-03 -0.8997571E-05 -0.1327301E-04  0.1669320E-03  0.2441924E-03
  0.7650000000000E+00  0.2914026E-03  0.4074489E-03 -0.9441578E-05 -0.1332021E-04  0.1750943E-03  0.2448695E-03
  0.7983333333333E+00  0.3050226E-03  0.4085979E-03 -0.9887189E-05 -0.1336832E-04  0.1832798E-03  0.2455649E-03
  0.8316666666667E+00  0.3186818E-03  0.4097764E-03 -0.1033443E-04 -0.1341730E-04  0.1914891E-03  0.2462780E-03
  0.8650000000000E+00  0.3323812E-03  0.4109834E-03 -0.1078334E-04 -0.1346713E-04  0.1997227E-03  0.2470084E-03
  0.8983333333333E+00  0.3461218E-03  0.4122182E-03 -0.1123393E-04 -0.1351777E-04  0.2079812E-03  0.2477554E-03
  0.9316666666667E+00  0.3599045E-03  0.4134800E-03 -0.1168624E-04 -0.1356921E-04  0.2162652E-03  0.2485187E-03
  0.9650000000000E+00  0.3737301E-03  0.4147681E-03 -0.1214028E-04 -0.1362141E-04  0.2245751E-03  0.2492978E-03
  0.9983333333333E+00  0.3875995E-03  0.4160818E-03 -0.1259609E-04 -0.1367436E-04  0.2329115E-03  0.2500923E-03
  0.1031666666667E+01  0.4015135E-03  0.4174205E-03 -0.1305370E-04 -0.1372804E-04  0.2412749E-03  0.2509019E-03
  0.1065000000000E+01  0.4154730E-03  0.4187837E-03 -0.1351311E-04 -0.1378242E-04  0.2496658E-03  0.2517263E-03
  0.1098333333333E+01  0.4294787E-03  0.4201709E-03 -0.1397436E-04 -0.1383750E-04  0.2580846E-03  0.2525650E-03
  0.1131666666667E+01  0.4435314E-03  0.4215815E-03 -0.1443747E-04 -0.1389325E-04  0.2665319E-03  0.2534178E-03
  0.1165000000000E+01  0.4576319E-03  0.4230151E-03 -0.1490246E-04 -0.1394965E-04  0.2750080E-03  0.2542845E-03
  0.1198333333333E+01  0.4717809E-03  0.4244712E-03 -0.1536935E-04 -0.1400671E-04  0.2835135E-03  0.2551647E-03
  0.1231666666667E+01  0.4859792E-03  0.4259496E-03 -0.1583816E-04 -0.1406439E-04  0.2920488E-03  0.2560583E-03
  0.1265000000000E+01  0.5002276E-03  0.4274497E-03 -0.1630892E-04 -0.1412270E-04  0.3006143E-03  0.2569650E-03
  0.1298333333333E+01  0.5145266E-03  0.4289713E-03 -0.1678164E-04 -0.1418162E-04  0.3092104E-03  0.2578846E-03
  0.1331666666667E+01  0.5288771E-03  0.4305141E-03 -0.1725634E-04 -0.1424114E-04  0.3178377E-03  0.2588169E-03
  0.1365000000000E+01  0.5432797E-03  0.4320777E-03 -0.1773305E-04 -0.1430125E-04  0.3264964E-03  0.2597617E-03
  0.1398333333333E+01  0.5577351E-03  0.4336619E-03 -0.1821178E-04 -0.1436194E-04  0.3351870E-03  0.2607189E-03
  0.1431666666667E+01  0.5722439E-03  0.4352664E-03 -0.1869255E-04 -0.1442320E-04  0.3439100E-03  0.2616883E-03
  0.1465000000000E+01  0.5868070E-03  0.4368910E-03 -0.1917539E-04 -0.1448503E-04  0.3526656E-03  0.2626698E-03
  0.1498333333333E+01  0.6014248E-03  0.4385354E-03 -0.1966030E-04 -0.1454742E-04  0.3614544E-03  0.2636633E-03
  0.1531666666667E+01  0.6160981E-03  0.4401995E-03 -0.2014732E-04 -0.1461036E-04  0.3702767E-03  0.2646685E-03
  0.1565000000000E+01  0.6308276E-03  0.4418831E-03 -0.2063644E-04 -0.1467385E-04  0.3791329E-03  0.2656854E-03
  0.1598333333333E+01  0.6456138E-03  0.4435859E-03 -0.2112771E-04 -0.1473788E-04  0.3880233E-03  0.2667140E-03
  0.1631666666667E+01  0.6604574E-03  0.4453079E-03 -0.2162112E-04 -0.1480245E-04  0.3969485E-03  0.2677540E-03
  0.1665000000000E+01  0.6753590E-03  0.4470488E-03 -0.2211671E-04 -0.1486756E-04  0.4059086E-03  0.2688054E-03
  0.1698333333333E+01  0.6903193E-03  0.4488086E-03 -0.2261448E-04 -0.1493319E-04  0.4149042E-03  0.2698681E-03
  0.1731666666667E+01  0.7053389E-03  0.4505871E-03 -0.2311446E-04 -0.1499934E-04  0.4239356E-03  0.2709421E-03
  0.1765000000000E+01  0.7204183E-03  0.4523842E-03 -0.2361666E-04 -0.1506602E-04  0.4330032E-03  0.2720272E-03
  0.1798333333333E+01  0.7355583E-03  0.4541997E-03 -0.2412110E-04 -0.1513322E-04  0.4421073E-03  0.2731234E-03
  0.1831666666667E+01  0.7507594E-03  0.4560336E-03 -0.2462780E-04 -0.1520093E-04  0.4512484E-03  0.2742307E-03
  0.1865000000000E+01  0.7660223E-03  0.4578859E-03 -0.2513677E-04 -0.1526916E-04  0.4604267E-03  0.2753490E-03
  0.1898333333333E+01  0.7813475E-03  0.4597563E-03 -0.2564803E-04 -0.1533789E-04  0.4696426E-03  0.2764782E-03
  0.1931666666667E+01  0.7967357E-03  0.4616449E-03 -0.2616160E-04 -0.1540714E-04  0.4788965E-03  0.2776183E-03
  0.1965000000000E+01  0.8121874E-03  0.4635516E-03 -0.2667750E-04 -0.1547690E-04  0.4881888E-03  0.2787692E-03
  0.1998333333333E+01  0.8277033E-03  0.4654763E-03 -0.2719574E-04 -0.1554716E-04  0.4975199E-03  0.2799310E-03
  0.2031666666667E+01  0.8432839E-03  0.4674189E-03 -0.2771634E-04 -0.1561793E-04  0.5068900E-03  0.2811036E-03
  0.2065000000000E+01  0.8589299E-03  0.4693795E-03 -0.2823931E-04 -0.1568920E-04  0.5162996E-03  0.2822870E-03
  0.2098333333333E+01  0.8746418E-03  0.4713581E-03 -0.2876468E-04 -0.1576098E-04  0.5257489E-03  0.2834811E-03
  0.2131666666667E+01  0.8904203E-03  0.4733544E-03 -0.2929245E-04 -0.1583326E-04  0.5352385E-03  0.2846859E-03
  0.2165000000000E+01  0.9062659E-03  0.4753687E-03 -0.2982265E-04 -0.1590604E-04  0.5447685E-03  0.2859014E-03
  0.2198333333333E+01  0.9221793E-03  0.4774007E-03 -0.3035530E-04 -0.1597933E-04  0.5543394E-03  0.2871277E-03
  0.2231666666667E+01  0.9381610E-03  0.4794506E-03 -0.3089040E-04 -0.1605312E-04  0.5639516E-03  0.2883647E-03
  0.2265000000000E+01  0.9542116E-03  0.4815182E-03 -0.3142798E-04 -0.1612742E-04  0.5736053E-03  0.2896123E-03
  0.2298333333333E+01  0.9703317E-03  0.4836037E-03 -0.3196805E-04 -0.1620222E-04  0.5833010E-03  0.2908706E-03
  0.2331666666667E+01  0.9865219E-03  0.4857070E-03 -0.3251064E-04 -0.1627752E-04  0.5930390E-03  0.2921397E-03
  0.2365000000000E+01  0.1002783E-02  0.4878281E-03 -0.3305575E-04 -0.1635333E-04  0.6028197E-03  0.2934194E-03
  0.2398333333333E+01  0.1019115E-02  0.4899670E-03 -0.3360340E-04 -0.1642964E-04  0.6126433E-03  0.2947098E-03
  0.2431666666667E+01  0.1035519E-02  0.4921237E-03 -0.3415362E-04 -0.1650647E-04  0.6225103E-03  0.2960109E-03
  0.2465000000000E+01  0.1051996E-02  0.4942983E-03 -0.3470641E-04 -0.1658380E-04  0.6324211E-03  0.2973228E-03
  0.2498333333333E+01  0.1068546E-02  0.4964908E-03 -0.3526180E-04 -0.1666163E-04  0.6423759E-03  0.2986454E-03
  0.2531666666667E+01  0.1085169E-02  0.4987012E-03 -0.3581980E-04 -0.1673999E-04  0.6523752E-03  0.2999787E-03
  0.2565000000000E+01  0.1101867E-02  0.5009296E-03 -0.3638043E-04 -0.1681885E-04  0.6624193E-03  0.3013228E-03
  0.2598333333333E+01  0.1118639E-02  0.5031759E-03 -0.3694370E-04 -0.1689822E-04  0.6725086E-03  0.3026777E-03
  0.2631666666667E+01  0.1135487E-02  0.5054402E-03 -0.3750964E-04 -0.1697812E-04  0.6826434E-03  0.3040434E-03
  0.2665000000000E+01  0.1152411E-02  0.5077226E-03 -0.3807826E-04 -0.1705853E-04  0.6928240E-03  0.3054200E-03
  0.2698333333333E+01  0.1169412E-02  0.5100231E-03 -0.3864957E-04 -0.1713945E-04  0.7030509E-03  0.3068074E-03
  0.2731666666667E+01  0.1186490E-02  0.5123417E-03 -0.3922360E-04 -0.1722090E-04  0.7133245E-03  0.3082057E-03
  0.2765000000000E+01  0.1203646E-02  0.5146785E-03 -0.3980037E-04 -0.1730288E-04  0.7236450E-03  0.3096150E-03
  0.2798333333333E+01  0.1220880E-02  0.5170336E-03 -0.4037988E-04 -0.1738538E-04  0.7340128E-03  0.3110352E-03
  0.2831666666667E+01  0.1238194E-02  0.5194070E-03 -0.4096216E-04 -0.1746840E-04  0.7444284E-03  0.3124663E-03
  0.2865000000000E+01  0.1255587E-02  0.5217987E-03 -0.4154722E-04 -0.1755196E-04  0.7548920E-03  0.3139086E-03
  0.2898333333333E+01  0.1273061E-02  0.5242089E-03 -0.4213509E-04 -0.1763605E-04  0.7654040E-03  0.3153619E-03
  0.2931666666667E+01  0.1290615E-02  0.5266376E-03 -0.4272578E-04 -0.1772068E-04  0.7759649E-03  0.3168262E-03
  0.2965000000000E+01  0.1308252E-02  0.5290849E-03 -0.4331931E-04 -0.1780585E-04  0.7865750E-03  0.3183018E-03
  0.2998333333333E+01  0.1325970E-02  0.5315508E-03 -0.4391570E-04 -0.1789155E-04  0.7972346E-03  0.3197885E-03
  0.3031666666667E+01  0.1343771E-02  0.5340353E-03 -0.4451496E-04 -0.1797780E-04  0.8079441E-03  0.3212865E-03
  0.3065000000000E+01  0.1361656E-02  0.5365387E-03 -0.4511711E-04 -0.1806460E-04  0.8187040E-03  0.3227957E-03
  0.3098333333333E+01  0.1379625E-02  0.5390610E-03 -0.4572217E-04 -0.1815195E-04  0.8295145E-03  0.3243163E-03
  0.3131666666667E+01  0.1397678E-02  0.5416022E-03 -0.4633017E-04 -0.1823985E-04  0.8403761E-03  0.3258482E-03
  0.3165000000000E+01  0.1415817E-02  0.5441624E-03 -0.4694111E-04 -0.1832830E-04  0.8512892E-03  0.3273916E-03
  0.3198333333333E+01  0.1434041E-02  0.5467417E-03 -0.4755502E-04 -0.1841732E-04  0.8622541E-03  0.3289464E-03
  0.3231666666667E+01  0.1452353E-02  0.5493402E-03 -0.4817192E-04 -0.1850690E-04  0.8732712E-03  0.3305128E-03
  0.3265000000000E+01  0.1470751E-02  0.5519581E-03 -0.4879182E-04 -0.1859705E-04  0.8843409E-03  0.3320908E-03
  0.3298333333333E+01  0.1489238E-02  0.5545953E-03 -0.4941475E-04 -0.1868776E-04  0.8954635E-03  0.3336804E-03
  0.3331666666667E+01  0.1507813E-02  0.5572520E-03 -0.5004071E-04 -0.1877905E-04  0.9066396E-03  0.3352817E-03
  0.3365000000000E+01  0.1526477E-02  0.5599282E-03 -0.5066975E-04 -0.1887092E-04  0.9178694E-03  0.3368948E-03
  0.3398333333333E+01  0.1545231E-02  0.5626242E-03 -0.5130186E-04 -0.1896337E-04  0.9291534E-03  0.3385196E-03
