    0.000000000000000000000E+0000   0.259216079583320663674E-0013   0.000000000000000000000E+0000   0.000000000000000000000E+0000
    0.000000000000000000000E+0000   0.259216079583320663674E-0013   0.000000000000000000000E+0000   0.000000000000000000000E+0000
    0.000000000000000000000E+0000   0.259216079583320663674E-0013   0.000000000000000000000E+0000   0.000000000000000000000E+0000
    0.000000000000000000000E+0000   0.259216079583320663674E-0013   0.000000000000000000000E+0000   0.000000000000000000000E+0000
    0.000000000000000000000E+0000   0.259216079583320663674E-0013   0.000000000000000000000E+0000   0.000000000000000000000E+0000
    0.000000000000000000000E+0000   0.259216079583320663674E-0013   0.000000000000000000000E+0000   0.000000000000000000000E+0000
    0.000000000000000000000E+0000   0.259216079583320663674E-0013   0.000000000000000000000E+0000   0.000000000000000000000E+0000
    0.000000000000000000000E+0000   0.259216079583320663674E-0013   0.000000000000000000000E+0000   0.000000000000000000000E+0000
    0.000000000000000000000E+0000   0.259216079583320663674E-0013   0.000000000000000000000E+0000   0.000000000000000000000E+0000
    0.000000000000000000000E+0000   0.259216079583320663674E-0013   0.000000000000000000000E+0000   0.000000000000000000000E+0000
    0.000000000000000000000E+0000   0.259216079583320663674E-0013   0.000000000000000000000E+0000   0.000000000000000000000E+0000
    0.000000000000000000000E+0000   0.259216079583320663674E-0013   0.000000000000000000000E+0000   0.000000000000000000000E+0000
    0.000000000000000000000E+0000   0.259216079583320663674E-0013   0.000000000000000000000E+0000   0.000000000000000000000E+0000
    0.000000000000000000000E+0000   0.259216079583320663674E-0013   0.000000000000000000000E+0000   0.000000000000000000000E+0000
    0.000000000000000000000E+0000   0.259216079583320663674E-0013   0.000000000000000000000E+0000   0.000000000000000000000E+0000
    0.000000000000000000000E+0000   0.259216079583320663674E-0013   0.000000000000000000000E+0000   0.000000000000000000000E+0000
    0.000000000000000000000E+0000   0.259216079583320663674E-0013   0.000000000000000000000E+0000   0.000000000000000000000E+0000
    0.000000000000000000000E+0000   0.259216079583320663674E-0013   0.000000000000000000000E+0000   0.000000000000000000000E+0000
    0.000000000000000000000E+0000   0.259216079583320663674E-0013   0.000000000000000000000E+0000   0.000000000000000000000E+0000
    0.000000000000000000000E+0000   0.259216079583320663674E-0013   0.000000000000000000000E+0000   0.000000000000000000000E+0000
    0.000000000000000000000E+0000   0.259216079583320663674E-0013   0.000000000000000000000E+0000   0.000000000000000000000E+0000
    0.000000000000000000000E+0000   0.259216079583320663674E-0013   0.000000000000000000000E+0000   0.000000000000000000000E+0000
    0.000000000000000000000E+0000   0.259216079583320663674E-0013   0.000000000000000000000E+0000   0.000000000000000000000E+0000
    0.000000000000000000000E+0000   0.259216079583320663674E-0013   0.000000000000000000000E+0000   0.000000000000000000000E+0000
    0.000000000000000000000E+0000   0.259216079583320663674E-0013   0.000000000000000000000E+0000   0.000000000000000000000E+0000
    0.000000000000000000000E+0000   0.259216079583320663674E-0013   0.000000000000000000000E+0000   0.000000000000000000000E+0000
    0.000000000000000000000E+0000   0.259216079583320663674E-0013   0.000000000000000000000E+0000   0.000000000000000000000E+0000
    0.000000000000000000000E+0000   0.259216079583320663674E-0013   0.000000000000000000000E+0000   0.000000000000000000000E+0000
    0.000000000000000000000E+0000   0.259216079583320663674E-0013   0.000000000000000000000E+0000   0.000000000000000000000E+0000
    0.000000000000000000000E+0000   0.259216079583320663674E-0013   0.000000000000000000000E+0000   0.000000000000000000000E+0000
    0.000000000000000000000E+0000   0.259216079583320663674E-0013   0.000000000000000000000E+0000   0.000000000000000000000E+0000
    0.000000000000000000000E+0000   0.259216079583320663674E-0013   0.000000000000000000000E+0000   0.000000000000000000000E+0000
    0.000000000000000000000E+0000   0.259216079583320663674E-0013   0.000000000000000000000E+0000   0.000000000000000000000E+0000
    0.000000000000000000000E+0000   0.259216079583320663674E-0013   0.000000000000000000000E+0000   0.000000000000000000000E+0000
    0.000000000000000000000E+0000   0.259216079583320663674E-0013   0.000000000000000000000E+0000   0.000000000000000000000E+0000
    0.000000000000000000000E+0000   0.259216079583320663674E-0013   0.000000000000000000000E+0000   0.000000000000000000000E+0000
    0.000000000000000000000E+0000   0.259216079583320663674E-0013   0.000000000000000000000E+0000   0.000000000000000000000E+0000
    0.000000000000000000000E+0000   0.259216079583320663674E-0013   0.000000000000000000000E+0000   0.000000000000000000000E+0000
    0.000000000000000000000E+0000   0.259216079583320663674E-0013   0.000000000000000000000E+0000   0.000000000000000000000E+0000
    0.000000000000000000000E+0000   0.259216079583320663674E-0013   0.000000000000000000000E+0000   0.000000000000000000000E+0000
    0.000000000000000000000E+0000   0.259216079583320663674E-0013   0.000000000000000000000E+0000   0.000000000000000000000E+0000
    0.000000000000000000000E+0000   0.259216079583320663674E-0013   0.000000000000000000000E+0000   0.000000000000000000000E+0000
    0.000000000000000000000E+0000   0.259216079583320663674E-0013   0.000000000000000000000E+0000   0.000000000000000000000E+0000
    0.000000000000000000000E+0000   0.259216079583320663674E-0013   0.000000000000000000000E+0000   0.000000000000000000000E+0000
    0.000000000000000000000E+0000   0.365813643518782995591E-0004   0.000000000000000000000E+0000   0.000000000000000000000E+0000
    0.000000000000000000000E+0000   0.483321978917056169797E-0004   0.000000000000000000000E+0000   0.000000000000000000000E+0000
    0.000000000000000000000E+0000   0.876637612658925046132E-0004   0.000000000000000000000E+0000   0.000000000000000000000E+0000
    0.000000000000000000000E+0000   0.485624835434633078148E-0003   0.000000000000000000000E+0000   0.000000000000000000000E+0000
    0.000000000000000000000E+0000   0.437983128274681797476E-0002   0.000000000000000000000E+0000   0.000000000000000000000E+0000
    0.000000000000000000000E+0000   0.882238095292163515548E-0002   0.000000000000000000000E+0000   0.000000000000000000000E+0000
    0.000000000000000000000E+0000   0.957104233538706716811E-0002   0.000000000000000000000E+0000   0.000000000000000000000E+0000
    0.000000000000000000000E+0000   0.100505969586707349928E-0001   0.000000000000000000000E+0000   0.000000000000000000000E+0000
    0.000000000000000000000E+0000   0.102484723316769964219E-0001   0.000000000000000000000E+0000   0.000000000000000000000E+0000
    0.000000000000000000000E+0000   0.100505969586707367275E-0001   0.000000000000000000000E+0000   0.000000000000000000000E+0000
    0.000000000000000000000E+0000   0.957104233538707410700E-0002   0.000000000000000000000E+0000   0.000000000000000000000E+0000
    0.000000000000000000000E+0000   0.882238095292164209438E-0002   0.000000000000000000000E+0000   0.000000000000000000000E+0000
    0.000000000000000000000E+0000   0.437983128274686047549E-0002   0.000000000000000000000E+0000   0.000000000000000000000E+0000
    0.000000000000000000000E+0000   0.485624835434634487610E-0003   0.000000000000000000000E+0000   0.000000000000000000000E+0000
    0.000000000000000000000E+0000   0.876637612658928163214E-0004   0.000000000000000000000E+0000   0.000000000000000000000E+0000
    0.000000000000000000000E+0000   0.483321978917057186237E-0004   0.000000000000000000000E+0000   0.000000000000000000000E+0000
    0.000000000000000000000E+0000   0.365813643518783131116E-0004   0.000000000000000000000E+0000   0.000000000000000000000E+0000
    0.000000000000000000000E+0000   0.259216079583320663674E-0013   0.000000000000000000000E+0000   0.000000000000000000000E+0000
    0.000000000000000000000E+0000   0.259216079583320663674E-0013   0.000000000000000000000E+0000   0.000000000000000000000E+0000
    0.000000000000000000000E+0000   0.259216079583320663674E-0013   0.000000000000000000000E+0000   0.000000000000000000000E+0000
    0.000000000000000000000E+0000   0.259216079583320663674E-0013   0.000000000000000000000E+0000   0.000000000000000000000E+0000
    0.000000000000000000000E+0000   0.403591532954662842933E-0004   0.000000000000000000000E+0000   0.000000000000000000000E+0000
    0.000000000000000000000E+0000   0.585368278880767542688E-0004   0.000000000000000000000E+0000   0.000000000000000000000E+0000
    0.000000000000000000000E+0000   0.185923825709858616360E-0003   0.000000000000000000000E+0000   0.000000000000000000000E+0000
    0.000000000000000000000E+0000   0.234972679512904410182E-0002   0.000000000000000000000E+0000   0.000000000000000000000E+0000
    0.000000000000000000000E+0000   0.100125938785621988736E-0001   0.000000000000000000000E+0000   0.000000000000000000000E+0000
    0.000000000000000000000E+0000   0.123200103095242180506E-0001   0.000000000000000000000E+0000   0.000000000000000000000E+0000
    0.000000000000000000000E+0000   0.140226797388290046198E-0001   0.000000000000000000000E+0000   0.000000000000000000000E+0000
    0.000000000000000000000E+0000   0.147861311471533408285E-0001   0.000000000000000000000E+0000   0.000000000000000000000E+0000
    0.000000000000000000000E+0000   0.150177660527281951752E-0001   0.000000000000000000000E+0000   0.000000000000000000000E+0000
    0.000000000000000000000E+0000   0.147861311471533425632E-0001   0.000000000000000000000E+0000   0.000000000000000000000E+0000
    0.000000000000000000000E+0000   0.140226797388290115587E-0001   0.000000000000000000000E+0000   0.000000000000000000000E+0000
    0.000000000000000000000E+0000   0.123200103095242284590E-0001   0.000000000000000000000E+0000   0.000000000000000000000E+0000
    0.000000000000000000000E+0000   0.100125938785622127514E-0001   0.000000000000000000000E+0000   0.000000000000000000000E+0000
    0.000000000000000000000E+0000   0.234972679512905971433E-0002   0.000000000000000000000E+0000   0.000000000000000000000E+0000
    0.000000000000000000000E+0000   0.185923825709859429512E-0003   0.000000000000000000000E+0000   0.000000000000000000000E+0000
    0.000000000000000000000E+0000   0.585368278880768830178E-0004   0.000000000000000000000E+0000   0.000000000000000000000E+0000
    0.000000000000000000000E+0000   0.403591532954663317271E-0004   0.000000000000000000000E+0000   0.000000000000000000000E+0000
    0.000000000000000000000E+0000   0.259216079583320663674E-0013   0.000000000000000000000E+0000   0.000000000000000000000E+0000
    0.000000000000000000000E+0000   0.259216079583320663674E-0013   0.000000000000000000000E+0000   0.000000000000000000000E+0000
    0.000000000000000000000E+0000   0.259216079583320663674E-0013   0.000000000000000000000E+0000   0.000000000000000000000E+0000
    0.000000000000000000000E+0000   0.259216079583320663674E-0013   0.000000000000000000000E+0000   0.000000000000000000000E+0000
    0.000000000000000000000E+0000   0.441973880256469703288E-0004   0.000000000000000000000E+0000   0.000000000000000000000E+0000
    0.000000000000000000000E+0000   0.724796923647153462167E-0004   0.000000000000000000000E+0000   0.000000000000000000000E+0000
    0.000000000000000000000E+0000   0.365871523371950413753E-0003   0.000000000000000000000E+0000   0.000000000000000000000E+0000
    0.000000000000000000000E+0000   0.765966727510334483009E-0002   0.000000000000000000000E+0000   0.000000000000000000000E+0000
    0.000000000000000000000E+0000   0.122432824501366131764E-0001   0.000000000000000000000E+0000   0.000000000000000000000E+0000
    0.000000000000000000000E+0000   0.149119308693180172010E-0001   0.000000000000000000000E+0000   0.000000000000000000000E+0000
    0.000000000000000000000E+0000   0.166197490886961576906E-0001   0.000000000000000000000E+0000   0.000000000000000000000E+0000
    0.000000000000000000000E+0000   0.175841130711206911075E-0001   0.000000000000000000000E+0000   0.000000000000000000000E+0000
    0.000000000000000000000E+0000   0.179043746487698857139E-0001   0.000000000000000000000E+0000   0.000000000000000000000E+0000
    0.000000000000000000000E+0000   0.175841130711206911075E-0001   0.000000000000000000000E+0000   0.000000000000000000000E+0000
    0.000000000000000000000E+0000   0.166197490886961646295E-0001   0.000000000000000000000E+0000   0.000000000000000000000E+0000
    0.000000000000000000000E+0000   0.149119308693180276093E-0001   0.000000000000000000000E+0000   0.000000000000000000000E+0000
    0.000000000000000000000E+0000   0.122432824501366235848E-0001   0.000000000000000000000E+0000   0.000000000000000000000E+0000
    0.000000000000000000000E+0000   0.765966727510336391205E-0002   0.000000000000000000000E+0000   0.000000000000000000000E+0000
    0.000000000000000000000E+0000   0.365871523371955563713E-0003   0.000000000000000000000E+0000   0.000000000000000000000E+0000
    0.000000000000000000000E+0000   0.724796923647156037147E-0004   0.000000000000000000000E+0000   0.000000000000000000000E+0000
    0.000000000000000000000E+0000   0.441973880256469838813E-0004   0.000000000000000000000E+0000   0.000000000000000000000E+0000
    0.000000000000000000000E+0000   0.259216079583320663674E-0013   0.000000000000000000000E+0000   0.000000000000000000000E+0000
    0.000000000000000000000E+0000   0.259216079583320663674E-0013   0.000000000000000000000E+0000   0.000000000000000000000E+0000
    0.000000000000000000000E+0000   0.259216079583320663674E-0013   0.000000000000000000000E+0000   0.000000000000000000000E+0000
    0.000000000000000000000E+0000   0.259216079583320663674E-0013   0.000000000000000000000E+0000   0.000000000000000000000E+0000
    0.000000000000000000000E+0000   0.486899017544651944241E-0004   0.000000000000000000000E+0000   0.000000000000000000000E+0000
    0.000000000000000000000E+0000   0.957383444394492902872E-0004   0.000000000000000000000E+0000   0.000000000000000000000E+0000
    0.000000000000000000000E+0000   0.866720014428026667465E-0003   0.000000000000000000000E+0000   0.000000000000000000000E+0000
    0.000000000000000000000E+0000   0.102918163572779490511E-0001   0.000000000000000000000E+0000   0.000000000000000000000E+0000
    0.000000000000000000000E+0000   0.139246818619589082799E-0001   0.000000000000000000000E+0000   0.000000000000000000000E+0000
    0.000000000000000000000E+0000   0.167391705076360974846E-0001   0.000000000000000000000E+0000   0.000000000000000000000E+0000
    0.000000000000000000000E+0000   0.185511778974708635426E-0001   0.000000000000000000000E+0000   0.000000000000000000000E+0000
    0.000000000000000000000E+0000   0.196735055799433164458E-0001   0.000000000000000000000E+0000   0.000000000000000000000E+0000
    0.000000000000000000000E+0000   0.200535853238606384674E-0001   0.000000000000000000000E+0000   0.000000000000000000000E+0000
    0.000000000000000000000E+0000   0.196735055799433199153E-0001   0.000000000000000000000E+0000   0.000000000000000000000E+0000
    0.000000000000000000000E+0000   0.185511778974708704815E-0001   0.000000000000000000000E+0000   0.000000000000000000000E+0000
    0.000000000000000000000E+0000   0.167391705076361044235E-0001   0.000000000000000000000E+0000   0.000000000000000000000E+0000
    0.000000000000000000000E+0000   0.139246818619589186883E-0001   0.000000000000000000000E+0000   0.000000000000000000000E+0000
    0.000000000000000000000E+0000   0.102918163572779629289E-0001   0.000000000000000000000E+0000   0.000000000000000000000E+0000
    0.000000000000000000000E+0000   0.866720014428038268428E-0003   0.000000000000000000000E+0000   0.000000000000000000000E+0000
    0.000000000000000000000E+0000   0.957383444394497239681E-0004   0.000000000000000000000E+0000   0.000000000000000000000E+0000
    0.000000000000000000000E+0000   0.486899017544652283054E-0004   0.000000000000000000000E+0000   0.000000000000000000000E+0000
    0.000000000000000000000E+0000   0.259216079583320663674E-0013   0.000000000000000000000E+0000   0.000000000000000000000E+0000
    0.000000000000000000000E+0000   0.259216079583320663674E-0013   0.000000000000000000000E+0000   0.000000000000000000000E+0000
    0.000000000000000000000E+0000   0.259216079583320663674E-0013   0.000000000000000000000E+0000   0.000000000000000000000E+0000
    0.000000000000000000000E+0000   0.259216079583320663674E-0013   0.000000000000000000000E+0000   0.000000000000000000000E+0000
    0.000000000000000000000E+0000   0.540364965840044693467E-0004   0.000000000000000000000E+0000   0.000000000000000000000E+0000
    0.000000000000000000000E+0000   0.131605641980954505546E-0003   0.000000000000000000000E+0000   0.000000000000000000000E+0000
    0.000000000000000000000E+0000   0.232190250028981633873E-0002   0.000000000000000000000E+0000   0.000000000000000000000E+0000
    0.000000000000000000000E+0000   0.115893311253148587753E-0001   0.000000000000000000000E+0000   0.000000000000000000000E+0000
    0.000000000000000000000E+0000   0.153185621208455011177E-0001   0.000000000000000000000E+0000   0.000000000000000000000E+0000
    0.000000000000000000000E+0000   0.181097130428978722594E-0001   0.000000000000000000000E+0000   0.000000000000000000000E+0000
    0.000000000000000000000E+0000   0.201506893293972658143E-0001   0.000000000000000000000E+0000   0.000000000000000000000E+0000
    0.000000000000000000000E+0000   0.215039353192769261414E-0001   0.000000000000000000000E+0000   0.000000000000000000000E+0000
    0.000000000000000000000E+0000   0.219920500486702440168E-0001   0.000000000000000000000E+0000   0.000000000000000000000E+0000
    0.000000000000000000000E+0000   0.215039353192769296108E-0001   0.000000000000000000000E+0000   0.000000000000000000000E+0000
    0.000000000000000000000E+0000   0.201506893293972727532E-0001   0.000000000000000000000E+0000   0.000000000000000000000E+0000
    0.000000000000000000000E+0000   0.181097130428978757288E-0001   0.000000000000000000000E+0000   0.000000000000000000000E+0000
    0.000000000000000000000E+0000   0.153185621208455080566E-0001   0.000000000000000000000E+0000   0.000000000000000000000E+0000
    0.000000000000000000000E+0000   0.115893311253148709183E-0001   0.000000000000000000000E+0000   0.000000000000000000000E+0000
    0.000000000000000000000E+0000   0.232190250028986881412E-0002   0.000000000000000000000E+0000   0.000000000000000000000E+0000
    0.000000000000000000000E+0000   0.131605641980955671063E-0003   0.000000000000000000000E+0000   0.000000000000000000000E+0000
    0.000000000000000000000E+0000   0.540364965840045709906E-0004   0.000000000000000000000E+0000   0.000000000000000000000E+0000
    0.000000000000000000000E+0000   0.259216079583320663674E-0013   0.000000000000000000000E+0000   0.000000000000000000000E+0000
    0.000000000000000000000E+0000   0.259216079583320663674E-0013   0.000000000000000000000E+0000   0.000000000000000000000E+0000
    0.000000000000000000000E+0000   0.259216079583320663674E-0013   0.000000000000000000000E+0000   0.000000000000000000000E+0000
    0.000000000000000000000E+0000   0.259216079583320663674E-0013   0.000000000000000000000E+0000   0.000000000000000000000E+0000
    0.000000000000000000000E+0000   0.600106292260910612491E-0004   0.000000000000000000000E+0000   0.000000000000000000000E+0000
    0.000000000000000000000E+0000   0.182187941475366006272E-0003   0.000000000000000000000E+0000   0.000000000000000000000E+0000
    0.000000000000000000000E+0000   0.474156514436825313186E-0002   0.000000000000000000000E+0000   0.000000000000000000000E+0000
    0.000000000000000000000E+0000   0.124382545915337552889E-0001   0.000000000000000000000E+0000   0.000000000000000000000E+0000
    0.000000000000000000000E+0000   0.162775354627176516153E-0001   0.000000000000000000000E+0000   0.000000000000000000000E+0000
    0.000000000000000000000E+0000   0.191984405945871162980E-0001   0.000000000000000000000E+0000   0.000000000000000000000E+0000
    0.000000000000000000000E+0000   0.215868719258053703980E-0001   0.000000000000000000000E+0000   0.000000000000000000000E+0000
    0.000000000000000000000E+0000   0.234425115438120640343E-0001   0.000000000000000000000E+0000   0.000000000000000000000E+0000
    0.000000000000000000000E+0000   0.242005566562005051956E-0001   0.000000000000000000000E+0000   0.000000000000000000000E+0000
    0.000000000000000000000E+0000   0.234425115438120779121E-0001   0.000000000000000000000E+0000   0.000000000000000000000E+0000
    0.000000000000000000000E+0000   0.215868719258053773369E-0001   0.000000000000000000000E+0000   0.000000000000000000000E+0000
    0.000000000000000000000E+0000   0.191984405945871197674E-0001   0.000000000000000000000E+0000   0.000000000000000000000E+0000
    0.000000000000000000000E+0000   0.162775354627176585542E-0001   0.000000000000000000000E+0000   0.000000000000000000000E+0000
    0.000000000000000000000E+0000   0.124382545915337761055E-0001   0.000000000000000000000E+0000   0.000000000000000000000E+0000
    0.000000000000000000000E+0000   0.474156514436836415416E-0002   0.000000000000000000000E+0000   0.000000000000000000000E+0000
    0.000000000000000000000E+0000   0.182187941475368147572E-0003   0.000000000000000000000E+0000   0.000000000000000000000E+0000
    0.000000000000000000000E+0000   0.600106292260911425643E-0004   0.000000000000000000000E+0000   0.000000000000000000000E+0000
    0.000000000000000000000E+0000   0.259216079583320663674E-0013   0.000000000000000000000E+0000   0.000000000000000000000E+0000
    0.000000000000000000000E+0000   0.259216079583320663674E-0013   0.000000000000000000000E+0000   0.000000000000000000000E+0000
    0.000000000000000000000E+0000   0.259216079583320663674E-0013   0.000000000000000000000E+0000   0.000000000000000000000E+0000
    0.000000000000000000000E+0000   0.259216079583320663674E-0013   0.000000000000000000000E+0000   0.000000000000000000000E+0000
    0.000000000000000000000E+0000   0.658051697530963834856E-0004   0.000000000000000000000E+0000   0.000000000000000000000E+0000
    0.000000000000000000000E+0000   0.242679840352274622632E-0003   0.000000000000000000000E+0000   0.000000000000000000000E+0000
    0.000000000000000000000E+0000   0.747343431472233081514E-0002   0.000000000000000000000E+0000   0.000000000000000000000E+0000
    0.000000000000000000000E+0000   0.130365662192977842249E-0001   0.000000000000000000000E+0000   0.000000000000000000000E+0000
    0.000000000000000000000E+0000   0.169000935850390499038E-0001   0.000000000000000000000E+0000   0.000000000000000000000E+0000
    0.000000000000000000000E+0000   0.200112152201936191465E-0001   0.000000000000000000000E+0000   0.000000000000000000000E+0000
    0.000000000000000000000E+0000   0.228985830413240866454E-0001   0.000000000000000000000E+0000   0.000000000000000000000E+0000
    0.000000000000000000000E+0000   0.260645118698757394249E-0001   0.000000000000000000000E+0000   0.000000000000000000000E+0000
    0.000000000000000000000E+0000   0.279286702536845655997E-0001   0.000000000000000000000E+0000   0.000000000000000000000E+0000
    0.000000000000000000000E+0000   0.260645118698757394249E-0001   0.000000000000000000000E+0000   0.000000000000000000000E+0000
    0.000000000000000000000E+0000   0.228985830413240901149E-0001   0.000000000000000000000E+0000   0.000000000000000000000E+0000
    0.000000000000000000000E+0000   0.200112152201936226159E-0001   0.000000000000000000000E+0000   0.000000000000000000000E+0000
    0.000000000000000000000E+0000   0.169000935850390603121E-0001   0.000000000000000000000E+0000   0.000000000000000000000E+0000
    0.000000000000000000000E+0000   0.130365662192978050415E-0001   0.000000000000000000000E+0000   0.000000000000000000000E+0000
    0.000000000000000000000E+0000   0.747343431472249387915E-0002   0.000000000000000000000E+0000   0.000000000000000000000E+0000
    0.000000000000000000000E+0000   0.242679840352276953667E-0003   0.000000000000000000000E+0000   0.000000000000000000000E+0000
    0.000000000000000000000E+0000   0.658051697530964648008E-0004   0.000000000000000000000E+0000   0.000000000000000000000E+0000
    0.000000000000000000000E+0000   0.259216079583320663674E-0013   0.000000000000000000000E+0000   0.000000000000000000000E+0000
    0.000000000000000000000E+0000   0.259216079583320663674E-0013   0.000000000000000000000E+0000   0.000000000000000000000E+0000
    0.000000000000000000000E+0000   0.259216079583320663674E-0013   0.000000000000000000000E+0000   0.000000000000000000000E+0000
    0.000000000000000000000E+0000   0.259216079583320663674E-0013   0.000000000000000000000E+0000   0.000000000000000000000E+0000
    0.000000000000000000000E+0000   0.701391391809206681809E-0004   0.000000000000000000000E+0000   0.000000000000000000000E+0000
    0.000000000000000000000E+0000   0.298370388932442138098E-0003   0.000000000000000000000E+0000   0.000000000000000000000E+0000
    0.000000000000000000000E+0000   0.910645090700548318075E-0002   0.000000000000000000000E+0000   0.000000000000000000000E+0000
    0.000000000000000000000E+0000   0.134175231333071871137E-0001   0.000000000000000000000E+0000   0.000000000000000000000E+0000
    0.000000000000000000000E+0000   0.172554074219100524179E-0001   0.000000000000000000000E+0000   0.000000000000000000000E+0000
    0.000000000000000000000E+0000   0.204542557209517264494E-0001   0.000000000000000000000E+0000   0.000000000000000000000E+0000
    0.000000000000000000000E+0000   0.241037797317404205166E-0001   0.000000000000000000000E+0000   0.000000000000000000000E+0000
    0.000000000000000000000E+0000   0.307658631355493678017E-0001   0.000000000000000000000E+0000   0.000000000000000000000E+0000
    0.000000000000000000000E+0000   0.342086116977031520769E-0001   0.000000000000000000000E+0000   0.000000000000000000000E+0000
    0.000000000000000000000E+0000   0.307658631355493747406E-0001   0.000000000000000000000E+0000   0.000000000000000000000E+0000
    0.000000000000000000000E+0000   0.241037797317404239861E-0001   0.000000000000000000000E+0000   0.000000000000000000000E+0000
    0.000000000000000000000E+0000   0.204542557209517299188E-0001   0.000000000000000000000E+0000   0.000000000000000000000E+0000
    0.000000000000000000000E+0000   0.172554074219100628262E-0001   0.000000000000000000000E+0000   0.000000000000000000000E+0000
    0.000000000000000000000E+0000   0.134175231333072270123E-0001   0.000000000000000000000E+0000   0.000000000000000000000E+0000
    0.000000000000000000000E+0000   0.910645090700560114194E-0002   0.000000000000000000000E+0000   0.000000000000000000000E+0000
    0.000000000000000000000E+0000   0.298370388932438234970E-0003   0.000000000000000000000E+0000   0.000000000000000000000E+0000
    0.000000000000000000000E+0000   0.701391391809208714688E-0004   0.000000000000000000000E+0000   0.000000000000000000000E+0000
    0.000000000000000000000E+0000   0.259216079583320663674E-0013   0.000000000000000000000E+0000   0.000000000000000000000E+0000
    0.000000000000000000000E+0000   0.259216079583320663674E-0013   0.000000000000000000000E+0000   0.000000000000000000000E+0000
    0.000000000000000000000E+0000   0.259216079583320663674E-0013   0.000000000000000000000E+0000   0.000000000000000000000E+0000
    0.000000000000000000000E+0000   0.259216079583320663674E-0013   0.000000000000000000000E+0000   0.000000000000000000000E+0000
    0.000000000000000000000E+0000   0.717569557811673140822E-0004   0.000000000000000000000E+0000   0.000000000000000000000E+0000
    0.000000000000000000000E+0000   0.324804405248820221401E-0003   0.000000000000000000000E+0000   0.000000000000000000000E+0000
    0.000000000000000000000E+0000   0.950586903711819405927E-0002   0.000000000000000000000E+0000   0.000000000000000000000E+0000
    0.000000000000000000000E+0000   0.135607875531994596929E-0001   0.000000000000000000000E+0000   0.000000000000000000000E+0000
    0.000000000000000000000E+0000   0.173872303411825336605E-0001   0.000000000000000000000E+0000   0.000000000000000000000E+0000
    0.000000000000000000000E+0000   0.204838342853538718513E-0001   0.000000000000000000000E+0000   0.000000000000000000000E+0000
    0.000000000000000000000E+0000   0.250988394229620589981E-0001   0.000000000000000000000E+0000   0.000000000000000000000E+0000
    0.000000000000000000000E+0000   0.331858084847346940238E-0001   0.000000000000000000000E+0000   0.000000000000000000000E+0000
    0.000000000000000000000E+0000   0.373079161938178333058E-0001   0.000000000000000000000E+0000   0.000000000000000000000E+0000
    0.000000000000000000000E+0000   0.331858084847346940238E-0001   0.000000000000000000000E+0000   0.000000000000000000000E+0000
    0.000000000000000000000E+0000   0.250988394229620728759E-0001   0.000000000000000000000E+0000   0.000000000000000000000E+0000
    0.000000000000000000000E+0000   0.204838342853538753208E-0001   0.000000000000000000000E+0000   0.000000000000000000000E+0000
    0.000000000000000000000E+0000   0.173872303411825510078E-0001   0.000000000000000000000E+0000   0.000000000000000000000E+0000
    0.000000000000000000000E+0000   0.135607875531995117346E-0001   0.000000000000000000000E+0000   0.000000000000000000000E+0000
    0.000000000000000000000E+0000   0.950586903711831028574E-0002   0.000000000000000000000E+0000   0.000000000000000000000E+0000
    0.000000000000000000000E+0000   0.324804405248829979221E-0003   0.000000000000000000000E+0000   0.000000000000000000000E+0000
    0.000000000000000000000E+0000   0.717569557811675038175E-0004   0.000000000000000000000E+0000   0.000000000000000000000E+0000
    0.000000000000000000000E+0000   0.259216079583320663674E-0013   0.000000000000000000000E+0000   0.000000000000000000000E+0000
    0.000000000000000000000E+0000   0.259216079583320663674E-0013   0.000000000000000000000E+0000   0.000000000000000000000E+0000
    0.000000000000000000000E+0000   0.259216079583320663674E-0013   0.000000000000000000000E+0000   0.000000000000000000000E+0000
    0.000000000000000000000E+0000   0.259216079583320663674E-0013   0.000000000000000000000E+0000   0.000000000000000000000E+0000
    0.000000000000000000000E+0000   0.701391391809206275233E-0004   0.000000000000000000000E+0000   0.000000000000000000000E+0000
    0.000000000000000000000E+0000   0.298370388932441433366E-0003   0.000000000000000000000E+0000   0.000000000000000000000E+0000
    0.000000000000000000000E+0000   0.910645090700544848628E-0002   0.000000000000000000000E+0000   0.000000000000000000000E+0000
    0.000000000000000000000E+0000   0.134175231333071819095E-0001   0.000000000000000000000E+0000   0.000000000000000000000E+0000
    0.000000000000000000000E+0000   0.172554074219100489485E-0001   0.000000000000000000000E+0000   0.000000000000000000000E+0000
    0.000000000000000000000E+0000   0.204542557209517195105E-0001   0.000000000000000000000E+0000   0.000000000000000000000E+0000
    0.000000000000000000000E+0000   0.241037797317404170472E-0001   0.000000000000000000000E+0000   0.000000000000000000000E+0000
    0.000000000000000000000E+0000   0.307658631355493712711E-0001   0.000000000000000000000E+0000   0.000000000000000000000E+0000
    0.000000000000000000000E+0000   0.342086116977031451380E-0001   0.000000000000000000000E+0000   0.000000000000000000000E+0000
    0.000000000000000000000E+0000   0.307658631355493782100E-0001   0.000000000000000000000E+0000   0.000000000000000000000E+0000
    0.000000000000000000000E+0000   0.241037797317404274555E-0001   0.000000000000000000000E+0000   0.000000000000000000000E+0000
    0.000000000000000000000E+0000   0.204542557209517333883E-0001   0.000000000000000000000E+0000   0.000000000000000000000E+0000
    0.000000000000000000000E+0000   0.172554074219100628262E-0001   0.000000000000000000000E+0000   0.000000000000000000000E+0000
    0.000000000000000000000E+0000   0.134175231333072270123E-0001   0.000000000000000000000E+0000   0.000000000000000000000E+0000
    0.000000000000000000000E+0000   0.910645090700560461139E-0002   0.000000000000000000000E+0000   0.000000000000000000000E+0000
    0.000000000000000000000E+0000   0.298370388932448534890E-0003   0.000000000000000000000E+0000   0.000000000000000000000E+0000
    0.000000000000000000000E+0000   0.701391391809208714688E-0004   0.000000000000000000000E+0000   0.000000000000000000000E+0000
    0.000000000000000000000E+0000   0.259216079583320663674E-0013   0.000000000000000000000E+0000   0.000000000000000000000E+0000
    0.000000000000000000000E+0000   0.259216079583320663674E-0013   0.000000000000000000000E+0000   0.000000000000000000000E+0000
    0.000000000000000000000E+0000   0.259216079583320663674E-0013   0.000000000000000000000E+0000   0.000000000000000000000E+0000
    0.000000000000000000000E+0000   0.259216079583320663674E-0013   0.000000000000000000000E+0000   0.000000000000000000000E+0000
    0.000000000000000000000E+0000   0.658051697530963428280E-0004   0.000000000000000000000E+0000   0.000000000000000000000E+0000
    0.000000000000000000000E+0000   0.242679840352273457115E-0003   0.000000000000000000000E+0000   0.000000000000000000000E+0000
    0.000000000000000000000E+0000   0.747343431472223714007E-0002   0.000000000000000000000E+0000   0.000000000000000000000E+0000
    0.000000000000000000000E+0000   0.130365662192977772860E-0001   0.000000000000000000000E+0000   0.000000000000000000000E+0000
    0.000000000000000000000E+0000   0.169000935850390429649E-0001   0.000000000000000000000E+0000   0.000000000000000000000E+0000
    0.000000000000000000000E+0000   0.200112152201936156770E-0001   0.000000000000000000000E+0000   0.000000000000000000000E+0000
    0.000000000000000000000E+0000   0.228985830413240831760E-0001   0.000000000000000000000E+0000   0.000000000000000000000E+0000
    0.000000000000000000000E+0000   0.260645118698757428943E-0001   0.000000000000000000000E+0000   0.000000000000000000000E+0000
    0.000000000000000000000E+0000   0.279286702536845690692E-0001   0.000000000000000000000E+0000   0.000000000000000000000E+0000
    0.000000000000000000000E+0000   0.260645118698757463638E-0001   0.000000000000000000000E+0000   0.000000000000000000000E+0000
    0.000000000000000000000E+0000   0.228985830413240970538E-0001   0.000000000000000000000E+0000   0.000000000000000000000E+0000
    0.000000000000000000000E+0000   0.200112152201936295548E-0001   0.000000000000000000000E+0000   0.000000000000000000000E+0000
    0.000000000000000000000E+0000   0.169000935850390637816E-0001   0.000000000000000000000E+0000   0.000000000000000000000E+0000
    0.000000000000000000000E+0000   0.130365662192978067763E-0001   0.000000000000000000000E+0000   0.000000000000000000000E+0000
    0.000000000000000000000E+0000   0.747343431472250862430E-0002   0.000000000000000000000E+0000   0.000000000000000000000E+0000
    0.000000000000000000000E+0000   0.242679840352277441558E-0003   0.000000000000000000000E+0000   0.000000000000000000000E+0000
    0.000000000000000000000E+0000   0.658051697530965190109E-0004   0.000000000000000000000E+0000   0.000000000000000000000E+0000
    0.000000000000000000000E+0000   0.259216079583320663674E-0013   0.000000000000000000000E+0000   0.000000000000000000000E+0000
    0.000000000000000000000E+0000   0.259216079583320663674E-0013   0.000000000000000000000E+0000   0.000000000000000000000E+0000
    0.000000000000000000000E+0000   0.259216079583320663674E-0013   0.000000000000000000000E+0000   0.000000000000000000000E+0000
    0.000000000000000000000E+0000   0.259216079583320663674E-0013   0.000000000000000000000E+0000   0.000000000000000000000E+0000
    0.000000000000000000000E+0000   0.600106292260910002627E-0004   0.000000000000000000000E+0000   0.000000000000000000000E+0000
    0.000000000000000000000E+0000   0.182187941475364759440E-0003   0.000000000000000000000E+0000   0.000000000000000000000E+0000
    0.000000000000000000000E+0000   0.474156514436818200819E-0002   0.000000000000000000000E+0000   0.000000000000000000000E+0000
    0.000000000000000000000E+0000   0.124382545915337448805E-0001   0.000000000000000000000E+0000   0.000000000000000000000E+0000
    0.000000000000000000000E+0000   0.162775354627176446765E-0001   0.000000000000000000000E+0000   0.000000000000000000000E+0000
    0.000000000000000000000E+0000   0.191984405945871128285E-0001   0.000000000000000000000E+0000   0.000000000000000000000E+0000
    0.000000000000000000000E+0000   0.215868719258053738674E-0001   0.000000000000000000000E+0000   0.000000000000000000000E+0000
    0.000000000000000000000E+0000   0.234425115438120709732E-0001   0.000000000000000000000E+0000   0.000000000000000000000E+0000
    0.000000000000000000000E+0000   0.242005566562005086650E-0001   0.000000000000000000000E+0000   0.000000000000000000000E+0000
    0.000000000000000000000E+0000   0.234425115438120744427E-0001   0.000000000000000000000E+0000   0.000000000000000000000E+0000
    0.000000000000000000000E+0000   0.215868719258053842758E-0001   0.000000000000000000000E+0000   0.000000000000000000000E+0000
    0.000000000000000000000E+0000   0.191984405945871267063E-0001   0.000000000000000000000E+0000   0.000000000000000000000E+0000
    0.000000000000000000000E+0000   0.162775354627176620237E-0001   0.000000000000000000000E+0000   0.000000000000000000000E+0000
    0.000000000000000000000E+0000   0.124382545915337795750E-0001   0.000000000000000000000E+0000   0.000000000000000000000E+0000
    0.000000000000000000000E+0000   0.474156514436835721527E-0002   0.000000000000000000000E+0000   0.000000000000000000000E+0000
    0.000000000000000000000E+0000   0.182187941475368554147E-0003   0.000000000000000000000E+0000   0.000000000000000000000E+0000
    0.000000000000000000000E+0000   0.600106292260911561168E-0004   0.000000000000000000000E+0000   0.000000000000000000000E+0000
    0.000000000000000000000E+0000   0.259216079583320663674E-0013   0.000000000000000000000E+0000   0.000000000000000000000E+0000
    0.000000000000000000000E+0000   0.259216079583320663674E-0013   0.000000000000000000000E+0000   0.000000000000000000000E+0000
    0.000000000000000000000E+0000   0.259216079583320663674E-0013   0.000000000000000000000E+0000   0.000000000000000000000E+0000
    0.000000000000000000000E+0000   0.259216079583320663674E-0013   0.000000000000000000000E+0000   0.000000000000000000000E+0000
    0.000000000000000000000E+0000   0.540364965840044354653E-0004   0.000000000000000000000E+0000   0.000000000000000000000E+0000
    0.000000000000000000000E+0000   0.131605641980953990550E-0003   0.000000000000000000000E+0000   0.000000000000000000000E+0000
    0.000000000000000000000E+0000   0.232190250028979638941E-0002   0.000000000000000000000E+0000   0.000000000000000000000E+0000
    0.000000000000000000000E+0000   0.115893311253148431628E-0001   0.000000000000000000000E+0000   0.000000000000000000000E+0000
    0.000000000000000000000E+0000   0.153185621208454889747E-0001   0.000000000000000000000E+0000   0.000000000000000000000E+0000
    0.000000000000000000000E+0000   0.181097130428978687899E-0001   0.000000000000000000000E+0000   0.000000000000000000000E+0000
    0.000000000000000000000E+0000   0.201506893293972692838E-0001   0.000000000000000000000E+0000   0.000000000000000000000E+0000
    0.000000000000000000000E+0000   0.215039353192769296108E-0001   0.000000000000000000000E+0000   0.000000000000000000000E+0000
    0.000000000000000000000E+0000   0.219920500486702474863E-0001   0.000000000000000000000E+0000   0.000000000000000000000E+0000
    0.000000000000000000000E+0000   0.215039353192769330803E-0001   0.000000000000000000000E+0000   0.000000000000000000000E+0000
    0.000000000000000000000E+0000   0.201506893293972796921E-0001   0.000000000000000000000E+0000   0.000000000000000000000E+0000
    0.000000000000000000000E+0000   0.181097130428978826677E-0001   0.000000000000000000000E+0000   0.000000000000000000000E+0000
    0.000000000000000000000E+0000   0.153185621208455115261E-0001   0.000000000000000000000E+0000   0.000000000000000000000E+0000
    0.000000000000000000000E+0000   0.115893311253148709183E-0001   0.000000000000000000000E+0000   0.000000000000000000000E+0000
    0.000000000000000000000E+0000   0.232190250028986577835E-0002   0.000000000000000000000E+0000   0.000000000000000000000E+0000
    0.000000000000000000000E+0000   0.131605641980955400012E-0003   0.000000000000000000000E+0000   0.000000000000000000000E+0000
    0.000000000000000000000E+0000   0.540364965840045980957E-0004   0.000000000000000000000E+0000   0.000000000000000000000E+0000
    0.000000000000000000000E+0000   0.259216079583320663674E-0013   0.000000000000000000000E+0000   0.000000000000000000000E+0000
    0.000000000000000000000E+0000   0.259216079583320663674E-0013   0.000000000000000000000E+0000   0.000000000000000000000E+0000
    0.000000000000000000000E+0000   0.259216079583320663674E-0013   0.000000000000000000000E+0000   0.000000000000000000000E+0000
    0.000000000000000000000E+0000   0.259216079583320663674E-0013   0.000000000000000000000E+0000   0.000000000000000000000E+0000
    0.000000000000000000000E+0000   0.486899017544652012003E-0004   0.000000000000000000000E+0000   0.000000000000000000000E+0000
    0.000000000000000000000E+0000   0.957383444394491276569E-0004   0.000000000000000000000E+0000   0.000000000000000000000E+0000
    0.000000000000000000000E+0000   0.866720014428013657039E-0003   0.000000000000000000000E+0000   0.000000000000000000000E+0000
    0.000000000000000000000E+0000   0.102918163572779247650E-0001   0.000000000000000000000E+0000   0.000000000000000000000E+0000
    0.000000000000000000000E+0000   0.139246818619588944022E-0001   0.000000000000000000000E+0000   0.000000000000000000000E+0000
    0.000000000000000000000E+0000   0.167391705076360974846E-0001   0.000000000000000000000E+0000   0.000000000000000000000E+0000
    0.000000000000000000000E+0000   0.185511778974708670120E-0001   0.000000000000000000000E+0000   0.000000000000000000000E+0000
    0.000000000000000000000E+0000   0.196735055799433164458E-0001   0.000000000000000000000E+0000   0.000000000000000000000E+0000
    0.000000000000000000000E+0000   0.200535853238606454063E-0001   0.000000000000000000000E+0000   0.000000000000000000000E+0000
    0.000000000000000000000E+0000   0.196735055799433233847E-0001   0.000000000000000000000E+0000   0.000000000000000000000E+0000
    0.000000000000000000000E+0000   0.185511778974708704815E-0001   0.000000000000000000000E+0000   0.000000000000000000000E+0000
    0.000000000000000000000E+0000   0.167391705076361113624E-0001   0.000000000000000000000E+0000   0.000000000000000000000E+0000
    0.000000000000000000000E+0000   0.139246818619589204230E-0001   0.000000000000000000000E+0000   0.000000000000000000000E+0000
    0.000000000000000000000E+0000   0.102918163572779611942E-0001   0.000000000000000000000E+0000   0.000000000000000000000E+0000
    0.000000000000000000000E+0000   0.866720014428039135790E-0003   0.000000000000000000000E+0000   0.000000000000000000000E+0000
    0.000000000000000000000E+0000   0.957383444394498865984E-0004   0.000000000000000000000E+0000   0.000000000000000000000E+0000
    0.000000000000000000000E+0000   0.486899017544652418579E-0004   0.000000000000000000000E+0000   0.000000000000000000000E+0000
    0.000000000000000000000E+0000   0.259216079583320663674E-0013   0.000000000000000000000E+0000   0.000000000000000000000E+0000
    0.000000000000000000000E+0000   0.259216079583320663674E-0013   0.000000000000000000000E+0000   0.000000000000000000000E+0000
    0.000000000000000000000E+0000   0.259216079583320663674E-0013   0.000000000000000000000E+0000   0.000000000000000000000E+0000
    0.000000000000000000000E+0000   0.259216079583320663674E-0013   0.000000000000000000000E+0000   0.000000000000000000000E+0000
    0.000000000000000000000E+0000   0.441973880256469161187E-0004   0.000000000000000000000E+0000   0.000000000000000000000E+0000
    0.000000000000000000000E+0000   0.724796923647151971389E-0004   0.000000000000000000000E+0000   0.000000000000000000000E+0000
    0.000000000000000000000E+0000   0.365871523371949871652E-0003   0.000000000000000000000E+0000   0.000000000000000000000E+0000
    0.000000000000000000000E+0000   0.765966727510326243072E-0002   0.000000000000000000000E+0000   0.000000000000000000000E+0000
    0.000000000000000000000E+0000   0.122432824501366079722E-0001   0.000000000000000000000E+0000   0.000000000000000000000E+0000
    0.000000000000000000000E+0000   0.149119308693180137315E-0001   0.000000000000000000000E+0000   0.000000000000000000000E+0000
    0.000000000000000000000E+0000   0.166197490886961646295E-0001   0.000000000000000000000E+0000   0.000000000000000000000E+0000
    0.000000000000000000000E+0000   0.175841130711206945769E-0001   0.000000000000000000000E+0000   0.000000000000000000000E+0000
    0.000000000000000000000E+0000   0.179043746487698857139E-0001   0.000000000000000000000E+0000   0.000000000000000000000E+0000
    0.000000000000000000000E+0000   0.175841130711206911075E-0001   0.000000000000000000000E+0000   0.000000000000000000000E+0000
    0.000000000000000000000E+0000   0.166197490886961646295E-0001   0.000000000000000000000E+0000   0.000000000000000000000E+0000
    0.000000000000000000000E+0000   0.149119308693180241399E-0001   0.000000000000000000000E+0000   0.000000000000000000000E+0000
    0.000000000000000000000E+0000   0.122432824501366235848E-0001   0.000000000000000000000E+0000   0.000000000000000000000E+0000
    0.000000000000000000000E+0000   0.765966727510335523843E-0002   0.000000000000000000000E+0000   0.000000000000000000000E+0000
    0.000000000000000000000E+0000   0.365871523371956431075E-0003   0.000000000000000000000E+0000   0.000000000000000000000E+0000
    0.000000000000000000000E+0000   0.724796923647157121350E-0004   0.000000000000000000000E+0000   0.000000000000000000000E+0000
    0.000000000000000000000E+0000   0.441973880256469906576E-0004   0.000000000000000000000E+0000   0.000000000000000000000E+0000
    0.000000000000000000000E+0000   0.259216079583320663674E-0013   0.000000000000000000000E+0000   0.000000000000000000000E+0000
    0.000000000000000000000E+0000   0.259216079583320663674E-0013   0.000000000000000000000E+0000   0.000000000000000000000E+0000
    0.000000000000000000000E+0000   0.259216079583320663674E-0013   0.000000000000000000000E+0000   0.000000000000000000000E+0000
    0.000000000000000000000E+0000   0.259216079583320663674E-0013   0.000000000000000000000E+0000   0.000000000000000000000E+0000
    0.000000000000000000000E+0000   0.403591532954662978458E-0004   0.000000000000000000000E+0000   0.000000000000000000000E+0000
    0.000000000000000000000E+0000   0.585368278880766797299E-0004   0.000000000000000000000E+0000   0.000000000000000000000E+0000
    0.000000000000000000000E+0000   0.185923825709856881637E-0003   0.000000000000000000000E+0000   0.000000000000000000000E+0000
    0.000000000000000000000E+0000   0.234972679512901461152E-0002   0.000000000000000000000E+0000   0.000000000000000000000E+0000
    0.000000000000000000000E+0000   0.100125938785621849958E-0001   0.000000000000000000000E+0000   0.000000000000000000000E+0000
    0.000000000000000000000E+0000   0.123200103095242145812E-0001   0.000000000000000000000E+0000   0.000000000000000000000E+0000
    0.000000000000000000000E+0000   0.140226797388290063545E-0001   0.000000000000000000000E+0000   0.000000000000000000000E+0000
    0.000000000000000000000E+0000   0.147861311471533425632E-0001   0.000000000000000000000E+0000   0.000000000000000000000E+0000
    0.000000000000000000000E+0000   0.150177660527281951752E-0001   0.000000000000000000000E+0000   0.000000000000000000000E+0000
    0.000000000000000000000E+0000   0.147861311471533425632E-0001   0.000000000000000000000E+0000   0.000000000000000000000E+0000
    0.000000000000000000000E+0000   0.140226797388290115587E-0001   0.000000000000000000000E+0000   0.000000000000000000000E+0000
    0.000000000000000000000E+0000   0.123200103095242267243E-0001   0.000000000000000000000E+0000   0.000000000000000000000E+0000
    0.000000000000000000000E+0000   0.100125938785622023430E-0001   0.000000000000000000000E+0000   0.000000000000000000000E+0000
    0.000000000000000000000E+0000   0.234972679512905711224E-0002   0.000000000000000000000E+0000   0.000000000000000000000E+0000
    0.000000000000000000000E+0000   0.185923825709860378189E-0003   0.000000000000000000000E+0000   0.000000000000000000000E+0000
    0.000000000000000000000E+0000   0.585368278880769372279E-0004   0.000000000000000000000E+0000   0.000000000000000000000E+0000
    0.000000000000000000000E+0000   0.403591532954663385034E-0004   0.000000000000000000000E+0000   0.000000000000000000000E+0000
    0.000000000000000000000E+0000   0.259216079583320663674E-0013   0.000000000000000000000E+0000   0.000000000000000000000E+0000
    0.000000000000000000000E+0000   0.259216079583320663674E-0013   0.000000000000000000000E+0000   0.000000000000000000000E+0000
    0.000000000000000000000E+0000   0.259216079583320663674E-0013   0.000000000000000000000E+0000   0.000000000000000000000E+0000
    0.000000000000000000000E+0000   0.259216079583320663674E-0013   0.000000000000000000000E+0000   0.000000000000000000000E+0000
    0.000000000000000000000E+0000   0.365813643518782792303E-0004   0.000000000000000000000E+0000   0.000000000000000000000E+0000
    0.000000000000000000000E+0000   0.483321978917055830984E-0004   0.000000000000000000000E+0000   0.000000000000000000000E+0000
    0.000000000000000000000E+0000   0.876637612658922877728E-0004   0.000000000000000000000E+0000   0.000000000000000000000E+0000
    0.000000000000000000000E+0000   0.485624835434630909743E-0003   0.000000000000000000000E+0000   0.000000000000000000000E+0000
    0.000000000000000000000E+0000   0.437983128274679368863E-0002   0.000000000000000000000E+0000   0.000000000000000000000E+0000
    0.000000000000000000000E+0000   0.882238095292164035965E-0002   0.000000000000000000000E+0000   0.000000000000000000000E+0000
    0.000000000000000000000E+0000   0.957104233538707063755E-0002   0.000000000000000000000E+0000   0.000000000000000000000E+0000
    0.000000000000000000000E+0000   0.100505969586707349928E-0001   0.000000000000000000000E+0000   0.000000000000000000000E+0000
    0.000000000000000000000E+0000   0.102484723316769946871E-0001   0.000000000000000000000E+0000   0.000000000000000000000E+0000
    0.000000000000000000000E+0000   0.100505969586707384622E-0001   0.000000000000000000000E+0000   0.000000000000000000000E+0000
    0.000000000000000000000E+0000   0.957104233538707410700E-0002   0.000000000000000000000E+0000   0.000000000000000000000E+0000
    0.000000000000000000000E+0000   0.882238095292164729855E-0002   0.000000000000000000000E+0000   0.000000000000000000000E+0000
    0.000000000000000000000E+0000   0.437983128274681624004E-0002   0.000000000000000000000E+0000   0.000000000000000000000E+0000
    0.000000000000000000000E+0000   0.485624835434637306536E-0003   0.000000000000000000000E+0000   0.000000000000000000000E+0000
    0.000000000000000000000E+0000   0.876637612658928840840E-0004   0.000000000000000000000E+0000   0.000000000000000000000E+0000
    0.000000000000000000000E+0000   0.483321978917057050711E-0004   0.000000000000000000000E+0000   0.000000000000000000000E+0000
    0.000000000000000000000E+0000   0.365813643518783198879E-0004   0.000000000000000000000E+0000   0.000000000000000000000E+0000
    0.000000000000000000000E+0000   0.259216079583320663674E-0013   0.000000000000000000000E+0000   0.000000000000000000000E+0000
    0.000000000000000000000E+0000   0.259216079583320663674E-0013   0.000000000000000000000E+0000   0.000000000000000000000E+0000
    0.000000000000000000000E+0000   0.259216079583320663674E-0013   0.000000000000000000000E+0000   0.000000000000000000000E+0000
    0.000000000000000000000E+0000   0.259216079583320663674E-0013   0.000000000000000000000E+0000   0.000000000000000000000E+0000
    0.000000000000000000000E+0000   0.259216079583320663674E-0013   0.000000000000000000000E+0000   0.000000000000000000000E+0000
    0.000000000000000000000E+0000   0.259216079583320663674E-0013   0.000000000000000000000E+0000   0.000000000000000000000E+0000
    0.000000000000000000000E+0000   0.259216079583320663674E-0013   0.000000000000000000000E+0000   0.000000000000000000000E+0000
    0.000000000000000000000E+0000   0.259216079583320663674E-0013   0.000000000000000000000E+0000   0.000000000000000000000E+0000
    0.000000000000000000000E+0000   0.259216079583320663674E-0013   0.000000000000000000000E+0000   0.000000000000000000000E+0000
    0.000000000000000000000E+0000   0.259216079583320663674E-0013   0.000000000000000000000E+0000   0.000000000000000000000E+0000
    0.000000000000000000000E+0000   0.259216079583320663674E-0013   0.000000000000000000000E+0000   0.000000000000000000000E+0000
    0.000000000000000000000E+0000   0.259216079583320663674E-0013   0.000000000000000000000E+0000   0.000000000000000000000E+0000
    0.000000000000000000000E+0000   0.259216079583320663674E-0013   0.000000000000000000000E+0000   0.000000000000000000000E+0000
    0.000000000000000000000E+0000   0.259216079583320663674E-0013   0.000000000000000000000E+0000   0.000000000000000000000E+0000
    0.000000000000000000000E+0000   0.259216079583320663674E-0013   0.000000000000000000000E+0000   0.000000000000000000000E+0000
    0.000000000000000000000E+0000   0.259216079583320663674E-0013   0.000000000000000000000E+0000   0.000000000000000000000E+0000
    0.000000000000000000000E+0000   0.259216079583320663674E-0013   0.000000000000000000000E+0000   0.000000000000000000000E+0000
    0.000000000000000000000E+0000   0.259216079583320663674E-0013   0.000000000000000000000E+0000   0.000000000000000000000E+0000
    0.000000000000000000000E+0000   0.259216079583320663674E-0013   0.000000000000000000000E+0000   0.000000000000000000000E+0000
    0.000000000000000000000E+0000   0.259216079583320663674E-0013   0.000000000000000000000E+0000   0.000000000000000000000E+0000
    0.000000000000000000000E+0000   0.259216079583320663674E-0013   0.000000000000000000000E+0000   0.000000000000000000000E+0000
    0.000000000000000000000E+0000   0.259216079583320663674E-0013   0.000000000000000000000E+0000   0.000000000000000000000E+0000
    0.000000000000000000000E+0000   0.259216079583320663674E-0013   0.000000000000000000000E+0000   0.000000000000000000000E+0000
    0.000000000000000000000E+0000   0.259216079583320663674E-0013   0.000000000000000000000E+0000   0.000000000000000000000E+0000
    0.000000000000000000000E+0000   0.259216079583320663674E-0013   0.000000000000000000000E+0000   0.000000000000000000000E+0000
    0.000000000000000000000E+0000   0.259216079583320663674E-0013   0.000000000000000000000E+0000   0.000000000000000000000E+0000
    0.000000000000000000000E+0000   0.259216079583320663674E-0013   0.000000000000000000000E+0000   0.000000000000000000000E+0000
    0.000000000000000000000E+0000   0.259216079583320663674E-0013   0.000000000000000000000E+0000   0.000000000000000000000E+0000
    0.000000000000000000000E+0000   0.259216079583320663674E-0013   0.000000000000000000000E+0000   0.000000000000000000000E+0000
    0.000000000000000000000E+0000   0.259216079583320663674E-0013   0.000000000000000000000E+0000   0.000000000000000000000E+0000
    0.000000000000000000000E+0000   0.259216079583320663674E-0013   0.000000000000000000000E+0000   0.000000000000000000000E+0000
    0.000000000000000000000E+0000   0.259216079583320663674E-0013   0.000000000000000000000E+0000   0.000000000000000000000E+0000
    0.000000000000000000000E+0000   0.259216079583320663674E-0013   0.000000000000000000000E+0000   0.000000000000000000000E+0000
    0.000000000000000000000E+0000   0.259216079583320663674E-0013   0.000000000000000000000E+0000   0.000000000000000000000E+0000
    0.000000000000000000000E+0000   0.259216079583320663674E-0013   0.000000000000000000000E+0000   0.000000000000000000000E+0000
    0.000000000000000000000E+0000   0.259216079583320663674E-0013   0.000000000000000000000E+0000   0.000000000000000000000E+0000
    0.000000000000000000000E+0000   0.259216079583320663674E-0013   0.000000000000000000000E+0000   0.000000000000000000000E+0000
    0.000000000000000000000E+0000   0.259216079583320663674E-0013   0.000000000000000000000E+0000   0.000000000000000000000E+0000
    0.000000000000000000000E+0000   0.259216079583320663674E-0013   0.000000000000000000000E+0000   0.000000000000000000000E+0000
    0.000000000000000000000E+0000   0.259216079583320663674E-0013   0.000000000000000000000E+0000   0.000000000000000000000E+0000
    0.000000000000000000000E+0000   0.259216079583320663674E-0013   0.000000000000000000000E+0000   0.000000000000000000000E+0000
    0.000000000000000000000E+0000   0.259216079583320663674E-0013   0.000000000000000000000E+0000   0.000000000000000000000E+0000
    0.000000000000000000000E+0000   0.259216079583320663674E-0013   0.000000000000000000000E+0000   0.000000000000000000000E+0000
    0.000000000000000000000E+0000   0.259216079583320663674E-0013   0.000000000000000000000E+0000   0.000000000000000000000E+0000
