   0.194999999999999976717E+0007   0.194351942712072973257E-0002  -0.530919085543985028097E-0007   0.993116807491032405707E-0009   0.544532395429728363080E-0013   0.132661541673984508805E+0002  -0.762470748006503426519E-0003  -0.249973104904304967988E+0002   0.814616938418771496799E+0001
   0.405170859999999962747E+0007   0.402421378309532600664E-0002  -0.238231983625974583074E-0006   0.986709218828963753942E-0009   0.119101258267355341533E-0012   0.132583261039197335407E+0002  -0.162303632189016297169E-0002  -0.249944625424676871717E+0002   0.814625477318481117095E+0001
   0.615572539999999944121E+0007   0.609340997511998577751E-0002  -0.559658795747252088635E-0006   0.980040687907186140437E-0009   0.184746982737879307359E-0012   0.132501830779205445054E+0002  -0.250630206808846907329E-0002  -0.249916582571234116017E+0002   0.814638218134203917487E+0001
   0.826211446666666585952E+0007   0.815053358271230869725E-0002  -0.101766907309613035693E-0005   0.973047705378743748952E-0009   0.249500281050433042183E-0012   0.132417576217471513189E+0002  -0.339526865005250477747E-0002  -0.249888996222658406055E+0002   0.814655318264098937675E+0001
   0.103709988666666653007E+0008   0.101950196726949080667E-0001  -0.161041584198044830417E-0005   0.965757748531564253120E-0009   0.312647045976083781933E-0012   0.132330741420916151441E+0002  -0.427832032838705404731E-0002  -0.249861878811228841357E+0002   0.814676916469945844312E+0001
   0.124825067333333324641E+0008   0.122263564476109629076E-0001  -0.233454718108037685708E-0005   0.958195237133976912932E-0009   0.373655872382771650075E-0012   0.132241534614192968178E+0002  -0.514727757288576531769E-0002  -0.249835236038833023997E+0002   0.814703134943685292058E+0001
   0.145967710666666664183E+0008   0.142440807265011137178E-0001  -0.318562312695079392506E-0005   0.950382776729907667133E-0009   0.432118756668170818355E-0012   0.132150141578590005764E+0002  -0.599612084575258837138E-0002  -0.249809069235780505380E+0002   0.814734080755436274046E+0001
   0.167139297333333324641E+0008   0.162477748525476847763E-0001  -0.415840947613448081019E-0005   0.942341651900035711125E-0009   0.487732256426251037175E-0012   0.132056732326074346417E+0002  -0.682031620740877059239E-0002  -0.249783376705924453631E+0002   0.814769846961849175671E+0001
   0.188341253333333320916E+0008   0.182370640776591819154E-0001  -0.524709477223653417111E-0005   0.934092083088123295241E-0009   0.540276993368946687014E-0012   0.131961464808455257725E+0002  -0.761641678257478360603E-0002  -0.249758154571831063606E+0002   0.814810513527939761502E+0001
   0.209575050666666664183E+0008   0.202116143046598105426E-0001  -0.644545692001808411095E-0005   0.925653367857815132369E-0009   0.589601270040671010621E-0012   0.131864487151192069092E+0002  -0.838180688024448179718E-0002  -0.249733397337610938393E+0002   0.814856148140268743418E+0001
   0.230842206333333328366E+0008   0.221711300738976248292E-0001  -0.774699487334215730779E-0005   0.917043961416644127298E-0009   0.635608474130061544059E-0012   0.131765939081212746231E+0002  -0.911452698598975291633E-0002  -0.249709098281223376148E+0002   0.814906806952670415001E+0001
   0.252144281000000014901E+0008   0.241153526497088280256E-0001  -0.914503480812700386476E-0005   0.908281523780952457793E-0009   0.678247271909084044977E-0012   0.131665952885757029378E+0002  -0.981314784640621891321E-0002  -0.249685249739722294748E+0002   0.814962535285529732221E+0001
   0.273482878333333358169E+0008   0.260440582512522361691E-0001  -0.106328169163623700437E-0004   0.899382947743152221554E-0009   0.717503793167420583175E-0012   0.131564654079878042836E+0002  -0.104766760479447045007E-0001  -0.249661843323313163978E+0002   0.815023368293887173763E+0001
   0.294859643333333358169E+0008   0.279570562476505364569E-0001  -0.122035668020251094397E-0004   0.890364375394687330078E-0009   0.753395247249170973161E-0012   0.131462161881415333653E+0002  -0.111044806285747893471E-0001  -0.249638870082816275442E+0002   0.815089331607969391769E+0001
   0.316276261333333365619E+0008   0.298541874554665680186E-0001  -0.138505544573612623759E-0004   0.881241214608040346228E-0009   0.785964603769232279687E-0012   0.131358589630421533911E+0002  -0.116962343823834892531E-0001  -0.249616320642992945977E+0002   0.815160441950575176406E+0001
   0.337734456666666716337E+0008   0.317353224387323593070E-0001  -0.155671428609463751314E-0004   0.872028140421475739639E-0009   0.815276080318965907589E-0012   0.131254044990191793829E+0002  -0.122518657099565074498E-0001  -0.249594185312145029343E+0002   0.815236707738995214356E+0001
   0.359235991333333402872E+0008   0.336003598391856894700E-0001  -0.173468278194544169675E-0004   0.862739108772217498308E-0009   0.841411280985131839111E-0012   0.131148630243410408980E+0002  -0.127715183750171240584E-0001  -0.249572454173712046099E+0002   0.815318129664426294312E+0001
   0.380782663666666746140E+0008   0.354492247371227808816E-0001  -0.191832703211366797902E-0004   0.853387363677014395007E-0009   0.864465847764922016327E-0012   0.131042442475703122540E+0002  -0.132555173071376014571E-0001  -0.249551117163990205938E+0002   0.815404701253650898707E+0001
   0.402376307666666731238E+0008   0.372818670994842366051E-0001  -0.210703224894235861841E-0004   0.843985446620622051980E-0009   0.884546554427746791811E-0012   0.130935573748763118829E+0002  -0.137043392281415571388E-0001  -0.249530164138134615825E+0002   0.815496409414770617730E+0001
   0.424018791666666716337E+0008   0.390982602022711539513E-0001  -0.230020478890662012682E-0004   0.834545207712009679337E-0009   0.901768773088287662728E-0012   0.130828111262175461604E+0002  -0.141185871736711106295E-0001  -0.249509584927767242846E+0002   0.815593234961253799042E+0001
   0.445712017000000029802E+0008   0.408983990894621340928E-0001  -0.249727369754402595339E-0004   0.825077818556446701476E-0009   0.916254267963363454255E-0012   0.130720137506700524455E+0002  -0.144989682874354548769E-0001  -0.249489369390875879162E+0002   0.815695153115912319208E+0001
   0.467457917000000029802E+0008   0.426822990987512362882E-0001  -0.269769183589631627554E-0004   0.815593786661586420307E-0009   0.928129274274011071522E-0012   0.130611730410096935628E+0002  -0.148462743807366310406E-0001  -0.249469507454752275066E+0002   0.815802133995968326019E+0001
   0.489258456000000014901E+0008   0.444499944281353254194E-0001  -0.290093664284140358536E-0004   0.806102971569205393781E-0009   0.937522839803429465014E-0012   0.130502963481021740932E+0002  -0.151613649303797299456E-0001  -0.249449989153081581605E+0002   0.815914143077350928479E+0001
   0.511115628333333358169E+0008   0.462015367461377640668E-0001  -0.310651058326308278671E-0004   0.796614602523424598389E-0009   0.944565391027817720538E-0012   0.130393905951748845240E+0002  -0.154451521661023473408E-0001  -0.249430804657823195214E+0002   0.816031141637771995079E+0001
   0.533031458000000044703E+0008   0.479369939007666112651E-0001  -0.331394133338188681074E-0004   0.787137297295661924797E-0009   0.949387508021968931546E-0012   0.130284622917906709461E+0002  -0.156985880406394599784E-0001  -0.249411944305817563361E+0002   0.816153087182071956818E+0001
   0.555007997000000029802E+0008   0.496564485694262897075E-0001  -0.352278172450418017650E-0004   0.777679082749569741949E-0009   0.952118883542987215133E-0012   0.130175175485727567803E+0002  -0.159226528463437232153E-0001  -0.249393398622323942959E+0002   0.816279933838567828275E+0001
   0.577047325666666701436E+0008   0.513599971166010665913E-0001  -0.373260951250806383367E-0004   0.768247415681120340048E-0009   0.952887448793120397583E-0012   0.130065620910144197353E+0002  -0.161183453440712221028E-0001  -0.249375158338987290563E+0002   0.816411632745024640201E+0001
   0.599151551000000014901E+0008   0.530477483439595887127E-0001  -0.394302696725868940522E-0004   0.758849205204046634129E-0009   0.951818647065432086607E-0012   0.129956012743965985123E+0002  -0.162866742051660517987E-0001  -0.249357214410036185370E+0002   0.816548132401517356982E+0001
   0.621322807000000029802E+0008   0.547198224469286897964E-0001  -0.415366034836029779332E-0004   0.749490835065607686880E-0009   0.949034839881153303990E-0012   0.129846400977785254582E+0002  -0.164286506686008478006E-0001  -0.249339558023666363340E+0002   0.816689379013851279865E+0001
   0.643563253666666671634E+0008   0.563763499185947758452E-0001  -0.436415926080044140611E-0004   0.740178186822529941267E-0009   0.944654830048830535415E-0012   0.129736832186943580325E+0002  -0.165452822573177588117E-0001  -0.249322180611714827592E+0002   0.816835316807934930239E+0001
   0.665875077000000029802E+0008   0.580174705804835377787E-0001  -0.457419593489924122300E-0004   0.730916662948829922932E-0009   0.938793488142428000328E-0012   0.129627349673519383089E+0002  -0.166375674601328335522E-0001  -0.249305073856004568711E+0002   0.816985888329866050128E+0001
   0.688260488666666746140E+0008   0.596433326375347544479E-0001  -0.478346443736461600761E-0004   0.721711210107769738645E-0009   0.931561469393454388286E-0012   0.129517993609569508351E+0002  -0.167064912613999090596E-0001  -0.249288229692724456754E+0002   0.817141034723943526785E+0001
   0.710721725666666775942E+0008   0.612540917828572895054E-0001  -0.499167983363909466363E-0004   0.712566342351369440872E-0009   0.923065009521995074458E-0012   0.129408801179273478255E+0002  -0.167530214406190446075E-0001  -0.249271640314838442976E+0002   0.817300695991105818905E+0001
   0.733261051000000089407E+0008   0.628499104220968107803E-0001  -0.519857732559465894303E-0004   0.703486163780159434033E-0009   0.913405789072142414823E-0012   0.129299806715080176645E+0002  -0.167781055315062363475E-0001  -0.249255298172025305803E+0002   0.817464811235811872336E+0001
   0.755880752666666805744E+0008   0.644309568250384240296E-0001  -0.540391135231298093845E-0004   0.694474391378786102319E-0009   0.902680855902444633020E-0012   0.129191041839939195768E+0002  -0.167826683789070972563E-0001  -0.249239195970370772670E+0002   0.817633318882811188644E+0001
   0.778583144666666835546E+0008   0.659974044653883762379E-0001  -0.560745469878230493933E-0004   0.685534376822209983540E-0009   0.890982597693889511025E-0012   0.129082535597610696954E+0002  -0.167676102172893519426E-0001  -0.249223326669314317883E+0002   0.817806156891070479276E+0001
   0.801370566333333551884E+0008   0.675494312869220209228E-0001  -0.580899758791525647867E-0004   0.676669128199115157773E-0009   0.878398756871045691489E-0012   0.128974314588380103430E+0002  -0.167338052020762767524E-0001  -0.249207683478718173831E+0002   0.817983262938694899447E+0001
   0.824245383000000268221E+0008   0.690872191054187206882E-0001  -0.600834679088570194775E-0004   0.667881330781661280625E-0009   0.865012480198402707621E-0012   0.128866403095324510986E+0002  -0.166821003365219787395E-0001  -0.249192259854086302084E+0002   0.818164574601981264834E+0001
   0.847209987000000327826E+0008   0.706109530709585903052E-0001  -0.620532475250399988536E-0004   0.659173366961374589913E-0009   0.850902397103096275249E-0012   0.128758823205870065465E+0002  -0.166133147368081289519E-0001  -0.249177049490849604751E+0002   0.818350029522524735626E+0001
   0.870266796666667014360E+0008   0.721208210351229617174E-0001  -0.639976871685793262130E-0004   0.650547336070041058263E-0009   0.836142722293204287463E-0012   0.128651594939130831108E+0002  -0.165282391951188101231E-0001  -0.249162046319414258733E+0002   0.818539565543859382046E+0001
   0.893418258333333730698E+0008   0.736170131548458256399E-0001  -0.659152990051267240277E-0004   0.642005072654941330223E-0009   0.820803375826134545898E-0012   0.128544736355506810099E+0002  -0.164276359845913419444E-0001  -0.249147244497743010072E+0002   0.818733120858935237152E+0001
   0.916666845666667073965E+0008   0.750997213542561881106E-0001  -0.678047266778886289704E-0004   0.633548164587134038588E-0009   0.804950118865882920843E-0012   0.128438263674602488607E+0002  -0.163122388845511889777E-0001  -0.249132638405364907896E+0002   0.818930634123090150922E+0001
   0.940015061000000387430E+0008   0.765691389505488706479E-0001  -0.696647375027975633652E-0004   0.625177969978472376615E-0009   0.788644699485584179302E-0012   0.128332191380165649974E+0002  -0.161827533757617561538E-0001  -0.249118222635840247392E+0002   0.819132044571609974071E+0001
   0.963465435333333760500E+0008   0.780254602249155770899E-0001  -0.714942148451702631437E-0004   0.616895633540671630636E-0009   0.771945006868018727790E-0012   0.128226532326758615454E+0002  -0.160398569884019660814E-0001  -0.249103991989935664719E+0002   0.819337292114776261087E+0001
   0.987020529333333820105E+0008   0.794688800867094924385E-0001  -0.732921508818537255966E-0004   0.608702101954212568136E-0009   0.754905230296356815595E-0012   0.128121297837734466896E+0002  -0.158841997677149869561E-0001  -0.249089941468092348487E+0002   0.819546317430916637647E+0001
   0.101068293466666713357E+0009   0.808995937836077538829E-0001  -0.750576396962693677883E-0004   0.600598138301364512363E-0009   0.737576020813266225103E-0012   0.128016497797660253610E+0002  -0.157164048344956286396E-0001  -0.249076066262706596888E+0002   0.819759062052881404270E+0001
   0.103445527366666719317E+0009   0.823177965356915730677E-0001  -0.767898705615514218801E-0004   0.592584336144241641457E-0009   0.720004654879487562694E-0012   0.127912140747880673786E+0002  -0.155370690347343930193E-0001  -0.249062361751461907033E+0002   0.819975468430346410287E+0001
   0.105834020100000053644E+0009   0.837236833158441495772E-0001  -0.784881216904497613788E-0004   0.584661132423333855273E-0009   0.702235196524382249641E-0012   0.127808233969073654634E+0002  -0.153467636368366522337E-0001  -0.249048823489562707323E+0002   0.820195480001484966692E+0001
   0.108234040433333382010E+0009   0.851174485908799127731E-0001  -0.801517542201200187523E-0004   0.576828819744017667120E-0009   0.684308658315829024554E-0012   0.127704783564205541779E+0002  -0.151460350834421546284E-0001  -0.249035447202699984359E+0002   0.820419041247791724913E+0001
   0.110645860466666713357E+0009   0.864992860653356621103E-0001  -0.817802064834208627302E-0004   0.569087558090187756041E-0009   0.666263159433933929336E-0012   0.127601794538774271359E+0002  -0.149354057761714783398E-0001  -0.249022228780368735102E+0002   0.820646097738215374306E+0001
   0.113069755833333373070E+0009   0.878693885408834141071E-0001  -0.833729886949032380139E-0004   0.561437385460491975087E-0009   0.648134079464400915327E-0012   0.127499270870042149539E+0002  -0.147153748713935977194E-0001  -0.249009164268446951951E+0002   0.820876596182150741754E+0001
   0.115506005700000032783E+0009   0.892279476779476721227E-0001  -0.849296777914375177051E-0004   0.553878228209402571051E-0009   0.629954208876717852646E-0012   0.127397215581026213016E+0002  -0.144864191053556568695E-0001  -0.248996249863096252852E+0002   0.821110484457275013881E+0001
   0.117954892933333367109E+0009   0.905751538693329583118E-0001  -0.864499126682523051212E-0004   0.546409910494046328794E-0009   0.611753893786357293530E-0012   0.127295630803675585696E+0002  -0.142489936100728877694E-0001  -0.248983481903980461425E+0002   0.821347711647314859817E+0001
   0.120416411800000026822E+0009   0.919110382067390846439E-0001  -0.879332157584774903522E-0004   0.539032809781848334388E-0009   0.593563057814212467193E-0012   0.127194529788370065404E+0002  -0.140035616246857418099E-0001  -0.248970858362330602631E+0002   0.821588199224651383190E+0001
   0.122890698700000032783E+0009   0.932357121058136895098E-0001  -0.893792631419577265255E-0004   0.531747081386607791702E-0009   0.575408714553601010769E-0012   0.127093918901425766421E+0002  -0.137505547136094891103E-0001  -0.248958376555289113696E+0002   0.821831882775092559257E+0001
   0.125378031266666695476E+0009   0.945493618261003532233E-0001  -0.907878678181902031572E-0004   0.524552380057980570398E-0009   0.557314849522650292950E-0012   0.126993798103468549243E+0002  -0.134903725125995917200E-0001  -0.248946033195708267272E+0002   0.822078712518510101859E+0001
   0.127878690966666698456E+0009   0.958521720763036016999E-0001  -0.921588891290766736323E-0004   0.517448183435341536090E-0009   0.539303397656833178107E-0012   0.126894166672091639469E+0002  -0.132233962781672063913E-0001  -0.248933825113318256683E+0002   0.822328639984038112232E+0001
   0.130392963500000029802E+0009   0.971443259352172822085E-0001  -0.934922291376884294963E-0004   0.510433904136567874690E-0009   0.521394455203188102104E-0012   0.126795023245811275814E+0002  -0.129499893256622578691E-0001  -0.248921749251408783721E+0002   0.822581618050878660142E+0001
   0.132921138833333358169E+0009   0.984260047168550866736E-0001  -0.947878291607593114485E-0004   0.503508896077614496499E-0009   0.503606408132941315913E-0012   0.126696365874714373945E+0002  -0.126704977991619720246E-0001  -0.248909802662229893144E+0002   0.822837600949128500361E+0001
   0.135463511333333373070E+0009   0.996973878979401650913E-0001  -0.960456665702418395597E-0004   0.496672460499817785349E-0009   0.485956040534355179349E-0012   0.126598192064253360911E+0002  -0.123852514093883998153E-0001  -0.248897982502143193528E+0002   0.823096544267061247524E+0001
   0.138020379900000035763E+0009   0.100958653053605101890E+0000  -0.972657517945732616894E-0004   0.489923851501813596788E-0009   0.468458637423894866263E-0012   0.126500498816426105719E+0002  -0.120945641494286555695E-0001  -0.248886286027015444233E+0002   0.823358404955263800673E+0001
   0.140592048066666692495E+0009   0.102209975784401219112E+0000  -0.984481254941984781914E-0004   0.483262281238257599754E-0009   0.451128082330833821063E-0012   0.126403282669717533793E+0002  -0.117987349909882514865E-0001  -0.248874710587998357880E+0002   0.823623141324428154064E+0001
   0.143178824066666692495E+0009   0.103451529635498862270E+0000  -0.995928559053363833238E-0004   0.476686924823693883572E-0009   0.433976949822802999879E-0012   0.126306539737839429449E+0002  -0.114980485608877323889E-0001  -0.248863253627671205948E+0002   0.823890713036918853618E+0001
   0.145781021000000029802E+0009   0.104683486071775480597E+0000  -0.100700036401893850161E-0003   0.470196924722200533306E-0009   0.417016592349650801817E-0012   0.126210265742397087507E+0002  -0.111927757821659278059E-0001  -0.248851912675942301689E+0002   0.824161081106193371681E+0001
   0.148398956933333367109E+0009   0.105906014426324496247E+0000  -0.101769783187492690482E-0003   0.463791394858578293580E-0009   0.400257222538176520924E-0012   0.126114456045948948315E+0002  -0.108831744987465343227E-0001  -0.248840685346461185645E+0002   0.824434207887111547564E+0001
   0.151032955066666692495E+0009   0.107119281885859965464E+0000  -0.102802233167640464794E-0003   0.457469424356061964257E-0009   0.383707990419506595112E-0012   0.126019105680590772778E+0002  -0.105694900681938437625E-0001  -0.248829569332941531457E+0002   0.824710057071166424691E+0001
   0.153683343766666680574E+0009   0.108323453419279791543E+0000  -0.103797541912196468212E-0003   0.451230081163520983260E-0009   0.367377056881721340395E-0012   0.125924209379481784055E+0002  -0.102519559464609773952E-0001  -0.248818562406244083718E+0002   0.824988593665859148985E+0001
   0.156350456800000011921E+0009   0.109518691803247997241E+0000  -0.104755881832334322577E-0003   0.445072415174584997656E-0009   0.351271661741960485703E-0012   0.125829761599316469756E+0002  -0.993079422557447549780E-0002  -0.248807662410793497543E+0002   0.825269783993382155529E+0001
   0.159034633433333337307E+0009   0.110705157589397085172E+0000  -0.105677440429739131740E-0003   0.438995461181330985780E-0009   0.335398188401084463020E-0012   0.125735756546004946443E+0002  -0.960621616432388164553E-0002  -0.248796867261743734900E+0002   0.825553595673802220745E+0001
   0.161736218500000000000E+0009   0.111883009061629276615E+0000  -0.106562418657475983384E-0003   0.432998241735755767685E-0009   0.319762224805761103897E-0012   0.125642188199847364416E+0002  -0.927842270057180340537E-0002  -0.248786174942432971591E+0002   0.825839997603234898804E+0001
   0.164455562599999994040E+0009   0.113052402255941999987E+0000  -0.107411029439880606104E-0003   0.427079769607559871440E-0009   0.304368620005592673582E-0012   0.125549050334534211260E+0002  -0.894760492593193318411E-0002  -0.248775583501456800661E+0002   0.826128959944879071031E+0001
   0.167193022299999982119E+0009   0.114213490980776322115E+0000  -0.108223496291799876120E-0003   0.421239049960649459310E-0009   0.289221537184820389521E-0012   0.125456336534913237557E+0002  -0.861394453946752111650E-0002  -0.248765091049917081989E+0002   0.826420454119003444760E+0001
   0.169948960133333325386E+0009   0.115366426754303738611E+0000  -0.109000051976096502056E-0003   0.415475082636442263666E-0009   0.274324504385597970409E-0012   0.125364040220256729441E+0002  -0.827761430518592251915E-0002  -0.248754695759590909176E+0002   0.826714452770536922799E+0001
   0.172723744900000005960E+0009   0.116511358871636411250E+0000  -0.109740937344374335895E-0003   0.409786863966081601236E-0009   0.259680460648265750741E-0012   0.125272154656126648575E+0002  -0.793877845367063281201E-0002  -0.248744395860081652927E+0002   0.827010929767728342199E+0001
   0.175517751700000017881E+0009   0.117648434360634046580E+0000  -0.110446400185339015099E-0003   0.404173388599824414642E-0009   0.245291800422248022600E-0012   0.125180672974149338472E+0002  -0.759759309734972434341E-0002  -0.248734189637122611316E+0002   0.827309860171468791634E+0001
   0.178331362166666686535E+0009   0.118777798022613595430E+0000  -0.111116694210709789363E-0003   0.398633651089049164414E-0009   0.231160414396723006302E-0012   0.125089588184002984406E+0002  -0.725420660505666017870E-0002  -0.248724075430257371977E+0002   0.827611220225229260450E+0001
   0.181164964600000023842E+0009   0.119899592432180554513E+0000  -0.111752078087786911446E-0003   0.393166647342141838665E-0009   0.217287727463004061220E-0012   0.124998893187933344251E+0002  -0.690875996222823415133E-0002  -0.248714051631015067301E+0002   0.827914987333589458274E+0001
   0.184018954133333355188E+0009   0.121013957951449063755E+0000  -0.112352814552902109256E-0003   0.387771375970102088384E-0009   0.203674735661816198391E-0012   0.124908580793094241557E+0002  -0.656138712997089007528E-0002  -0.248704116681083782225E+0002   0.828221140043691228527E+0001
   0.186893732900000035763E+0009   0.122121032744597374231E+0000  -0.112919169589985603458E-0003   0.382446839497735821928E-0009   0.190322038794022266857E-0012   0.124818643723153552827E+0002  -0.621221536791041837461E-0002  -0.248694269070592888227E+0002   0.828529658026100968016E+0001
   0.189789710233333379030E+0009   0.123220952805224562288E+0000  -0.113451411677181719173E-0003   0.377192045429364565844E-0009   0.177229872086038916691E-0012   0.124729074628109231071E+0002  -0.586136554856835773064E-0002  -0.248684507336390190346E+0002   0.828840522058715656328E+0001
   0.192707302800000041723E+0009   0.124313851957942630988E+0000  -0.113949811078065891667E-0003   0.372006007275778984138E-0009   0.164398135574392016152E-0012   0.124639866095477973573E+0002  -0.550895246316255183389E-0002  -0.248674830060649547647E+0002   0.829153714002992714427E+0001
   0.195646934800000041723E+0009   0.125399861885506502812E+0000  -0.114414639200259121406E-0003   0.366887745452283485231E-0009   0.151826421359010272012E-0012   0.124551010658742331572E+0002  -0.515508510562861545223E-0002  -0.248665235869346403774E+0002   0.829469216786885610304E+0001
   0.198609038200000047684E+0009   0.126479112167034779546E+0000  -0.114846168007596730965E-0003   0.361836288018451650272E-0009   0.139514038905125215418E-0012   0.124462500804249831532E+0002  -0.479986693960954453886E-0002  -0.248655723430724897582E+0002   0.829787014390926636054E+0001
   0.201594052833333373070E+0009   0.127551730266484336651E+0000  -0.115244669458791472254E-0003   0.356850671471231398856E-0009   0.127460039178917811851E-0012   0.124374328981583079923E+0002  -0.444339616903407196025E-0002  -0.248646291454287933220E+0002   0.830107091819557751933E+0001
   0.204602426700000047684E+0009   0.128617841593466869510E+0000  -0.115610415019677897994E-0003   0.351929941330362215224E-0009   0.115663236417992863946E-0012   0.124286487607439806169E+0002  -0.408576597291471655532E-0002  -0.248636938689227555699E+0002   0.830429435093572720916E+0001
   0.207634616066666722298E+0009   0.129677569490582678124E+0000  -0.115943675188117544710E-0003   0.347073152755350348804E-0009   0.104122229159776315300E-0012   0.124198969075011067531E+0002  -0.372706475287272378377E-0002  -0.248627663923575781268E+0002   0.830754031220691757653E+0001
   0.210691085766666710377E+0009   0.130731035291026892464E+0000  -0.116244719082649619829E-0003   0.342279371015019594990E-0009   0.928354191400021329631E-0013   0.124111765757072305405E+0002  -0.336737634619344809034E-0002  -0.248618465982806782222E+0002   0.831080868187249954815E+0001
   0.213772309366666704416E+0009   0.131778358327266198469E+0000  -0.116513814049431637331E-0003   0.337547671926228039704E-0009   0.818010293671775929627E-0013   0.124024870012625267890E+0002  -0.300678024470793807052E-0002  -0.248609343728933751549E+0002   0.831409934935209804507E+0001
   0.216878769400000035763E+0009   0.132819655961741250882E+0000  -0.116751225310140479630E-0003   0.332877142256453554804E-0009   0.710171207422463295777E-0013   0.123938274191277013614E+0002  -0.264535179621737262870E-0002  -0.248600296059473393484E+0002   0.831741221345974857115E+0001
   0.220010957600000023842E+0009   0.133855043615650787237E+0000  -0.116957215639806004623E-0003   0.328266880045906975897E-0009   0.604816075408771083368E-0013   0.123851970637341235459E+0002  -0.228316239702389166613E-0002  -0.248591321906484701287E+0002   0.832074718223841891529E+0001
   0.223169375066666692495E+0009   0.134884634774179223982E+0000  -0.117132045069521143030E-0003   0.323715994951751526934E-0009   0.501922720255580518763E-0013   0.123765951695502032237E+0002  -0.192027968331963806541E-0002  -0.248582420235865271252E+0002   0.832410417272000913158E+0001
   0.226354532633333355188E+0009   0.135908541055625831095E+0000  -0.117275970627937742817E-0003   0.319223608413483935208E-0009   0.401467774309724249055E-0013   0.123680209710770423470E+0002  -0.155676769168198829429E-0002  -0.248573590046144836663E+0002   0.832748311089487991410E+0001
   0.229566950966666698456E+0009   0.136926872191135529100E+0000  -0.117389246091835342651E-0003   0.314788853918041991962E-0009   0.303426808623577728019E-0013   0.123594737035536574865E+0002  -0.119268704254773313250E-0002  -0.248564830368099016766E+0002   0.833088393139368221796E+0001
   0.232807160933333367109E+0009   0.137939736089035619448E+0000  -0.117472121774043623994E-0003   0.310410877146951556470E-0009   0.207774444826799500439E-0013   0.123509526029206906372E+0002  -0.828095085835611017730E-0003  -0.248556140263678386759E+0002   0.833430657744917979812E+0001
   0.236075703800000041723E+0009   0.138947238843068310299E+0000  -0.117524844324435869067E-0003   0.306088836101449307602E-0009   0.114484464159494169185E-0013   0.123424569062216704651E+0002  -0.463046059001095782186E-0003  -0.248547518825462496750E+0002   0.833775100067690644323E+0001
   0.239373131533333361149E+0009   0.139949484770056864491E+0000  -0.117547656554682275736E-0003   0.301821901211437474850E-0009   0.235299057840896566338E-0014   0.123339858517255169801E+0002  -0.975912271334055840067E-0004  -0.248538965175900834481E+0002   0.834121716095782161915E+0001
   0.242700007000000029802E+0009   0.140946576414621826956E+0000  -0.117540797280616001168E-0003   0.297609255452494739825E-0009  -0.651168390214122273147E-0014   0.123255386792985603961E+0002   0.268220971697230982454E-0003  -0.248530478466873212540E+0002   0.834470502621141285715E+0001
   0.246056904366666704416E+0009   0.141938614612114044622E+0000  -0.117504501182990364313E-0003   0.293450094341497400592E-0009  -0.151483944929474754252E-0013   0.123171146302564888941E+0002   0.634344809022058990847E-0003  -0.248522057878787911989E+0002   0.834821457237479691571E+0001
   0.249444409300000041723E+0009   0.142925698488220981330E+0000  -0.117438998683126033778E-0003   0.289343625974813040585E-0009  -0.235600071092045060983E-0013   0.123087129477249401788E+0002   0.100073713174249822808E-0002  -0.248513702620254832709E+0002   0.835174578316670590539E+0001
   0.252863119300000041723E+0009   0.143907925496207789173E+0000  -0.117344515834205285944E-0003   0.285289071052654586994E-0009  -0.317494289124634113228E-0013   0.123003328766567889829E+0002   0.136735724760183490270E-0002  -0.248505411927468671252E+0002   0.835529864998684601574E+0001
   0.256313644000000029802E+0009   0.144885391441339328455E+0000  -0.117221274226349847264E-0003   0.281285662506257445890E-0009  -0.397196015473864384328E-0013   0.122919736627077540447E+0002   0.173416681157373755995E-0002  -0.248497185063731507171E+0002   0.835887317177872546381E+0001
