   0.194999999999999976717E+0007   0.193637094909188166650E-0002  -0.330087567551670389773E-0007   0.985053059394009146448E-0009   0.338551351335046666415E-0013   0.163732681671620703412E+0002  -0.679833970616211557582E-0003  -0.249976609804291101113E+0002   0.814621782451888165610E+0001
   0.405170859999999962747E+0007   0.399180573709695223072E-0002  -0.168315489548599690854E-0006   0.970252229906813598027E-0009   0.878584362876163839386E-0013   0.163635653419965656497E+0002  -0.158372850986255057568E-0002  -0.249951521634193802868E+0002   0.814640898583026284996E+0001
   0.615572539999999944121E+0007   0.601728829412560319023E-0002  -0.423946612614790144844E-0006   0.954623436433533631983E-0009   0.149088698414959257378E-0012   0.163533232080256496488E+0002  -0.261362980075427334473E-0002  -0.249926617165477011895E+0002   0.814669875121752262714E+0001
   0.826211446666666585952E+0007   0.801121655926254061519E-0002  -0.807343282713662496806E-0006   0.938259683359272745549E-0009   0.211461800716036491272E-0012   0.163426870393782763813E+0002  -0.371221334791281293991E-0002  -0.249902008258033738741E+0002   0.814709064516963366032E+0001
   0.103709988666666653007E+0008   0.997233746340857318824E-0002  -0.131933405612748914408E-0005   0.921372986938067273954E-0009   0.272431961362260932555E-0012   0.163317689934998817591E+0002  -0.483669653147416646333E-0002  -0.249877764876764736357E+0002   0.814758680060755935415E+0001
   0.124825067333333324641E+0008   0.118997853519483536705E-0001  -0.195621304548348365311E-0005   0.904133316489469430268E-0009   0.330378638331412009829E-0012   0.163206572817547588272E+0002  -0.595660042392718355048E-0002  -0.249853930166396267509E+0002   0.814818824445234035636E+0001
   0.145967710666666664183E+0008   0.137930070131710054426E-0001  -0.271124420030193612958E-0005   0.886677714761884623084E-0009   0.384241590683665599754E-0012   0.163094220181968019290E+0002  -0.705024231203778273258E-0002  -0.249830530893360389655E+0002   0.814889512542222327340E+0001
   0.167139297333333324641E+0008   0.156517022150755510945E-0001  -0.357574922712051952923E-0005   0.869117079022068009119E-0009   0.433372018756703378308E-0012   0.162981194410028393804E+0002  -0.810226565287354774658E-0002  -0.249807583055777442382E+0002   0.814970689506591128293E+0001
   0.188341253333333320916E+0008   0.174757759210310004150E-0001  -0.453988895617023297739E-0005   0.851541420504691487185E-0009   0.477418734104729211702E-0012   0.162867949801605220728E+0002  -0.910191353059981549112E-0002  -0.249785095214950558784E+0002   0.815062245233279192291E+0001
   0.209575050666666664183E+0008   0.192652997782181631403E-0001  -0.559322355017729433191E-0005   0.834023903162505231195E-0009   0.516244369938040706503E-0012   0.162754855130841882271E+0002  -0.100418103024883520469E-0001  -0.249763070614528714941E+0002   0.815164026003668240605E+0001
   0.230842206333333328366E+0008   0.210204808615385568826E-0001  -0.672511298624690468908E-0005   0.816624005128434134868E-0009   0.549864115267399374929E-0012   0.162642210758506138291E+0002  -0.109170906626764249725E-0001  -0.249741508599179660166E+0002   0.815275843924735355017E+0001
   0.252144281000000014901E+0008   0.227416360966681205258E-0001  -0.792500140183204283178E-0005   0.799389995223338295637E-0009   0.578400764176386499377E-0012   0.162530261683354773083E+0002  -0.117247686569571345216E-0001  -0.249720405604113935283E+0002   0.815397484628879709589E+0001
   0.273482878333333358169E+0008   0.244291712607344682628E-0001  -0.918261645443790559904E-0005   0.782360896291911702475E-0009   0.602051556238208166864E-0012   0.162419207653343704578E+0002  -0.124632745359445993444E-0001  -0.249699755867982702284E+0002   0.815528713593985443708E+0001
   0.294859643333333358169E+0008   0.260835635249331426744E-0001  -0.104881059826563449743E-0004   0.765568082077837892989E-0009   0.621063592305086152317E-0012   0.162309211273249651697E+0002  -0.131321103832154461449E-0001  -0.249679551962698305090E+0002   0.815669281329621753684E+0001
   0.316276261333333365619E+0008   0.277053470035707807839E-0001  -0.118321283546681801577E-0004   0.749036556770691861853E-0009   0.635715554232108951422E-0012   0.162200404373229005728E+0002  -0.137315909637602366622E-0001  -0.249659785195795933532E+0002   0.815818927659191217572E+0001
   0.337734456666666716337E+0008   0.292951006701050800651E-0001  -0.132059083958841619127E-0004   0.732786007147805270913E-0009   0.646304097368476874205E-0012   0.162092893187631723606E+0002  -0.142626464165496631697E-0001  -0.249640445923280083207E+0002   0.815977385252038978081E+0001
   0.359235991333333402872E+0008   0.308534382471055204644E-0001  -0.146012677917258479625E-0004   0.716831667316599922757E-0009   0.653133744390703694236E-0012   0.161986762560004109446E+0002  -0.147266704343529501731E-0001  -0.249621523797083000318E+0002   0.816144382539318158365E+0001
   0.380782663666666746140E+0008   0.323809997270145810688E-0001  -0.160106365979276833505E-0004   0.701185034488319870962E-0009   0.656509415897433795190E-0012   0.161882079388042789958E+0002  -0.151254023217423094749E-0001  -0.249603007963761776011E+0002   0.816319646119151798302E+0001
   0.402376307666666731238E+0008   0.338784442945179176121E-0001  -0.174270509060685054622E-0004   0.685854464386094157516E-0009   0.656730967408513705878E-0012   0.161778895462403937699E+0002  -0.154608346177618812683E-0001  -0.249584887225393288190E+0002   0.816502902742407599135E+0001
   0.424018791666666716337E+0008   0.353464443306229364472E-0001  -0.188441403699388656471E-0004   0.670845669442474848687E-0009   0.654089255672674246872E-0012   0.161677249824177700077E+0002  -0.157351402169817293497E-0001  -0.249567150172012475196E+0002   0.816693880938264982206E+0001
   0.445712017000000029802E+0008   0.367856803671838955561E-0001  -0.202561085272848190970E-0004   0.656162137326509822073E-0009   0.648863378141825688840E-0012   0.161577170731045143270E+0002  -0.159506145769638257859E-0001  -0.249549785290857926157E+0002   0.816892312341593118674E+0001
   0.467457917000000029802E+0008   0.381968368636562069507E-0001  -0.216577081514819251096E-0004   0.641805483712387319130E-0009   0.641318813170408943207E-0012   0.161478677303307165403E+0002  -0.161096297243889310935E-0001  -0.249532781056531156594E+0002   0.817097932772800561452E+0001
   0.489258456000000014901E+0008   0.395805986582451474476E-0001  -0.230442133053701371319E-0004   0.627775750830122653181E-0009   0.631706251804790862899E-0012   0.161381780909295606818E+0002  -0.162145975801804738403E-0001  -0.249516126005631342366E+0002   0.817310483106856899838E+0001
   0.511115628333333358169E+0008   0.409376479909730334183E-0001  -0.244113893942944041194E-0004   0.614071660971738574314E-0009   0.620260959687473608579E-0012   0.161286486336081580362E+0002  -0.162679407210538536088E-0001  -0.249499808798410747102E+0002   0.817529709964276385392E+0001
   0.533031458000000044703E+0008   0.422686620534012749695E-0001  -0.257554622495740400540E-0004   0.600690832093881882439E-0009   0.607202543248733326807E-0012   0.161192792779878466547E+0002  -0.162720691305188805420E-0001  -0.249483818268941028862E+0002   0.817755366258556293246E+0001
   0.555007997000000029802E+0008   0.435743108696281175596E-0001  -0.270730868682785140065E-0004   0.587629962429339497099E-0009   0.592735021387292019443E-0012   0.161100694694527284412E+0002  -0.162293617929950909073E-0001  -0.249468143466904557215E+0002   0.817987211602780917019E+0001
   0.577047325666666701436E+0008   0.448552556525444387492E-0001  -0.283613165813972243040E-0004   0.574884987801116306043E-0009   0.577047126536018060241E-0012   0.161010182508503234544E+0002  -0.161421522636456746258E-0001  -0.249452773689872415730E+0002   0.818225012629273606990E+0001
   0.599151551000000014901E+0008   0.461121473415717908484E-0001  -0.296175728237701115278E-0004   0.562451217108586356212E-0009   0.560312772989637535114E-0012   0.160921243247107632612E+0002  -0.160127174811702938095E-0001  -0.249437698510094456594E+0002   0.818468543197196218841E+0001
   0.621322807000000029802E+0008   0.473456255166795625389E-0001  -0.308396160494935775106E-0004   0.550323448140247121522E-0009   0.542691644640480450012E-0012   0.160833861059583860253E+0002  -0.158432692516498919988E-0001  -0.249422907793896158068E+0002   0.818717584544667076329E+0001
   0.643563253666666671634E+0008   0.485563174555954379930E-0001  -0.320255178086552939670E-0004   0.538496067432426539557E-0009   0.524329865058810291030E-0012   0.160748017678496673000E+0002  -0.156359479430604395023E-0001  -0.249408391716854467290E+0002   0.818971925361571884139E+0001
   0.665875077000000029802E+0008   0.497448374371743939903E-0001  -0.331736342622942451553E-0004   0.526963136006500252945E-0009   0.505360719206034193898E-0012   0.160663692812994121084E+0002  -0.153928179950366759293E-0001  -0.249394140773857877491E+0002   0.819231361818856917978E+0001
   0.688260488666666746140E+0008   0.509117861875164195995E-0001  -0.342825811456088302368E-0004   0.515718463177023839042E-0009   0.485905404039870611391E-0012   0.160580864490657475585E+0002  -0.151158649314160741656E-0001  -0.249380145785593327901E+0002   0.819495697548379276043E+0001
   0.710721725666666775942E+0008   0.520577504654517464466E-0001  -0.353512102431716076232E-0004   0.504755670133703579241E-0009   0.466073789921629422076E-0012   0.160499509354243130588E+0002  -0.148069936116889643019E-0001  -0.249366397901787024693E+0002   0.819764743584344479643E+0001
   0.733261051000000089407E+0008   0.531833028173627209156E-0001  -0.363785874316997423494E-0004   0.494068244327993682911E-0009   0.445965177984681017262E-0012   0.160419602916215104926E+0002  -0.144680274831191467422E-0001  -0.249352888601081410513E+0002   0.820038318285010348063E+0001
   0.755880752666666805744E+0008   0.542890013478393579360E-0001  -0.373639721476655238671E-0004   0.483649586601678600381E-0009   0.425669044746514032086E-0012   0.160341119786156056648E+0002  -0.141007086830233305946E-0001  -0.249339609689631203082E+0002   0.820316247208050874917E+0001
   0.778583144666666835546E+0008   0.553753896776113668787E-0001  -0.383067984177895603029E-0004   0.473493051253466927303E-0009   0.405265763663152888747E-0012   0.160264033862364065897E+0002  -0.137066987837485554369E-0001  -0.249326553296565123219E+0002   0.820598362988598140078E+0001
   0.801370566333333551884E+0008   0.564429968917985053212E-0001  -0.392066572348528621017E-0004   0.463591980550866335740E-0009   0.384827300246363753218E-0012   0.160188318504560491817E+0002  -0.132875801013214531882E-0001  -0.249313711868862242227E+0002   0.820884505179471979375E+0001
   0.824245383000000268221E+0008   0.574923376153633758356E-0001  -0.400632803535742307082E-0004   0.453939734042405775932E-0009   0.364417875076228006737E-0012   0.160113946680392125188E+0002  -0.128448574137027832914E-0001  -0.249301078164172231766E+0002   0.821174520093907744922E+0001
   0.847209987000000327826E+0008   0.585239121530769582091E-0001  -0.408765253870677606899E-0004   0.444529713247598367915E-0009   0.344094591108901289845E-0012   0.160040891092611126112E+0002  -0.123799599818248083627E-0001  -0.249288645242466309071E+0002   0.821468260641993097693E+0001
   0.870266796666667014360E+0008   0.595382065816278949200E-0001  -0.416463620559451346221E-0004   0.435355382962536175899E-0009   0.323908029378336604988E-0012   0.159969124295828493132E+0002  -0.118942438936014121403E-0001  -0.249276406458020503010E+0002   0.821765586133263425950E+0001
   0.893418258333333730698E+0008   0.605356930133729431720E-0001  -0.423728596973158250054E-0004   0.426410288762925522092E-0009   0.303902804092051936795E-0012   0.159898618789704478615E+0002  -0.113889945109072517754E-0001  -0.249264355449176875368E+0002   0.822066362111593917916E+0001
   0.916666845666667073965E+0008   0.615168297698249419425E-0001  -0.430561757590340517818E-0004   0.417688071837393978366E-0009   0.284118084518429311370E-0012   0.159829347108068464678E+0002  -0.108654291066731106818E-0001  -0.249252486129150838678E+0002   0.822370460151684135042E+0001
   0.940015061000000387430E+0008   0.624820616668246980874E-0001  -0.436965453679446347692E-0004   0.409182481139660819266E-0009   0.264588079773838933938E-0012   0.159761281890338970868E+0002  -0.103246995422948215776E-0001  -0.249240792675516757981E+0002   0.822677757678823162735E+0001
   0.963465435333333760500E+0008   0.634318202613827625269E-0001  -0.442942717931502620175E-0004   0.400887383380436331721E-0009   0.245342489999530405575E-0012   0.159694395947754941290E+0002  -0.976789501734466603100E-0002  -0.249229269520270904081E+0002   0.822988137770073002741E+0001
   0.987020529333333820105E+0008   0.643665241554605138674E-0001  -0.448497178069022864062E-0004   0.392796771011641384926E-0009   0.226406923215133093788E-0012   0.159628662317563527751E+0002  -0.919604480433676256534E-0002  -0.249217911339354536437E+0002   0.823301488968515826627E+0001
   0.101068293466666713357E+0009   0.652865793221981266514E-0001  -0.453632978528652891503E-0004   0.384904768365295569371E-0009   0.207803281721200536949E-0012   0.159564054309270169085E+0002  -0.861012098595917776955E-0002  -0.249206713042097831590E+0002   0.823617705103026587210E+0001
   0.103445527366666719317E+0009   0.661923793739531141078E-0001  -0.458354709147694162593E-0004   0.377205636566335432780E-0009   0.189550116358047015787E-0012   0.159500545548110093108E+0002  -0.801104115634686080039E-0002  -0.249195669761619811311E+0002   0.823936685087562281637E+0001
   0.105834020100000053644E+0009   0.670843059145501824370E-0001  -0.462667341134337053608E-0004   0.369693777038481884243E-0009   0.171662953778294551196E-0012   0.159438110007463365037E+0002  -0.739967105273239746793E-0002  -0.249184776844458681921E+0002   0.824258332749528577210E+0001
   0.108234040433333382010E+0009   0.679627288542536817095E-0001  -0.466576169049562745851E-0004   0.362363733820664787488E-0009   0.154154596240479902555E-0012   0.159376722038626130740E+0002  -0.677682713886445381446E-0002  -0.249174029840931510194E+0002   0.824582556647823672336E+0001
   0.110645860466666713357E+0009   0.688280067142396645430E-0001  -0.470086758497975486107E-0004   0.355210195115223671080E-0009   0.137035396638345725109E-0012   0.159316356396607066159E+0002  -0.614327912137792656044E-0002  -0.249163424495933014668E+0002   0.824909269889718288482E+0001
   0.113069755833333373070E+0009   0.696804869906446910921E-0001  -0.473204899326453576206E-0004   0.348227993779921994596E-0009   0.120313509144550809045E-0012   0.159256988257556066912E+0002  -0.549975234255555694984E-0002  -0.249152956739293998112E+0002   0.825238389974084363132E+0001
   0.115506005700000032783E+0009   0.705205064432765232896E-0001  -0.475936563303982091431E-0004   0.341412107232370151156E-0009   0.103995119302041322872E-0012   0.159198593237549737012E+0002  -0.484693013727574301824E-0002  -0.249142622677367491235E+0002   0.825569838611613349144E+0001
   0.117954892933333367109E+0009   0.713483914403118674175E-0001  -0.478287866420208131191E-0004   0.334757656747439089732E-0009   0.880846528802019707892E-0013   0.159141147403918647996E+0002  -0.418545605534219322674E-0002  -0.249132418584233299441E+0002   0.825903541571891608442E+0001
   0.120416411800000026822E+0009   0.721643618461557945221E-0001  -0.480264821420334415449E-0004   0.328260304553270952123E-0009   0.725866887549135443701E-0013   0.159084633937435153683E+0002  -0.351601449814455948792E-0002  -0.249122342087170309810E+0002   0.826239388597372226286E+0001
   0.122890698700000032783E+0009   0.729686794574816305348E-0001  -0.481873776102343455733E-0004   0.321915968889566222604E-0009   0.575034491531710506158E-0013   0.159029032862185424335E+0002  -0.283921760863382237686E-0002  -0.249112390334505988676E+0002   0.826577291955331716622E+0001
   0.125378031266666695476E+0009   0.737616439389290473594E-0001  -0.483121274905123768758E-0004   0.315720315741319759917E-0009   0.428350427650261293030E-0013   0.158974321413009818116E+0002  -0.215560776528108061570E-0002  -0.249102560034011197843E+0002   0.826917186311212049077E+0001
   0.127878690966666698456E+0009   0.745435459537505673566E-0001  -0.484013891049907133465E-0004   0.309668974906945242453E-0009   0.285804475316932012380E-0013   0.158920477300904714468E+0002  -0.146569569916201749259E-0002  -0.249092848027792719279E+0002   0.827259009853007931667E+0001
   0.130392963500000029802E+0009   0.753146673342670186502E-0001  -0.484558204431485958687E-0004   0.303757711524827871556E-0009   0.147376558365681313360E-0013   0.158867478713344976171E+0002  -0.769961603983654319094E-0003  -0.249083251287798326246E+0002   0.827602704191865434780E+0001
   0.132921138833333358169E+0009   0.760752813395089017012E-0001  -0.484760782355364588546E-0004   0.297982422947812914406E-0009   0.130380728472154499335E-0014   0.158815304316285157427E+0002  -0.688568708984478464272E-0004  -0.249073766909685971882E+0002   0.827948214217176214902E+0001
   0.135463511333333373070E+0009   0.768256529368695068039E-0001  -0.484628162618912743239E-0004   0.292339135904341280484E-0009  -0.117247037870795642521E-0013   0.158763933252532627449E+0002   0.637194292360963344957E-0003  -0.249064392106640966063E+0002   0.828295487969754695712E+0001
   0.138020379900000035763E+0009   0.775660390755649464811E-0001  -0.484166838650680408191E-0004   0.286824003416762248416E-0009  -0.243521311871689688578E-0013   0.158713345138910693066E+0002   0.134779332594749936755E-0002  -0.249055124203524975712E+0002   0.828644476519372474854E+0001
   0.140592048066666692495E+0009   0.782966889422778283825E-0001  -0.483383246523668222427E-0004   0.281433301664444759917E-0009  -0.365832891111659141891E-0013   0.158663520063011329597E+0002   0.206256585411820469317E-0002  -0.249045960631463927371E+0002   0.828995133842018283588E+0001
   0.143178824066666692495E+0009   0.790178442001760877877E-0001  -0.482283753691369233710E-0004   0.276163426845507890815E-0009  -0.484234729438769229878E-0013   0.158614438579585890210E+0002   0.278116029003527874888E-0002  -0.249036898922850120641E+0002   0.829347416696830741500E+0001
   0.145781021000000029802E+0009   0.797297392487958112017E-0001  -0.480874649227678078144E-0004   0.271010891927076430203E-0009  -0.598783884895580211396E-0013   0.158566081704158357013E+0002   0.350324654258336431328E-0002  -0.249027936706273038681E+0002   0.829701284520778870046E+0001
   0.148398956933333367109E+0009   0.804326014568051278486E-0001  -0.479162135457795226303E-0004   0.265972323334969519676E-0009  -0.709540880433217788499E-0013   0.158518430907245946315E+0002   0.422851477566250737172E-0002  -0.249019071701968215393E+0002   0.830056699318244817221E+0001
   0.151032955066666692495E+0009   0.811266514049005238451E-0001  -0.477152320788873168193E-0004   0.261044457653530526864E-0009  -0.816569133419614801901E-0013   0.158471468106765200901E+0002   0.495667425375594973558E-0002  -0.249010301717304152191E+0002   0.830413625563535084950E+0001
   0.153683343766666680574E+0009   0.818121030853196790078E-0001  -0.474851213751361619702E-0004   0.256224138387008307235E-0009  -0.919934438425662145154E-0013   0.158425175662344859262E+0002   0.568745221526065301149E-0002  -0.249001624642970611490E+0002   0.830772030089076629622E+0001
   0.156350456800000011921E+0009   0.824891641466189984300E-0001  -0.472264717894965875816E-0004   0.251508312708697175098E-0009  -0.101970451343724209904E-0012   0.158379536365638919904E+0002   0.642059286220102599235E-0002  -0.248993038448737742385E+0002   0.831131882004345534654E+0001
   0.159034633433333337307E+0009   0.831580360949152191941E-0001  -0.469398627668099862253E-0004   0.246894028166686908792E-0009  -0.111594858800499497390E-0012   0.158334533432736623837E+0002   0.715585637081926888986E-0002  -0.248984541179896226026E+0002   0.831493152600190121859E+0001
   0.161736218500000000000E+0009   0.838189144801406160745E-0001  -0.466258625163225732526E-0004   0.242378429592457191001E-0009  -0.120873703539646078331E-0012   0.158290150496799224555E+0002   0.789301794868494180357E-0002  -0.248976130954010024254E+0002   0.831855815252109564994E+0001
   0.164455562599999994040E+0009   0.844719891084817764426E-0001  -0.462850277446012075850E-0004   0.237958755988332673035E-0009  -0.129814105049396239389E-0012   0.158246371598229789157E+0002   0.863186698009729518055E-0002  -0.248967805957449321852E+0002   0.832219845344732434000E+0001
   0.167193022299999982119E+0009   0.851174442459197294619E-0001  -0.459179034492316598317E-0004   0.233632337360940154015E-0009  -0.138423236285683846660E-0012   0.158203181174816283061E+0002   0.937220621992319695426E-0002  -0.248959564442136240814E+0002   0.832585220199258735363E+0001
   0.169948960133333325386E+0009   0.857554587669157042384E-0001  -0.455250227964913202223E-0004   0.229396591767285324536E-0009  -0.146708297517070389162E-0012   0.158160564054965924186E+0002   0.101138509800509698161E-0001  -0.248951404723084976922E+0002   0.832951918977166450020E+0001
   0.172723744900000005960E+0009   0.863862063673882935033E-0001  -0.451069070109055755011E-0004   0.225249022404592431205E-0009  -0.154676494376959711345E-0012   0.158118505446113424284E+0002   0.108566284405551393560E-0001  -0.248943325175207910149E+0002   0.833319922626805187349E+0001
   0.175517751700000017881E+0009   0.870098557079998363717E-0001  -0.446640653461858103514E-0004   0.221187214051478365706E-0009  -0.162335017418824379630E-0012   0.158076990911561559017E+0002   0.116003769287313963920E-0001  -0.248935324231089722957E+0002   0.833689213797680928053E+0001
   0.178331362166666686535E+0009   0.876265705960532770291E-0001  -0.441969950688169175386E-0004   0.217208832913712095835E-0009  -0.169691024994256984477E-0012   0.158036006423819053168E+0002   0.123449452965883697125E-0001  -0.248927400378328833597E+0002   0.834059776781673001267E+0001
   0.181164964600000023842E+0009   0.882365101412090485633E-0001  -0.437061814889211591815E-0004   0.213311619918878826463E-0009  -0.176751627745945276866E-0012   0.157995538258770000795E+0002   0.130901922960968038201E-0001  -0.248919552157321462005E+0002   0.834431597446785211503E+0001
   0.184018954133333355188E+0009   0.888398289068739466234E-0001  -0.431920980216603440406E-0004   0.209493390769973212372E-0009  -0.183523875371126138199E-0012   0.157955573051995799005E+0002   0.138359860092365921647E-0001  -0.248911778159096357399E+0002   0.834804663175314232149E+0001
   0.186893732900000035763E+0009   0.894366770588819054444E-0001  -0.426552062738079479755E-0004   0.205752032694753749982E-0009  -0.190014744992324181817E-0012   0.157916097772831633961E+0002   0.145822033044144695052E-0001  -0.248904077023281331549E+0002   0.835178962804787872187E+0001
   0.189789710233333379030E+0009   0.900272005138894743093E-0001  -0.420959561489303449658E-0004   0.202085501949046654836E-0009  -0.196231131279547306137E-0012   0.157877099714935908992E+0002   0.153287293327132607273E-0001  -0.248896447436110577200E+0002   0.835554486575276378346E+0001
   0.192707302800000041723E+0009   0.906115410678921540111E-0001  -0.415147859865672901134E-0004   0.198491821409190366643E-0009  -0.202179837749906575704E-0012   0.157838566487852993703E+0002   0.160754570352615554218E-0001  -0.248888888128731622373E+0002   0.835931226069973476456E+0001
   0.195646934800000041723E+0009   0.911898365328293325494E-0001  -0.409121227079191945495E-0004   0.194969078262329084300E-0009  -0.207867569597842317907E-0012   0.157800486007817344358E+0002   0.168222866944281214396E-0001  -0.248881397875447980539E+0002   0.836309174166291313668E+0001
   0.198609038200000047684E+0009   0.917622208735713040806E-0001  -0.402883819699913873504E-0004   0.191515421712856666319E-0009  -0.213300927694755353670E-0012   0.157762846488330801265E+0002   0.175691255181016497966E-0001  -0.248873975491991856757E+0002   0.836688324992858412088E+0001
   0.201594052833333373070E+0009   0.923288243131970831623E-0001  -0.396439683616960867338E-0004   0.188129060808677798093E-0009  -0.218486403221151546773E-0012   0.157725636432649167773E+0002   0.183158872135731794206E-0001  -0.248866619834238846920E+0002   0.837068673871020152433E+0001
   0.204602426700000047684E+0009   0.928897734717530343396E-0001  -0.389792755703148859439E-0004   0.184808262350869773658E-0009  -0.223430373860444204024E-0012   0.157688844623906003761E+0002   0.190624916337291602786E-0001  -0.248859329796517450006E+0002   0.837450217283430298210E+0001
   0.207634616066666722298E+0009   0.934451914613568246359E-0001  -0.382946866010188001939E-0004   0.181551348826896849536E-0009  -0.228139100113133721329E-0012   0.157652460117961226160E+0002   0.198088643934290001281E-0001  -0.248852104310510426899E+0002   0.837832952818501652814E+0001
   0.210691085766666710377E+0009   0.939951980138345188909E-0001  -0.375905739617801465825E-0004   0.178356696474820461744E-0009  -0.232618723019838406631E-0012   0.157616472233988496043E+0002   0.205549365548821673377E-0001  -0.248844942343755910485E+0002   0.838216879141541859610E+0001
   0.213772309366666704416E+0009   0.945399095782679804723E-0001  -0.368672998848837012208E-0004   0.175222733341199864197E-0009  -0.236875262014303301494E-0012   0.157580870546921936182E+0002   0.213006442975972321019E-0001  -0.248837842898559955529E+0002   0.838601995950122613976E+0001
   0.216878769400000035763E+0009   0.950794394259641267864E-0001  -0.361252165401510755391E-0004   0.172147937475945778243E-0009  -0.240914613634745657769E-0012   0.157545644879322672693E+0002   0.220459286215824064314E-0001  -0.248830805010830005131E+0002   0.838988303938966950568E+0001
   0.220010957600000023842E+0009   0.956138977504694398402E-0001  -0.353646662530977110342E-0004   0.169130835153785347248E-0009  -0.244742550675760902995E-0012   0.157510785293473514201E+0002   0.227907350659022761574E-0001  -0.248823827748989501174E+0002   0.839375804765766631022E+0001
   0.223169375066666692495E+0009   0.961433917516636565859E-0001  -0.345859817440072510059E-0004   0.166169999188667993274E-0009  -0.248364721656110423664E-0012   0.157476282084440253328E+0002   0.235350134262494285753E-0001  -0.248816910213112869599E+0002   0.839764501009690178535E+0001
   0.226354532633333355188E+0009   0.966680257492514016793E-0001  -0.337894863214538220897E-0004   0.163264047286852281304E-0009  -0.251786651156990573981E-0012   0.157442125771146272939E+0002   0.242787175332053878352E-0001  -0.248810051533689780001E+0002   0.840154396155338467622E+0001
   0.229566950966666698456E+0009   0.971879012467534303399E-0001  -0.329754941441710587146E-0004   0.160411640436042219291E-0009  -0.255013739767929641495E-0012   0.157408307090614645318E+0002   0.250218049802065183040E-0001  -0.248803250871045982251E+0002   0.840545494544564597561E+0001
   0.232807160933333367109E+0009   0.977031170357086781175E-0001  -0.321443104192452970016E-0004   0.157611481429388765494E-0009  -0.258051265134424916616E-0012   0.157374816989537293921E+0002   0.257642369260448964030E-0001  -0.248796507414248466716E+0002   0.840937801361662984334E+0001
   0.236075703800000041723E+0009   0.982137692680001839207E-0001  -0.312962316432357479080E-0004   0.154862313348492051193E-0009  -0.260904382675505162774E-0012   0.157341646617876378400E+0002   0.265059778690071336238E-0001  -0.248789820380435138247E+0002   0.841331322598652242561E+0001
   0.239373131533333361149E+0009   0.987199515402070459924E-0001  -0.304315458193906755399E-0004   0.152162918173334545957E-0009  -0.263578126891198121826E-0012   0.157308787321638465784E+0002   0.272469954546294065856E-0001  -0.248783189013994245897E+0002   0.841726065033184767117E+0001
   0.242700007000000029802E+0009   0.992217549584397534579E-0001  -0.295505327018415917754E-0004   0.149512115422091159457E-0009  -0.266077412588532391633E-0012   0.157276230636886698022E+0002   0.279872602701058820207E-0001  -0.248776612586005363426E+0002   0.842122036194843381907E+0001
   0.246056904366666704416E+0009   0.997192682298802118845E-0001  -0.286534639876365013103E-0004   0.146908760845486398752E-0009  -0.268407036727793042223E-0012   0.157243968281984258795E+0002   0.287267456924472988633E-0001  -0.248770090393335472356E+0002   0.842519244355621488296E+0001
   0.249444409300000041723E+0009   0.100212577719747800153E+0000  -0.277406035615390336594E-0004   0.144351745126227881295E-0009  -0.270571679867078959645E-0012   0.157211992152055035632E+0002   0.294654276997546524242E-0001  -0.248763621758193274047E+0002   0.842917698496706613298E+0001
   0.252863119300000041723E+0009   0.100701767524747368143E+0000  -0.268122077059431635827E-0004   0.141839992701263709503E-0009  -0.272575908156033648088E-0012   0.157180294312354984498E+0002   0.302032847198670795219E-0001  -0.248757206027470232357E+0002   0.843317408291319381419E+0001
   0.256313644000000029802E+0009   0.101186919537728112206E+0000  -0.258685253192817441251E-0004   0.139372460574510155970E-0009  -0.274424175242537537337E-0012   0.157148866992188729341E+0002   0.309402974784167630884E-0001  -0.248750842572200809855E+0002   0.843718384083626027348E+0001
