   0.194999999999999976717E+0007   0.193424430501350393119E-0002   0.324450072146639263664E-0007   0.982902677192984856501E-0009  -0.332769304765783837232E-0013   0.176818314941731493661E+0002   0.736016384029406184157E-0003  -0.269980779274872766393E+0002   0.814623074224136800581E+0001
   0.405170859999999962747E+0007   0.398172494615190927791E-0002   0.174869854111667056626E-0006   0.964831101125393084672E-0009  -0.946185515387694752890E-0013   0.176697421217785368697E+0002   0.185789729470449416215E-0002  -0.269959944236231770276E+0002   0.814645679156171276247E+0001
   0.615572539999999944121E+0007   0.599228866920671274232E-0002   0.455507117315345394581E-0006   0.945891405520071075646E-0009  -0.165315494300477206951E-0012   0.176570253873530020883E+0002   0.315340830410842454593E-0002  -0.269939088446796482401E+0002   0.814680241189507370336E+0001
   0.826211446666666585952E+0007   0.796443143066670466990E-0002   0.881944167626905491804E-0006   0.926357647066043275482E-0009  -0.235969761558131297811E-0012   0.176439130355453279719E+0002   0.451844904175143727981E-0002  -0.269918347505701632372E+0002   0.814726995064546422043E+0001
   0.103709988666666653007E+0008   0.989724839813638235242E-0002   0.145162824220850643567E-0005   0.906496696417218245884E-0009  -0.303038618749963042981E-0012   0.176305588192821360849E+0002   0.588883235294165603008E-0002  -0.269897810308870553797E+0002   0.814786002686105703674E+0001
   0.124825067333333324641E+0008   0.117903029455063979025E-0001   0.215632731830363018159E-0005   0.886502922399757425009E-0009  -0.364702721433777708276E-0012   0.176170740552360314268E+0002   0.722369730981593793917E-0002  -0.269877535392837195616E+0002   0.814857201738083603004E+0001
   0.145967710666666664183E+0008   0.136435041631239838134E-0001   0.298460018148016423630E-0005   0.866522450871034293095E-0009  -0.420008041912360336492E-0012   0.176035424835279599165E+0002   0.849667125941621671770E-0002  -0.269857562248508742186E+0002   0.814940438553509771680E+0001
   0.167139297333333324641E+0008   0.154570228519829728359E-0001   0.392332411393553253721E-0005   0.846666403601215503615E-0009  -0.468534283136637288681E-0012   0.175900282810178936188E+0002   0.969088117364829554345E-0002  -0.269837917551252317594E+0002   0.815035491996736283227E+0001
   0.188341253333333320916E+0008   0.172312294091362533388E-0001   0.495867624696249293249E-0005   0.827019566739542971271E-0009  -0.510203002143890086258E-0012   0.175765811121506771997E+0002   0.107958542584209345183E-0001  -0.269818618949603177271E+0002   0.815142091413980018899E+0001
   0.209575050666666664183E+0008   0.189666464798379369450E-0001   0.607677021216775226770E-0005   0.807646498648311314692E-0009  -0.545156427088471434419E-0012   0.175632395857441423459E+0002   0.118055086460092609896E-0001  -0.269799677525385348531E+0002   0.815259930384720554741E+0001
   0.230842206333333328366E+0008   0.206639122395561314338E-0001   0.726406669325207004725E-0005   0.788595976947528928996E-0009  -0.573677273953564702382E-0012   0.175500337102225643093E+0002   0.127168156511193747998E-0001  -0.269781099468446825540E+0002   0.815388677403288397727E+0001
   0.252144281000000014901E+0008   0.223237515201581554480E-0001   0.850763247050931997999E-0005   0.769904381351211182534E-0009  -0.596134428235541538206E-0012   0.175369867353207240512E+0002   0.135288900131827309614E-0001  -0.269762887259913313187E+0002   0.815527984214909373861E+0001
   0.273482878333333358169E+0008   0.239469530298362688614E-0001   0.979529675142262604755E-0005   0.751598262770557682202E-0009  -0.612945713576548382212E-0012   0.175241165281698236811E+0002   0.142423594627862169087E-0001  -0.269745040533042370612E+0002   0.815677492369690604335E+0001
   0.294859643333333358169E+0008   0.255343511553161386929E-0001   0.111157372254983992420E-0004   0.733696355330661164941E-0009  -0.624552269865612894630E-0012   0.175114366442661300027E+0002   0.148589203114382305271E-0001  -0.269727556716908409840E+0002   0.815836838368420202983E+0001
   0.316276261333333365619E+0008   0.270868114887364910826E-0001   0.124585180790454114067E-0004   0.716211158067598709298E-0009  -0.631400951950249605555E-0012   0.174989571649278552457E+0002   0.153810193531972762282E-0001  -0.269710431527389857820E+0002   0.816005657708511122905E+0001
   0.337734456666666716337E+0008   0.286052192370360169882E-0001   0.138140951789185984329E-0004   0.699150190520980816611E-0009  -0.633932345104741145776E-0012   0.174866853610637527083E+0002   0.158116230244788567860E-0001  -0.269693659349546912551E+0002   0.816183588050336261688E+0001
   0.359235991333333402872E+0008   0.300904699536028025220E-0001   0.151737990906389704990E-0004   0.682516995927077653944E-0009  -0.632572744676564129800E-0012   0.174746262240334573335E+0002   0.161540478674303406015E-0001  -0.269677233540178562521E+0002   0.816370271682265880031E+0001
   0.380782663666666746140E+0008   0.315434621332158354745E-0001   0.165298034230831590867E-0004   0.666311946628316230995E-0009  -0.627728954272790944495E-0012   0.174627828931323136885E+0002   0.164118347720704424453E-0001  -0.269661146670580258444E+0002   0.816565357423077209376E+0001
   0.402376307666666731238E+0008   0.329650913521460087185E-0001   0.178750838458780020811E-0004   0.650532892986854663135E-0009  -0.619785094112845444095E-0012   0.174511570015226205044E+0002   0.165886549525533569249E-0001  -0.269645390723070867978E+0002   0.816768502078082292428E+0001
   0.424018791666666716337E+0008   0.343562455742791039714E-0001   0.192033714625935598703E-0004   0.635175688529195636913E-0009  -0.609100844238609672782E-0012   0.174397489580911688734E+0002   0.166882392335150203655E-0001  -0.269629957252381018407E+0002   0.816979371524758057888E+0001
   0.445712017000000029802E+0008   0.357178014425906104057E-0001   0.205091032615987851049E-0004   0.620234615906873798764E-0009  -0.596010710254693866206E-0012   0.174285581777474654075E+0002   0.167143247163183510107E-0001  -0.269614837518694727692E+0002   0.817197641503473803937E+0001
   0.467457917000000029802E+0008   0.370506213920861054989E-0001   0.217873715639516477070E-0004   0.605702732944594699845E-0009  -0.580824012523891743708E-0012   0.174175832700412414056E+0002   0.166706145543612620219E-0001  -0.269600022597579851436E+0002   0.817422998173573311931E+0001
   0.489258456000000014901E+0008   0.383555514126834723454E-0001   0.230338737817554241045E-0004   0.591572154377884740152E-0009  -0.563825381053911838746E-0012   0.174068221942115322065E+0002   0.165607477237634040379E-0001  -0.269585503471173026924E+0002   0.817655138477667442487E+0001
   0.511115628333333358169E+0008   0.396334193421082198183E-0001   0.242448634121608697664E-0004   0.577834281580643197757E-0009  -0.545275596796271689449E-0012   0.173962723869489721551E+0002   0.163882764960614074612E-0001  -0.269571271103818439485E+0002   0.817893770351258808660E+0001
   0.533031458000000044703E+0008   0.408850336292605337496E-0001   0.254171029287086783308E-0004   0.564479989774537195774E-0009  -0.525412662087345625516E-0012   0.173859308675860901872E+0002   0.161566498940744172896E-0001  -0.269557316504222121978E+0002   0.818138612815475951834E+0001
   0.555007997000000029802E+0008   0.421111823723184508506E-0001   0.265478188668685100981E-0004   0.551499781402059206501E-0009  -0.504453015327220593931E-0012   0.173757943257164839679E+0002   0.158692018475990667681E-0001  -0.269543630777441087787E+0002   0.818389395955359510992E+0001
   0.577047325666666701436E+0008   0.433126327590764026443E-0001   0.276346595309250788060E-0004   0.538883910748430174502E-0009  -0.482592824749025285391E-0012   0.173658591929227661410E+0002   0.155291430251320670269E-0001  -0.269530205166197021072E+0002   0.818645860841061079327E+0001
   0.599151551000000014901E+0008   0.444901306282392827729E-0001   0.286756552379726096982E-0004   0.526622486190838981437E-0009  -0.460009317519927889262E-0012   0.173561217031444527947E+0002   0.151395556131225742652E-0001  -0.269517031085410501134E+0002   0.818907759363304066369E+0001
   0.621322807000000029802E+0008   0.456444003317935664832E-0001   0.296691813482702798936E-0004   0.514705553086407219573E-0009  -0.436862107820137459483E-0012   0.173465779419923826765E+0002   0.147033903870740119413E-0001  -0.269504100148614824661E+0002   0.819174854042487865513E+0001
   0.643563253666666671634E+0008   0.467761446784929618703E-0001   0.306139238950258184583E-0004   0.503123161420990650974E-0009  -0.413294502066373427466E-0012   0.173372238882881219979E+0002   0.142234656433272172588E-0001  -0.269491404189275769454E+0002   0.819446917783868578056E+0001
   0.665875077000000029802E+0008   0.478860450550443045303E-0001   0.315088478637694653335E-0004   0.491865420529665404154E-0009  -0.389434762498953715821E-0012   0.173280554482345365841E+0002   0.137024675702723010284E-0001  -0.269478935276450677350E+0002   0.819723733615365190985E+0001
   0.688260488666666746140E+0008   0.489747616290074627710E-0001   0.323531679640017634557E-0004   0.480922543250208182661E-0009  -0.365397318454851420968E-0012   0.173190684839661201977E+0002   0.131429517740577032903E-0001  -0.269466685726315660077E+0002   0.820005094399652811887E+0001
   0.710721725666666775942E+0008   0.500429336318597983713E-0001   0.331463217970572195624E-0004   0.470284881406820993261E-0009  -0.341283917733531520212E-0012   0.173102588373073658090E+0002   0.125473457076114604247E-0001  -0.269454648109999332917E+0002   0.820290802530458407205E+0001
   0.733261051000000089407E+0008   0.510911797521333421734E-0001   0.338879453252684861289E-0004   0.459942953777461120969E-0009  -0.317184711375807083718E-0012   0.173016223491762772824E+0002   0.119179517519853849644E-0001  -0.269442815257738494950E+0002   0.820580669630989412155E+0001
   0.755880752666666805744E+0008   0.521200984976758555089E-0001   0.345778504157032482271E-0004   0.449887468399129789027E-0009  -0.293179274819035009786E-0012   0.172931548762731814861E+0002   0.112569508931185738310E-0001  -0.269431180261297527068E+0002   0.820874516224522388086E+0001
   0.778583144666666835546E+0008   0.531302686893424178094E-0001   0.352160044478980736350E-0004   0.440109339553880557290E-0009  -0.269337558100800812396E-0012   0.172848523042296342567E+0002   0.105664067163358885854E-0001  -0.269419736473111477437E+0002   0.821172171427400776622E+0001
   0.801370566333333551884E+0008   0.541222499051336389253E-0001   0.358025117266398158885E-0004   0.430599700778269422321E-0009  -0.245720771631072776170E-0012   0.172767105590484106870E+0002   0.984826972958691669591E-0002  -0.269408477504465793118E+0002   0.821473472619954137031E+0001
   0.824245383000000268221E+0008   0.550965830047743174158E-0001   0.363375966604240858635E-0004   0.421349914298695681519E-0009  -0.222382205624274539299E-0012   0.172687256160831203999E+0002   0.910438183191199582045E-0002  -0.269397397221493122288E+0002   0.821778265136438434979E+0001
   0.847209987000000327826E+0008   0.560537906786820611105E-0001   0.368215885346495955775E-0004   0.412351577313290626600E-0009  -0.199367986531165855762E-0012   0.172608935072453490989E+0002   0.833648087705212738341E-0002  -0.269386489739814898314E+0002   0.822086401963204593812E+0001
   0.870266796666667014360E+0008   0.569943779196920852215E-0001   0.372549077088808982920E-0004   0.403596526354983634519E-0009  -0.176717775451141303349E-0012   0.172532103275468351455E+0002   0.754620534656480750763E-0002  -0.269375749419196424128E+0002   0.822397743414903281689E+0001
   0.893418258333333730698E+0008   0.579188326234933853476E-0001   0.376380532293044627696E-0004   0.395076839221860785954E-0009  -0.154465407126638375416E-0012   0.172456722394048043157E+0002   0.673509892058730529757E-0002  -0.269365170856017499545E+0002   0.822712156856916898562E+0001
   0.916666845666667073965E+0008   0.588276260769573372533E-0001   0.379715916225489580902E-0004   0.386784835442592926211E-0009  -0.132639477510247365822E-0012   0.172382754768540671364E+0002   0.590461508584574478603E-0002  -0.269354748876457286144E+0002   0.823029516398765181862E+0001
   0.940015061000000387430E+0008   0.597212135239599678505E-0001   0.382561468606177094640E-0004   0.378713075349160201489E-0009  -0.111263880817151255301E-0012   0.172310163482841041116E+0002   0.505612162203707311836E-0002  -0.269344478528349675628E+0002   0.823349702622015477971E+0001
   0.963465435333333760500E+0008   0.606000346713937848575E-0001   0.384923913364557164648E-0004   0.370854357981716425743E-0009  -0.903582982875921517030E-0013   0.172238912388283189614E+0002   0.419090499117334529255E-0002  -0.269334355073398192815E+0002   0.823672602298035627655E+0001
   0.987020529333333820105E+0008   0.614645142256976945161E-0001   0.386810377969107812711E-0004   0.363201718091884896088E-0009  -0.699386450541977110237E-0013   0.172168966118668222975E+0002   0.331017459730670706233E-0002  -0.269324373978793261131E+0002   0.823998108127698714043E+0001
   0.101068293466666713357E+0009   0.623150624295337879355E-0001   0.388228321304243489368E-0004   0.355748422211097958901E-0009  -0.500174753379803405917E-0013   0.172100290099196122640E+0002   0.241506688808988852213E-0002  -0.269314530908654816699E+0002   0.824326118494340676079E+0001
   0.103445527366666719317E+0009   0.631520755258083710260E-0001   0.389185469209667628558E-0004   0.348487964379069620614E-0009  -0.306043519141851824781E-0013   0.172032850555823451089E+0002   0.150664936804080951301E-0002  -0.269304821716225717410E+0002   0.824656537202262285291E+0001
   0.105834020100000053644E+0009   0.639759362821624988360E-0001   0.389689757234054976040E-0004   0.341414061270893325828E-0009  -0.117061796543281797237E-0013   0.171966614515014839526E+0002   0.585924382705662878494E-0003  -0.269295242435312189855E+0002   0.824989273251576804569E+0001
   0.108234040433333382010E+0009   0.647870144650037615985E-0001   0.389749279694118870034E-0004   0.334520646866035790153E-0009   0.667249162075771764783E-0014   0.171901549803280673245E+0002  -0.346167219821251351611E-0003  -0.269285789272296902652E+0002   0.825324240607878856224E+0001
   0.110645860466666713357E+0009   0.655856672891749203913E-0001   0.389372244548930908489E-0004   0.327801867025127750211E-0009   0.245291931125829506464E-0013   0.171837625044858839374E+0002  -0.128874257936651185306E-0002  -0.269276458598490826546E+0002   0.825661357975756260430E+0001
   0.113069755833333373070E+0009   0.663722399091305759189E-0001   0.388566933493941359481E-0004   0.321252073647256941910E-0009   0.418632903924190642824E-0013   0.171774809652527977732E+0002  -0.224097353258531986619E-0002  -0.269267246942043207980E+0002   0.826000548604016771037E+0001
   0.115506005700000032783E+0009   0.671470658281773380427E-0001   0.387341666775971787745E-0004   0.314865818791341949702E-0009   0.586757599691353078048E-0013   0.171713073822062760598E+0002  -0.320208341627951312974E-0002  -0.269258150980894228610E+0002   0.826341740071225849817E+0001
   0.117954892933333367109E+0009   0.679104673480089293669E-0001   0.385704772235210136943E-0004   0.308637848723965356683E-0009   0.749689887438464073367E-0013   0.171652388520547987127E+0002  -0.417134408679330302011E-0002  -0.269249167535356299652E+0002   0.826684864102599981095E+0001
   0.120416411800000026822E+0009   0.686626670786707749006E-0001   0.383664824338610533500E-0004   0.302563456932446239011E-0009   0.907446559105117904670E-0013   0.171592732506060201558E+0002  -0.514795834709761389314E-0002  -0.269240294612525765672E+0002   0.827029815407554735884E+0001
   0.122890698700000032783E+0009   0.694039249633249533122E-0001   0.381230386627277035411E-0004   0.296638246767816139431E-0009   0.106006792586148256604E-0012   0.171534081445015083034E+0002  -0.613122684488448966428E-0002  -0.269231529793704318365E+0002   0.827376511898337874129E+0001
   0.125378031266666695476E+0009   0.701345345967476496707E-0001   0.378409874493812922974E-0004   0.290857629369442499932E-0009   0.120761252743995226731E-0012   0.171476408279669279011E+0002  -0.712054408956242900625E-0002  -0.269222870267704443847E+0002   0.827724894433814561978E+0001
   0.127878690966666698456E+0009   0.708547800812771022549E-0001   0.375211618119191515170E-0004   0.285217017929525707034E-0009   0.135014624595947530838E-0012   0.171419686668681308106E+0002  -0.811534251550170837586E-0002  -0.269214313337225590317E+0002   0.828074907391350834018E+0001
   0.130392963500000029802E+0009   0.715649362613343109629E-0001   0.371643846884931762769E-0004   0.279711991699165031140E-0009   0.148774184800583969151E-0012   0.171363890976720618653E+0002  -0.911509096180063670134E-0002  -0.269205856415171069784E+0002   0.828426498551645273949E+0001
   0.132921138833333358169E+0009   0.722652690426396626666E-0001   0.367714675921923260017E-0004   0.274338289884154739273E-0009   0.162047778813912133539E-0012   0.171308996261511374826E+0002  -0.101192924579547576663E-0001  -0.269197497019447311573E+0002   0.828779618938816398099E+0001
   0.135463511333333373070E+0009   0.729560357272185933120E-0001   0.363432094604038970990E-0004   0.269091806072888900566E-0009   0.174843726201533931364E-0012   0.171254978258192096519E+0002  -0.111274821747174203906E-0001  -0.269189232767703892080E+0002   0.829134222680789534365E+0001
   0.138020379900000035763E+0009   0.736374853350331426416E-0001   0.358803956860967237456E-0004   0.263968582676228102281E-0009   0.187170736144496263333E-0012   0.171201813363443200444E+0002  -0.121392254924583397474E-0001  -0.269181061372353198635E+0002   0.829490266875713899708E+0001
   0.140592048066666692495E+0009   0.743098589038515833227E-0001   0.353837973184023039616E-0004   0.258964805537304787511E-0009   0.199037832073285420060E-0012   0.171149478620152173391E+0002  -0.131541161685596839914E-0001  -0.269172980635966858642E+0002   0.829847711459520454014E+0001
   0.143178824066666692495E+0009   0.749733897688967532158E-0001   0.348541704177382185475E-0004   0.254076798743437922949E-0009   0.210454284584445348416E-0012   0.171097951702589377021E+0002  -0.141717745983178915886E-0001  -0.269164988447026978235E+0002   0.830206519074444848627E+0001
   0.145781021000000029802E+0009   0.756283038571716192955E-0001   0.342922555223395099724E-0004   0.249301019524816896657E-0009   0.221429552522981384424E-0012   0.171047210899491091141E+0002  -0.151918462159345134949E-0001  -0.269157082775606220082E+0002   0.830566654956781746932E+0001
   0.148398956933333367109E+0009   0.762748199526630532574E-0001   0.336987772427253687389E-0004   0.244634053261651696711E-0009   0.231973230426650466979E-0012   0.170997235098543214349E+0002  -0.162139999642890615672E-0001  -0.269149261669495416527E+0002   0.830928086820452271866E+0001
   0.151032955066666692495E+0009   0.769131499670328844243E-0001   0.330744439441107705474E-0004   0.240072608661134584197E-0009   0.242095002519807109680E-0012   0.170948003769667273843E+0002  -0.172379268807742146163E-0001  -0.269141523250357828090E+0002   0.831290784754631673081E+0001
   0.153683343766666680574E+0009   0.775434991668744466597E-0001   0.324199475509121462090E-0004   0.235613513128403899095E-0009   0.251804601509484132697E-0012   0.170899496950959957076E+0002  -0.182633387162367474832E-0001  -0.269133865710495108203E+0002   0.831654721107635452881E+0001
   0.156350456800000011921E+0009   0.781660664393567239383E-0001   0.317359633847989105180E-0004   0.231253708266516014322E-0009   0.261111773464398868441E-0012   0.170851695231038114287E+0002  -0.192899667115188043487E-0001  -0.269126287309227620881E+0002   0.832019870402756822614E+0001
   0.159034633433333337307E+0009   0.787810445148348359456E-0001   0.310231501037140628254E-0004   0.226990245446721567227E-0009   0.270026246260256338322E-0012   0.170804579734143402447E+0002  -0.203175603969407078675E-0001  -0.269118786369869340547E+0002   0.832386209239882468580E+0001
   0.161736218500000000000E+0009   0.793886201729232521274E-0001   0.302821497147642836078E-0004   0.222820281679432338614E-0009   0.278557702062188592327E-0012   0.170758132105994313577E+0002  -0.213458864506780206238E-0001  -0.269111361276973930501E+0002   0.832753716196641669001E+0001
   0.164455562599999994040E+0009   0.799889744701073879263E-0001   0.295135876070109888177E-0004   0.218741075570401331629E-0009   0.286715754023652254856E-0012   0.170712334497532971511E+0002  -0.223747276745710696466E-0001  -0.269104010473379915425E+0002   0.833122371751557011521E+0001
   0.167193022299999982119E+0009   0.805822829568279552781E-0001   0.287180726288769643168E-0004   0.214749983315700878406E-0009   0.294509925982756283047E-0012   0.170667169549081805258E+0002  -0.234038820312614075092E-0001  -0.269096732457439244968E+0002   0.833492158210605360580E+0001
   0.169948960133333325386E+0009   0.811687158419729937187E-0001   0.278961972655488108235E-0004   0.210844454973879586650E-0009   0.301949634213728792225E-0012   0.170622620378145981590E+0002  -0.244331616650047232786E-0001  -0.269089525780942580013E+0002   0.833863059610146528655E+0001
   0.172723744900000005960E+0009   0.817484382144733623399E-0001   0.270485377664516043789E-0004   0.207022030270170237293E-0009   0.309044173206144792037E-0012   0.170578670545461932306E+0002  -0.254623920877149224895E-0001  -0.269082389046390808574E+0002   0.834235061664115384872E+0001
   0.175517751700000017881E+0009   0.823216101982000569848E-0001   0.261756543830635844011E-0004   0.203280337470037630321E-0009   0.315802702320136878615E-0012   0.170535304111985972497E+0002  -0.264914113289478926616E-0001  -0.269075320905117330028E+0002   0.834608151676186160728E+0001
   0.178331362166666686535E+0009   0.828883871447271547428E-0001   0.252780915696726590173E-0004   0.199617086378339658028E-0009   0.322234235454480445401E-0012   0.170492505518817409893E+0002  -0.275200691834484797993E-0001  -0.269068320055024372550E+0002   0.834982318484859398211E+0001
   0.181164964600000023842E+0009   0.834489197922037573285E-0001   0.243563782443639799315E-0004   0.196030067569095983839E-0009   0.328347632136132332075E-0012   0.170450259645208070935E+0002  -0.285482264917761158207E-0001  -0.269061385238707337919E+0002   0.835357552395626434816E+0001
   0.184018954133333355188E+0009   0.840033544271333587616E-0001   0.234110280550025586736E-0004   0.192517148659220328516E-0009   0.334151590228770847861E-0012   0.170408551777188925769E+0002  -0.295757544629766215560E-0001  -0.269054515241615348486E+0002   0.835733845120683760399E+0001
   0.186893732900000035763E+0009   0.845518330381161142828E-0001   0.224425396631198350943E-0004   0.189076271326996626621E-0009   0.339654640157641565240E-0012   0.170367367594784120399E+0002  -0.306025340391238680204E-0001  -0.269047708890329992926E+0002   0.836111189721008685183E+0001
   0.189789710233333379030E+0009   0.850944934689342458167E-0001   0.214513970304110182454E-0004   0.185705448436348093653E-0009   0.344865140469922159461E-0012   0.170326693159056148374E+0002  -0.316284553085667968775E-0001  -0.269040965050873381870E+0002   0.836489580555006639884E+0001
   0.192707302800000041723E+0009   0.856314695522183144671E-0001   0.204380697395153641263E-0004   0.182402761287238567006E-0009   0.349791274258511942350E-0012   0.170286514900477321532E+0002  -0.326534169300095669652E-0001  -0.269034282627278464872E+0002   0.836869013220494650795E+0001
   0.195646934800000041723E+0009   0.861628912494814269696E-0001   0.194030133021075610689E-0004   0.179166356997925712771E-0009   0.354441046883630921647E-0012   0.170246819606707724404E+0002  -0.336773256126125034027E-0001  -0.269027660560099448617E+0002   0.837249484507388608279E+0001
   0.198609038200000047684E+0009   0.866888847905203097088E-0001   0.183466694620296118549E-0004   0.175994445938207849369E-0009   0.358822284557798065770E-0012   0.170207594410330571577E+0002  -0.347000956373445870740E-0001  -0.269021097824944632748E+0002   0.837630992356410786215E+0001
   0.201594052833333373070E+0009   0.872095727827609523697E-0001   0.172694665519720709957E-0004   0.172885299304009881660E-0009   0.362942633258056890466E-0012   0.170168826778746087314E+0002  -0.357216483602129097896E-0001  -0.269014593431397912582E+0002   0.838013535802267384156E+0001
   0.204602426700000047684E+0009   0.877250743505255392574E-0001   0.161718197836631651597E-0004   0.169837246804652560251E-0009   0.366809559075097325611E-0012   0.170130504501764292513E+0002  -0.367419118108637463016E-0001  -0.269008146421578508978E+0002   0.838397114944149102200E+0001
   0.207634616066666722298E+0009   0.882355052333964606781E-0001   0.150541316131863377257E-0004   0.166848674394713987787E-0009   0.370430348295123018371E-0012   0.170092615682186618642E+0002  -0.377608202468268094876E-0001  -0.269001755869221419459E+0002   0.838781730891983912102E+0001
   0.210691085766666710377E+0009   0.887409779137483811784E-0001   0.139167920362027608546E-0004   0.163918022158242129347E-0009   0.373812108825768588072E-0012   0.170055148724168851970E+0002  -0.387783137987299589278E-0001  -0.268995420878401176878E+0002   0.839167385739560600655E+0001
   0.213772309366666704416E+0009   0.892416017159534114001E-0001   0.127601789328539629985E-0004   0.161043782207164895781E-0009   0.376961771406520680481E-0012   0.170018092323650371611E+0002  -0.397943380911998795257E-0001  -0.268989140582616812480E+0002   0.839554082521819466933E+0001
   0.216878769400000035763E+0009   0.897374829117765504538E-0001   0.115846583891340505410E-0004   0.158224496730485404089E-0009   0.379886091571027417716E-0012   0.169981435458291372242E+0002  -0.408088439061573757249E-0001  -0.268982914143804663354E+0002   0.839941825181723444871E+0001
   0.220010957600000023842E+0009   0.902287248206364300707E-0001   0.103905850179019319644E-0004   0.155458756088288041431E-0009   0.382591651827153248920E-0012   0.169945167377771539918E+0002  -0.418217868640287371296E-0001  -0.268976740751419676201E+0002   0.840330618538069984425E+0001
   0.223169375066666692495E+0009   0.907154278946889491841E-0001   0.917830230507885883528E-0005   0.152745197009222032028E-0009   0.385084863970741155308E-0012   0.169909277595183887399E+0002  -0.428331271009590036636E-0001  -0.268970619621710440583E+0002   0.840720468245970131704E+0001
   0.226354532633333355188E+0009   0.911976898304286409669E-0001   0.794814287806972275311E-0005   0.150082500843897269447E-0009   0.387371972146955893556E-0012   0.169873755876441379087E+0002  -0.438428290246866483870E-0001  -0.268964549996663286890E+0002   0.841111380782852435800E+0001
   0.229566950966666698456E+0009   0.916756056343270842035E-0001   0.670042887492327328847E-0005   0.147469391864957847454E-0009   0.389459055337444795035E-0012   0.169838592233152105848E+0002  -0.448508610046827113638E-0001  -0.268958531143525405582E+0002   0.841503363402220116996E+0001
   0.232807160933333367109E+0009   0.921492677249912406356E-0001   0.543547220947417176947E-0005   0.144904635708503748643E-0009   0.391352030770005028391E-0012   0.169803776912667885313E+0002  -0.458571951533463390005E-0001  -0.268952562353869204514E+0002   0.841896424120858810625E+0001
   0.236075703800000041723E+0009   0.926187660056186357060E-0001   0.415357489845914408424E-0005   0.142387037789746632481E-0009   0.393056656890442096934E-0012   0.169769300390406527868E+0002  -0.468618070718432033761E-0001  -0.268946642943031264394E+0002   0.842290571686066513735E+0001
   0.239373131533333361149E+0009   0.930841879471294986192E-0001   0.285502934793693874787E-0005   0.139915441850438079854E-0009   0.394578536810464265706E-0012   0.169735153361369413005E+0002  -0.478646756378147339439E-0001  -0.268940772249415118722E+0002   0.842685815555513606512E+0001
   0.242700007000000029802E+0009   0.935456186530032596238E-0001   0.154011867682751928447E-0005   0.137488728543819034560E-0009   0.395923121508021278844E-0012   0.169701326733006681025E+0002  -0.488657827732513552754E-0001  -0.268934949634024889065E+0002   0.843082165865453525555E+0001
   0.246056904366666704416E+0009   0.940031409483439717167E-0001   0.209116959151803592987E-0006   0.135105814083592222867E-0009   0.397095713604997373051E-0012   0.169667811616309442968E+0002  -0.498651132829998830487E-0001  -0.268929174479690829003E+0002   0.843479633423115160440E+0001
   0.249444409300000041723E+0009   0.944568354368507945296E-0001  -0.113771045720192021859E-0005   0.132765648904573019161E-0009   0.398101470517255656763E-0012   0.169634599319264687267E+0002  -0.508626546415887961783E-0001  -0.268923446190699273473E+0002   0.843878229675343405347E+0001
   0.252863119300000041723E+0009   0.949067805726584168280E-0001  -0.250010668634458815102E-0005   0.130467216448360673715E-0009   0.398945408165991430339E-0012   0.169601681339228704815E+0002  -0.518583968288668928359E-0001  -0.268917764192232340292E+0002   0.844277966693280035315E+0001
   0.256313644000000029802E+0009   0.953530527238320435579E-0001  -0.387782302952681717827E-0005   0.128209531947981587603E-0009   0.399632404439855644383E-0012   0.169569049355920640210E+0002  -0.528523321631292827827E-0001  -0.268912127929911122237E+0002   0.844678857153082240927E+0001
