   0.194999999999999976717E+0007   0.193902522660263773244E-0002   0.662642541807890564544E-0007   0.987714023748209314022E-0009  -0.679633376213221152035E-0013   0.143215549933347254807E+0002   0.110644471741905389868E-0002  -0.269987225238962764706E+0002   0.814620183964245114794E+0001
   0.405170859999999962747E+0007   0.400088625731453637058E-0002   0.314033416683039180152E-0006   0.973591454455120531963E-0009  -0.159470675185307502908E-0012   0.143054620491372066482E+0002   0.240060542889320273699E-0002  -0.269973390525654117766E+0002   0.814637163075919801258E+0001
   0.615572539999999944121E+0007   0.603398600033240410656E-0002   0.748172739578461237691E-0006   0.958480327839076681287E-0009  -0.249297892300893772500E-0012   0.142881528886642197307E+0002   0.372664391984523077003E-0002  -0.269959499950703047944E+0002   0.814663696740220899528E+0001
   0.826211446666666585952E+0007   0.803668101768409588737E-0002   0.136278172344318858328E-0005   0.942718806819991093088E-0009  -0.333575080008176391141E-0012   0.142700073578152846210E+0002   0.503443613283527033331E-0002  -0.269945616359195490475E+0002   0.814700086316961602506E+0001
   0.103709988666666653007E+0008   0.100079766914289505775E-0001   0.214694892319775789585E-0005   0.926573110704048300802E-0009  -0.411089953472549538459E-0012   0.142512981906266080756E+0002   0.629374784518096398733E-0002  -0.269931785684513343426E+0002   0.814746459247720089536E+0001
   0.124825067333333324641E+0008   0.119473396834543152401E-0001   0.308697145582410858062E-0005   0.910236566926917084962E-0009  -0.481181328490585996952E-0012   0.142322254815948952000E+0002   0.748639327299718739667E-0002  -0.269918040931496250323E+0002   0.814802818034730158558E+0001
   0.145967710666666664183E+0008   0.138545760353483600469E-0001   0.416776027762335266014E-0005   0.893851199893226326817E-0009  -0.543578255167768055453E-0012   0.142129385043681555345E+0002   0.860150399976737124741E-0002  -0.269904406274893631235E+0002   0.814869075073431581302E+0001
   0.167139297333333324641E+0008   0.157297429210940808986E-0001   0.537373096251202822017E-0005   0.877521918689489853082E-0009  -0.598286871577038860216E-0012   0.141935498779800592928E+0002   0.963287021195625980940E-0002  -0.269890899532994765764E+0002   0.814945077868567580026E+0001
   0.188341253333333320916E+0008   0.175730835784900715768E-0001   0.668936898766591031323E-0005   0.861326298209617010569E-0009  -0.645497513055455622336E-0012   0.141741451897515808867E+0002   0.105773531894165200712E-0001  -0.269877533801985229900E+0002   0.815030627591536394050E+0001
   0.209575050666666664183E+0008   0.193849788052824836826E-0001   0.809958693294277218505E-0005   0.845321508794957739825E-0009  -0.685518398072895129220E-0012   0.141547897437430574286E+0002   0.114338893097942484456E-0001  -0.269864318590794098895E+0002   0.815125492906898685419E+0001
   0.230842206333333328366E+0008   0.211659104551491124291E-0001   0.958994596639455086466E-0005   0.829549345622273160602E-0009  -0.718729741093530022667E-0012   0.141355334326684758395E+0002   0.122028398635351323365E-0001  -0.269851260636077086019E+0002   0.815229420357406553421E+0001
   0.252144281000000014901E+0008   0.229164337068045211032E-0001   0.111467872071625248879E-0004   0.814039918558111353132E-0009  -0.745552194772377509073E-0012   0.141164142997115042988E+0002   0.128855526757439466795E-0001  -0.269838364503567689212E+0002   0.815342142214931442368E+0001
   0.273482878333333358169E+0008   0.246371559234558855367E-0001   0.127573025804199515897E-0004   0.798814416817582857206E-0009  -0.766425195909054337406E-0012   0.140974612128086587148E+0002   0.134840588240681350657E-0001  -0.269825633041276091717E+0002   0.815463382433148176176E+0001
   0.294859643333333358169E+0008   0.263287203582530729418E-0001   0.144095646408163624347E-0004   0.783887185207641815029E-0009  -0.781792137500006730848E-0012   0.140786958772923842531E+0002   0.140008581680465971769E-0001  -0.269813067728573656723E+0002   0.815592861163864668583E+0001
   0.316276261333333365619E+0008   0.279917936485972324023E-0001   0.160925287174028340108E-0004   0.769267305694327507594E-0009  -0.792090299149472822475E-0012   0.140601343785914920659E+0002   0.144387650594697217882E-0001  -0.269800668948943105363E+0002   0.815730298184699442743E+0001
   0.337734456666666716337E+0008   0.296270561426682892125E-0001   0.177960164026379254469E-0004   0.754959808523670198784E-0009  -0.797744108670744203119E-0012   0.140417883728047403480E+0002   0.148007957278582253507E-0001  -0.269788436206746062851E+0002   0.815875415487557376082E+0001
   0.359235991333333402872E+0008   0.312351944282493396154E-0001   0.195106867277378750189E-0004   0.740966605701374557749E-0009  -0.799160755016666771729E-0012   0.140236660133470465439E+0002   0.150900851685358688981E-0001  -0.269776368301612983203E+0002   0.816027939221068443487E+0001
   0.380782663666666746140E+0008   0.328168955671823275866E-0001   0.212279994565456675364E-0004   0.727287214226304864571E-0009  -0.796727467791606582184E-0012   0.140057726772439590235E+0002   0.153098252941192697341E-0001  -0.269764463470285100755E+0002   0.816187601132451767683E+0001
   0.402376307666666731238E+0008   0.343728427048152346268E-0001   0.229401736774906365177E-0004   0.713919318539217672577E-0009  -0.790809981111157177943E-0012   0.139881115373309423688E+0002   0.154632186709107860567E-0001  -0.269752719502670501583E+0002   0.816354139625478403275E+0001
   0.424018791666666716337E+0008   0.359037116647028115013E-0001   0.246401437973573032153E-0004   0.700859210090105191241E-0009  -0.781751838330444327340E-0012   0.139706840163371257546E+0002   0.155534438260216383715E-0001  -0.269741133838109483634E+0002   0.816527300510552223045E+0001
   0.445712017000000029802E+0008   0.374101683568027615356E-0001   0.263215145536680735850E-0004   0.688102131704730226029E-0009  -0.769874292532597221180E-0012   0.139534901485324471793E+0002   0.155836292838542923855E-0001  -0.269729703645380816113E+0002   0.816706837517687667116E+0001
   0.467457917000000029802E+0008   0.388928668479452122053E-0001   0.279785161721145066616E-0004   0.675642547796217596914E-0009  -0.755476624799912056269E-0012   0.139365288686428723253E+0002   0.155568342557655895503E-0001  -0.269718425889270640994E+0002   0.816892512627135758407E+0001
   0.489258456000000014901E+0008   0.403524479340523767323E-0001   0.296059604076544583256E-0004   0.663474356835158347809E-0009  -0.738836751283159131113E-0012   0.139197982436408356222E+0002   0.154760344502389100146E-0001  -0.269707297386189921440E+0002   0.817084096255756975324E+0001
   0.511115628333333358169E+0008   0.417895381080829186882E-0001   0.311991979924383189358E-0004   0.651591058590572524957E-0009  -0.720212024896504655626E-0012   0.139032956592506504734E+0002   0.153441118612304173985E-0001  -0.269696314850673033447E+0002   0.817281367330929597870E+0001
   0.533031458000000044703E+0008   0.432047488830821710404E-0001   0.327540778845657724492E-0004   0.639985885507615151999E-0009  -0.699840162489918097756E-0012   0.138870179698957851855E+0002   0.151638476659488787707E-0001  -0.269685474933865734215E+0002   0.817484113283375002368E+0001
   0.555007997000000029802E+0008   0.445986762734622566029E-0001   0.342669083902703803602E-0004   0.628651906583983460675E-0009  -0.677940248126860186016E-0012   0.138709616208172743512E+0002   0.149379175813970054010E-0001  -0.269674774256195988187E+0002   0.817692129960300384539E+0001
   0.577047325666666701436E+0008   0.459719005991540557998E-0001   0.357344205220422171014E-0004   0.617582108277615620579E-0009  -0.654713773420761256564E-0012   0.138551227455636052355E+0002   0.146688891417751324925E-0001  -0.269664209433543717864E+0002   0.817905221505523627457E+0001
   0.599151551000000014901E+0008   0.473249863130817266521E-0001   0.371537333644750652388E-0004   0.606769458523517697715E-0009  -0.630345690677011779335E-0012   0.138394972463254131156E+0002   0.143592205280633055525E-0001  -0.269653777099683615859E+0002   0.818123200181538479114E+0001
   0.621322807000000029802E+0008   0.486584820730749170736E-0001   0.385223217281918187409E-0004   0.596206956101293929448E-0009  -0.605005456220286895162E-0012   0.138240808577750584618E+0002   0.140112605896921659648E-0001  -0.269643473923751884058E+0002   0.818345886181658066505E+0001
   0.643563253666666671634E+0008   0.499729208220172638200E-0001   0.398379858343491974446E-0004   0.585887669268121752611E-0009  -0.578848052510212337231E-0012   0.138088691997002559475E+0002   0.136272498406525902070E-0001  -0.269633296624926082075E+0002   0.818573107407927835766E+0001
   0.665875077000000029802E+0008   0.512688199996012422544E-0001   0.410988231259019301967E-0004   0.575804765236039033881E-0009  -0.552014977144230500226E-0012   0.137938578190273091195E+0002   0.132093221941538812442E-0001  -0.269623241983709398539E+0002   0.818804699244028988403E+0001
   0.688260488666666746140E+0008   0.525466817867312960266E-0001   0.423032020440430677312E-0004   0.565951532656829046977E-0009  -0.524635193202338707410E-0012   0.137790422240963366107E+0002   0.127595072868827638657E-0001  -0.269613306850881286891E+0002   0.819040504314953921039E+0001
   0.710721725666666775942E+0008   0.538069933902715069607E-0001   0.434497377069483273464E-0004   0.556321398478506655983E-0009  -0.496826036179800101948E-0012   0.137644179123644487817E+0002   0.122797332532435243824E-0001  -0.269603488154340276139E+0002   0.819280372240579879417E+0001
   0.733261051000000089407E+0008   0.550502274124923460241E-0001   0.445372694452973700392E-0004   0.546907939977562778987E-0009  -0.468694073830282628387E-0012   0.137499803921426284603E+0002   0.117718298153332932149E-0001  -0.269593782903712728682E+0002   0.819524159397187723641E+0001
   0.755880752666666805744E+0008   0.562768421468484089654E-0001   0.455648399605304235292E-0004   0.537704893679094928787E-0009  -0.440335920444947234214E-0012   0.137357252010622890026E+0002   0.112375316531350168126E-0001  -0.269584188194196201493E+0002   0.819771728660654019905E+0001
   0.778583144666666835546E+0008   0.574872819982789537430E-0001   0.465316761915484183539E-0004   0.528706160906045649324E-0009  -0.411839001372346171101E-0012   0.137216479196943890173E+0002   0.106784819006518726103E-0001  -0.269574701208274625230E+0002   0.820022949172799364703E+0001
   0.801370566333333551884E+0008   0.586819778194569013907E-0001   0.474371716118806847733E-0004   0.519905811417290294636E-0009  -0.383282272227592559342E-0012   0.137077441833216617795E+0002   0.100962357873827599658E-0001  -0.269565319217103578353E+0002   0.820277696092548147533E+0001
   0.824245383000000268221E+0008   0.598613473226267539529E-0001   0.482808700005187078344E-0004   0.511298084969870599650E-0009  -0.354736890486462730184E-0012   0.136940096904848580550E+0002   0.949226430486010443188E-0002  -0.269556039580475790274E+0002   0.820535850365911656468E+0001
   0.847209987000000327826E+0008   0.610257955055621553742E-0001   0.490624505338511376299E-0004   0.502877391273495403793E-0009  -0.326266841873579380589E-0012   0.136804402094139554436E+0002   0.886795787459910417327E-0002  -0.269546859745962201771E+0002   0.820797298505118533285E+0001
   0.870266796666667014360E+0008   0.621757149716386792182E-0001   0.497817140327446502196E-0004   0.494638309355568275064E-0009  -0.297929526601673346311E-0012   0.136670315840382716743E+0002   0.822463005631772665904E-0002  -0.269537777248306511524E+0002   0.821061932350613865594E+0001
   0.893418258333333730698E+0008   0.633114863972369934508E-0001   0.504385704523866224198E-0004   0.486575585400970805565E-0009  -0.269776300122626064694E-0012   0.136537797369305291539E+0002   0.756352111807369244939E-0002  -0.269528789707168208167E+0002   0.821329648873452988767E+0001
   0.916666845666667073965E+0008   0.644334788566357508088E-0001   0.510330273373495310260E-0004   0.478684130383413039669E-0009  -0.241852978767024963666E-0012   0.136406806727434055659E+0002   0.688580161703641630694E-0002  -0.269519894825589432230E+0002   0.821600349953604158770E+0001
   0.940015061000000387430E+0008   0.655420502379854136299E-0001   0.515651793163337594209E-0004   0.470959016883121695602E-0009  -0.214200305838431359870E-0012   0.136277304796135254605E+0002   0.619257583749653617300E-0002  -0.269511090387416416547E+0002   0.821873942187949602101E+0001
   0.963465435333333760500E+0008   0.666375475842840570007E-0001   0.520351984622504032743E-0004   0.463395475686780121797E-0009  -0.186854384273310617066E-0012   0.136149253306114150774E+0002   0.548488516568552009894E-0002  -0.269502374255056196262E+0002   0.822150336689527350131E+0001
   0.987020529333333820105E+0008   0.677203074723097403487E-0001   0.524433255119036110799E-0004   0.455988891970363359948E-0009  -0.159847075572038760216E-0012   0.136022614840479683096E+0002   0.476371132787872190312E-0002  -0.269493744366724179429E+0002   0.822429448905218407617E+0001
   0.101068293466666713357E+0009   0.687906563941686199914E-0001   0.527898618531472046196E-0004   0.448734801139272021796E-0009  -0.133206367687523074913E-0012   0.135897352831520077387E+0002   0.402997950117545480908E-0002  -0.269485198733503032997E+0002   0.822711198444284086406E+0001
   0.103445527366666719317E+0009   0.698489110511578276119E-0001   0.530751621919215644716E-0004   0.441628884889722504102E-0009  -0.106956715964898684803E-0012   0.135773431562569140141E+0002   0.328456135324520052954E-0002  -0.269476735436984995431E+0002   0.822995508893668237249E+0001
   0.105834020100000053644E+0009   0.708953787277627339725E-0001   0.532996279037692411145E-0004   0.434666966881544347159E-0009  -0.811193552428109402568E-0013   0.135650816156111542199E+0002   0.252827789780935051692E-0002  -0.269468352626182472420E+0002   0.823282307663638057704E+0001
   0.108234040433333382010E+0009   0.719303576076920220261E-0001   0.534637009646884810220E-0004   0.427845008442233388233E-0009  -0.557125881732509362954E-0013   0.135529472564851385386E+0002   0.176190225633004364861E-0002  -0.269460048514824777044E+0002   0.823571525827922101826E+0001
   0.110645860466666713357E+0009   0.729541370648761761109E-0001   0.535678584331653758984E-0004   0.421159104418331934254E-0009  -0.307520506184632562731E-0013   0.135409367562429263643E+0002   0.986162304387685692553E-0003  -0.269451821378837692578E+0002   0.823863097965937996037E+0001
   0.113069755833333373070E+0009   0.739669980142967781189E-0001   0.536126074456838558726E-0004   0.414605478751018904963E-0009  -0.625095399150179908544E-0014   0.135290468724247112675E+0002   0.201743142607837318975E-0003  -0.269443669553299578467E+0002   0.824156962031223905285E+0001
   0.115506005700000032783E+0009   0.749692131654327437174E-0001   0.535984806623249622308E-0004   0.408180480372184486960E-0009   0.177796902256662584635E-0013   0.135172744417230692449E+0002  -0.590710490043705308862E-0003  -0.269435591430173388972E+0002   0.824453059201476889939E+0001
   0.117954892933333367109E+0009   0.759610473350792875236E-0001   0.535260321431562351028E-0004   0.401880579007428150473E-0009   0.413308660944511943338E-0013   0.135056163780425873000E+0002  -0.139059197517284768679E-0002  -0.269427585455563232131E+0002   0.824751333754414517330E+0001
   0.120416411800000026822E+0009   0.769426417425305292364E-0001   0.533958524311089213982E-0004   0.395702861470896659976E-0009   0.643926355208374889219E-0013   0.134940710337256728479E+0002  -0.219723549492170785666E-0002  -0.269419651067149743540E+0002   0.825051697128435357342E+0001
   0.122890698700000032783E+0009   0.779141910587424768586E-0001   0.532085606967681247112E-0004   0.389644462911538212281E-0009   0.869582987409034567752E-0013   0.134826361220349575376E+0002  -0.301005413104508262601E-0002  -0.269411787265152717907E+0002   0.825354080380766141900E+0001
   0.125378031266666695476E+0009   0.788759392387083785314E-0001   0.529647850888499788723E-0004   0.383702262600868912375E-0009   0.109023950949085479016E-0012   0.134713087676287113226E+0002  -0.382853747685252786270E-0002  -0.269403992639886098459E+0002   0.825658434133578467140E+0001
   0.127878690966666698456E+0009   0.798281235026540858524E-0001   0.526651623655191396516E-0004   0.377873137589645881159E-0009   0.130587006558544366760E-0012   0.134600861649398666486E+0002  -0.465220542281827645348E-0002  -0.269396265824473175599E+0002   0.825964711680177110509E+0001
   0.130392963500000029802E+0009   0.807709745494065156635E-0001   0.523103353125407125632E-0004   0.372154066816535376724E-0009   0.151646103813902294913E-0012   0.134489655758484527581E+0002  -0.548060688165061607457E-0002  -0.269388605493816442049E+0002   0.826272868914131208840E+0001
   0.132921138833333358169E+0009   0.817047167486058822927E-0001   0.519009504290867450878E-0004   0.366542127449139532118E-0009   0.172200969383696930227E-0012   0.134379443283021196009E+0002  -0.631331810878990682540E-0002  -0.269381010362939044001E+0002   0.826582864217809287766E+0001
   0.135463511333333373070E+0009   0.826295683623152754649E-0001   0.514376558379893872872E-0004   0.361034491486301169367E-0009   0.192252306004598228616E-0012   0.134270198144935584139E+0002  -0.714994114745598485783E-0002  -0.269373479185120352497E+0002   0.826894658367280577238E+0001
   0.138020379900000035763E+0009   0.835457417572420257823E-0001   0.509210994071758663699E-0004   0.355628422400888351147E-0009   0.211801689751660026124E-0012   0.134161894890633330846E+0002  -0.799010235991175384040E-0002  -0.269366010750136268825E+0002   0.827208214441137101858E+0001
   0.140592048066666692495E+0009   0.844534435961510343560E-0001   0.503519270720167286715E-0004   0.350321271943758797117E-0009   0.230851475963719045142E-0012   0.134054508674717123284E+0002  -0.883345103000357512180E-0002  -0.269358603882698552923E+0002   0.827523497728956058950E+0001
   0.143178824066666692495E+0009   0.853528750100286393021E-0001   0.497307813464991453471E-0004   0.345110477120504494135E-0009   0.249404713111519845923E-0012   0.133948015245280238616E+0002  -0.967965803209893532744E-0002  -0.269351257441079106059E+0002   0.827840475639233552840E+0001
   0.145781021000000029802E+0009   0.862442317979410233431E-0001   0.490582999760166322970E-0004   0.339993557160902486323E-0009   0.267465065225226244710E-0012   0.133842390925363137200E+0002  -0.105284146101604757922E-0001  -0.269343970315534591009E+0002   0.828159117623014751075E+0001
   0.148398956933333367109E+0009   0.871277045954255424665E-0001   0.483351147528474057134E-0004   0.334968110616039183227E-0009   0.285036740248405833097E-0012   0.133737612597491146715E+0002  -0.113794311995152261363E-0001  -0.269336741427012036354E+0002   0.828479395092571380133E+0001
   0.151032955066666692495E+0009   0.880034790581009362942E-0001   0.475618504494419491778E-0004   0.330031812523935562453E-0009   0.302124425605557912540E-0012   0.133633657685959246209E+0002  -0.122324363401273301238E-0001  -0.269329569725752868692E+0002   0.828801281351336172065E+0001
   0.153683343766666680574E+0009   0.888717359934077522077E-0001   0.467391239137095892585E-0004   0.325182411797586091267E-0009   0.318733228418392028561E-0012   0.133530504144797603772E+0002  -0.130871756082736479671E-0001  -0.269322454190342952529E+0002   0.829124751510434698787E+0001
   0.156350456800000011921E+0009   0.897326515522228751465E-0001   0.458675432193820603556E-0004   0.320417728555072361257E-0009   0.334868622595972800932E-0012   0.133428130438220939880E+0002  -0.139434106719100343874E-0001  -0.269315393826291398227E+0002   0.829449782432496540707E+0001
   0.159034633433333337307E+0009   0.905863973686780454830E-0001   0.449477069556753172338E-0004   0.315735651584517554291E-0009   0.350536399668309995910E-0012   0.133326515526849949111E+0002  -0.148009183581102807259E-0001  -0.269308387665050510407E+0002   0.829776352661754046380E+0001
   0.161736218500000000000E+0009   0.914331406838582716468E-0001   0.439802036261635473846E-0004   0.311134136022401962824E-0009   0.365742624012295876971E-0012   0.133225638855511601122E+0002  -0.156594897628099458120E-0001  -0.269301434763184452947E+0002   0.830104442352627280854E+0001
   0.164455562599999994040E+0009   0.922730445059909420991E-0001   0.429656110882537222708E-0004   0.306611200991798714391E-0009   0.380493593073010710506E-0012   0.133125480336394783620E+0002  -0.165189294524177715529E-0001  -0.269294534201252560024E+0002   0.830434033216947753431E+0001
   0.167193022299999982119E+0009   0.931062677628735901880E-0001   0.419044960644616136265E-0004   0.302164927258658938968E-0009   0.394795801145141986752E-0012   0.133026020332840513305E+0002  -0.173790547109962077721E-0001  -0.269287685082767076494E+0002   0.830765108473339175532E+0001
   0.169948960133333325386E+0009   0.939329653870743241928E-0001   0.407974138013786970540E-0004   0.297793455186501308320E-0009   0.408655905358376047234E-0012   0.132927239650892374812E+0002  -0.182396947683631481529E-0001  -0.269280886533715673181E+0002   0.831097652774471029602E+0001
   0.172723744900000005960E+0009   0.947532884872684388888E-0001   0.396449076783221137114E-0004   0.293494982583342016930E-0009   0.422080696721158545741E-0012   0.132829119520329026471E+0002  -0.191006901620095793926E-0001  -0.269274137701383899923E+0002   0.831431652172677360113E+0001
   0.175517751700000017881E+0009   0.955673844328986110686E-0001   0.384475089776059315676E-0004   0.289267762725528607249E-0009   0.435077072532899822815E-0012   0.132731641585841071418E+0002  -0.199618920613838339573E-0001  -0.269267437753898306596E+0002   0.831767094055167888200E+0001
   0.178331362166666686535E+0009   0.963753969933663079406E-0001   0.372057366284281977120E-0004   0.285110102421091314742E-0009   0.447652011932991688118E-0012   0.132634787891553465045E+0002  -0.208231616750141276806E-0001  -0.269260785879328601311E+0002   0.832103967105174646690E+0001
   0.181164964600000023842E+0009   0.971774664419215727929E-0001   0.359200970384518131380E-0004   0.281020360130469934961E-0009   0.459812554151320100322E-0012   0.132538540869472605266E+0002  -0.216843696763805333927E-0001  -0.269254181285084044362E+0002   0.832442261252672821570E+0001
   0.184018954133333355188E+0009   0.979737296642206323405E-0001   0.345910839556655750043E-0004   0.276996944190393059838E-0009   0.471565778492412045250E-0012   0.132442883327290772399E+0002  -0.225453956639700553444E-0001  -0.269247623197276304552E+0002   0.832781967630678998660E+0001
   0.186893732900000035763E+0009   0.987643202618023463568E-0001   0.332191783697527871213E-0004   0.273038311090973358301E-0009   0.482918786541588811914E-0012   0.132347798436635688546E+0002  -0.234061276529819312087E-0001  -0.269241110860127577098E+0002   0.833123078532996608203E+0001
   0.189789710233333379030E+0009   0.995493686596875815287E-0001   0.318048484332659198701E-0004   0.269142963796569500088E-0009   0.493878686212586032014E-0012   0.132253269720713397817E+0002  -0.242664616027054302894E-0001  -0.269234643535346691579E+0002   0.833465587377265215707E+0001
   0.192707302800000041723E+0009   0.100329002190842786479E+0000   0.303485494473921334322E-0004   0.265309450172159464483E-0009   0.504452577278951662394E-0012   0.132159281044553473805E+0002  -0.251263009536429222923E-0001  -0.269228220501696817735E+0002   0.833809488661353803707E+0001
   0.195646934800000041723E+0009   0.101103345194423294151E+0000   0.288507238460263851448E-0004   0.261536361454478589065E-0009   0.514647538642291215161E-0012   0.132065816603518690897E+0002  -0.259855562067403088322E-0001  -0.269221841054451438424E+0002   0.834154777928856283609E+0001
   0.198609038200000047684E+0009   0.101872519117702453606E+0000   0.273118011880478476637E-0004   0.257822330728352622886E-0009   0.524470617114243916229E-0012   0.131972860911252354299E+0002  -0.268441445355581537191E-0001  -0.269215504504818277098E+0002   0.834501451739527588813E+0001
   0.201594052833333373070E+0009   0.102636642578556425143E+0000   0.257321982427864921815E-0004   0.254166031551634293691E-0009   0.533928816809240162627E-0012   0.131880398792284871945E+0002  -0.277019893810845317661E-0001  -0.269209210179689009124E+0002   0.834849507625060027749E+0001
   0.204602426700000047684E+0009   0.103395831475772581598E+0000   0.241123189943093597443E-0004   0.250566176553240581998E-0009   0.543029090702216118254E-0012   0.131788415368773339509E+0002  -0.285590201246976455041E-0001  -0.269202957420992810000E+0002   0.835198944069226989484E+0001
   0.207634616066666722298E+0009   0.104150199043458568937E+0000   0.224525547706217764080E-0004   0.247021516139146732791E-0009   0.551778332147921865453E-0012   0.131696896053915892821E+0002  -0.294151717221370033462E-0001  -0.269196745585509198406E+0002   0.835549760465467628023E+0001
   0.210691085766666710377E+0009   0.104899855952166665141E+0000   0.207532842846751015148E-0004   0.243530837206061776577E-0009   0.560183368399755116356E-0012   0.131605826539631287631E+0002  -0.302703844122805786065E-0001  -0.269190574044294024247E+0002   0.835901957098529813095E+0001
   0.213772309366666704416E+0009   0.105644910372021644251E+0000   0.190148737630660283945E-0004   0.240092961909516921707E-0009   0.568250954208965032495E-0012   0.131515192788767372178E+0002  -0.311246034040734073645E-0001  -0.269184442182415253342E+0002   0.836255535111253323066E+0001
   0.216878769400000035763E+0009   0.106385468048552533915E+0000   0.172376770540916152163E-0004   0.236706746500725277546E-0009   0.575987766626447509080E-0012   0.131424981025710430060E+0002  -0.319777785977178180543E-0001  -0.269178349398582525964E+0002   0.836610496479699783379E+0001
   0.220010957600000023842E+0009   0.107121632374346381633E+0000   0.154220357489922969569E-0004   0.233371080182310446285E-0009   0.583400400421326794449E-0012   0.131335177727393261904E+0002  -0.328298643198375664221E-0001  -0.269172295104807481891E+0002   0.836966843988777497998E+0001
   0.223169375066666692495E+0009   0.107853504441300346306E+0000   0.135682793551084523390E-0004   0.230084884055408199410E-0009   0.590495363931315190876E-0012   0.131245769616675662661E+0002  -0.336808190540645938094E-0001  -0.269166278726219729833E+0002   0.837324581200767781297E+0001
   0.226354532633333355188E+0009   0.108581183135801007111E+0000   0.116767253637745499473E-0004   0.226847110017308569646E-0009   0.597279076242655023318E-0012   0.131156743650366234277E+0002  -0.345306052380014924519E-0001  -0.269160299700527332334E+0002   0.837683712446962935871E+0001
   0.229566950966666698456E+0009   0.109304765167979239804E+0000   0.974767948483401953626E-0005   0.223656739784098633647E-0009   0.603757863766365880396E-0012   0.131068087015317509270E+0002  -0.353791889995656097523E-0001  -0.269154357478015278105E+0002   0.838044242789358584389E+0001
   0.232807160933333367109E+0009   0.110024345158861724947E+0000   0.778143573416035940306E-0005   0.220512783908265153955E-0009   0.609937958486351908629E-0012   0.130979787117291017751E+0002  -0.362265399758304115774E-0001  -0.269148451521064266956E+0002   0.838406178012802172361E+0001
   0.236075703800000041723E+0009   0.110740015685535569956E+0000   0.577827662846334622672E-0005   0.217414280827029565663E-0009   0.615825495776905557156E-0012   0.130891831574976258423E+0002  -0.370726310969206260260E-0001  -0.269142581304011478949E+0002   0.838769524598485283207E+0001
   0.239373131533333361149E+0009   0.111451867345223651351E+0000   0.373847332881017906629E-0005   0.214360295964343953019E-0009   0.621426513122576513462E-0012   0.130804208211628427705E+0002  -0.379174384056411087340E-0001  -0.269136746312850867469E+0002   0.839134289708807656893E+0001
   0.242700007000000029802E+0009   0.112159988794063025797E+0000   0.166228585369751890924E-0005   0.211349920885416898191E-0009   0.626746948777001535747E-0012   0.130716905049769085423E+0002  -0.387609408598218671549E-0001  -0.269130946045138337297E+0002   0.839500481161223355286E+0001
   0.246056904366666704416E+0009   0.112864466825446596587E+0000  -0.450036824554747597740E-0006   0.208382272423261962054E-0009   0.631792641424306369261E-0012   0.130629910300973115511E+0002  -0.396031201936460769408E-0001  -0.269125180009567586126E+0002   0.839868107424213583556E+0001
   0.249444409300000041723E+0009   0.113565386401693738105E+0000  -0.259825655257307804708E-0005   0.205456491871689576937E-0009   0.636569329314225811875E-0012   0.130543212361358058615E+0002  -0.404439607350077293124E-0001  -0.269119447725925553527E+0002   0.840237177591077255556E+0001
   0.252863119300000041723E+0009   0.114262830710845600390E+0000  -0.478214584454109247066E-0005   0.202571744222328341661E-0009   0.641082650264221849791E-0012   0.130456799803933236603E+0002  -0.412834492635492517065E-0001  -0.269113748724837442694E+0002   0.840607701368350035409E+0001
   0.256313644000000029802E+0009   0.114956881212845363205E+0000  -0.700148770394291853470E-0005   0.199727217403217571988E-0009   0.645338141633770477584E-0012   0.130370661372219807106E+0002  -0.421215748662525091284E-0001  -0.269108082547595763856E+0002   0.840979689060362289865E+0001
