   0.194999999999999976717E+0007   0.194399798766340899982E-0002  -0.491816335432596308580E-0007   0.993641300050082368037E-0009   0.504427010700098816858E-0013   0.143280167317659383741E+0002  -0.759141380545538943178E-0003  -0.269973115180216218789E+0002   0.814616623347095902830E+0001
   0.405170859999999962747E+0007   0.402630692096363380916E-0002  -0.219837831077950068428E-0006   0.987744005446620349756E-0009   0.109751480387314597033E-0012   0.143202329139460911023E+0002  -0.161197740504478667124E-0002  -0.269944669151726550638E+0002   0.814624497326557595045E+0001
   0.615572539999999944121E+0007   0.609822951236538984832E-0002  -0.515589973294051439419E-0006   0.981615598225070181071E-0009   0.169944160785903057117E-0012   0.143121504468547726674E+0002  -0.248557146950726922177E-0002  -0.269916675764986777608E+0002   0.814636232511374203114E+0001
   0.826211446666666585952E+0007   0.815925541825365460702E-0002  -0.936716273062154132183E-0006   0.975192835637112224049E-0009   0.229380311729331672891E-0012   0.143037973665436588533E+0002  -0.336431712028338863324E-0002  -0.269889151713212989137E+0002   0.814651971074973246800E+0001
   0.103709988666666653007E+0008   0.102088794401479013296E-0001  -0.148167337728361291532E-0005   0.968497448014759839306E-0009   0.287450561077172983222E-0012   0.142951944802828396774E+0002  -0.423750444581470417371E-0002  -0.269862107167922324891E+0002   0.814671840374218270142E+0001
   0.124825067333333324641E+0008   0.122466387587574915274E-0001  -0.214762897713698806048E-0005   0.961548793065405660658E-0009   0.343696429805441140902E-0012   0.142863595160023919561E+0002  -0.509754871501744751677E-0002  -0.269835546135761035202E+0002   0.814695954537879529767E+0001
   0.145967710666666664183E+0008   0.142721095253834518585E-0001  -0.293080814667784327269E-0005   0.954364923915512159680E-0009   0.397760243310528848983E-0012   0.142773083460932461719E+0002  -0.593881930354498918656E-0002  -0.269809468677260753111E+0002   0.814724415539822999222E+0001
   0.167139297333333324641E+0008   0.162849046874523756268E-0001  -0.382673708454813914427E-0005   0.946962996563237156692E-0009   0.449370688408200919665E-0012   0.142680555886158497714E+0002  -0.675702780668659911539E-0002  -0.269783872147808096997E+0002   0.814757313993293585952E+0001
   0.188341253333333320916E+0008   0.182846721726680969122E-0001  -0.483042345901141972377E-0005   0.939359476725121965542E-0009   0.498326417405480832025E-0012   0.142586149353237132686E+0002  -0.754886994551278583954E-0002  -0.269758751963351812719E+0002   0.814794729795804073547E+0001
   0.209575050666666664183E+0008   0.202710933526180914210E-0001  -0.593649554403395561455E-0005   0.931570248319454369346E-0009   0.544482872456591234126E-0012   0.142489993442894480324E+0002  -0.831179727409215272915E-0002  -0.269734102102801145406E+0002   0.814836732690803877688E+0001
   0.230842206333333328366E+0008   0.222438816949172314674E-0001  -0.713931298208826195799E-0005   0.923610669931740916181E-0009   0.587742159567728854219E-0012   0.142392211588253285726E+0002  -0.904386184624035409374E-0002  -0.269709915454465622986E+0002   0.814883382781291665253E+0001
   0.252144281000000014901E+0008   0.242027814709903643653E-0001  -0.843305690604001208580E-0005   0.915495602548627359871E-0009   0.628045158789537543939E-0012   0.142292921837777619487E+0002  -0.974360472947086338202E-0002  -0.269686184066409069260E+0002   0.814934731013205571060E+0001
   0.273482878333333358169E+0008   0.261475665712272570262E-0001  -0.981180442793635160346E-0005   0.907239420492463904207E-0009   0.665365235649196605509E-0012   0.142192237353229256058E+0002  -0.104099724873868287878E-0001  -0.269662899333892340792E+0002   0.814990819641888109004E+0001
   0.294859643333333358169E+0008   0.280780392497007244557E-0001  -0.112695906837105266413E-0004   0.898856013310459783769E-0009   0.699703081551627188495E-0012   0.142090266745992455100E+0002  -0.110422521520855843741E-0001  -0.269640052146489814788E+0002   0.815051682683768952131E+0001
   0.316276261333333365619E+0008   0.299940289394742369555E-0001  -0.128004608242564153688E-0004   0.890358781383195453952E-0009   0.731082396209287144477E-0012   0.141987114292090499390E+0002  -0.116400190630992703134E-0001  -0.269617633005845576122E+0002   0.815117346361274819344E+0001
   0.337734456666666716337E+0008   0.318953910382455477213E-0001  -0.143985135527015104722E-0004   0.881760634150052790910E-0009   0.759546201220217376213E-0012   0.141882880137689202371E+0002  -0.122030938946531691824E-0001  -0.269595632123374535638E+0002   0.815187829536927743845E+0001
   0.359235991333333402872E+0008   0.337820056979038774170E-0001  -0.160579374773078925836E-0004   0.873073977427093904921E-0009   0.785153643819040323720E-0012   0.141777660334635360329E+0002  -0.127315064441439838167E-0001  -0.269574039502815203662E+0002   0.815263144144748075348E+0001
   0.380782663666666746140E+0008   0.356537766073418971313E-0001  -0.177730412547553397911E-0004   0.864310712099102476306E-0009   0.807977206802474011110E-0012   0.141671546978944924433E+0002  -0.132254646560155918189E-0001  -0.269552845011131054775E+0002   0.815343295611607743467E+0001
   0.402376307666666731238E+0008   0.375106298397510640186E-0001  -0.195382783842973324151E-0004   0.855482228017463277635E-0009   0.828100253670884496663E-0012   0.141564628258525697646E+0002  -0.136853277655093683030E-0001  -0.269532038439447596545E+0002   0.815428283274588494578E+0001
   0.424018791666666716337E+0008   0.393525126380259854253E-0001  -0.213482672041199104897E-0004   0.846599401256314539593E-0009   0.845614855878096935817E-0012   0.141456988511756733828E+0002  -0.141115827759511480721E-0001  -0.269511609556968672052E+0002   0.815518100787735100710E+0001
   0.445712017000000029802E+0008   0.411793922157420999586E-0001  -0.231978067226356487627E-0004   0.837672593127223640189E-0009   0.860619884270939887455E-0012   0.141348708279587143011E+0002  -0.145048237424491594655E-0001  -0.269491548158273026559E+0002   0.815612736519430292503E+0001
   0.467457917000000029802E+0008   0.429912545924836242417E-0001  -0.250818888047579242179E-0004   0.828711651316436266535E-0009   0.873219315634324459924E-0012   0.141239864357989297616E+0002  -0.148657334525346858378E-0001  -0.269471844104503404083E+0002   0.815712173940876361655E+0001
   0.489258456000000014901E+0008   0.447881034444692072150E-0001  -0.269957071392426981265E-0004   0.819725913141625659598E-0009   0.883520748143844857914E-0012   0.141130529853222803638E+0002  -0.151950672216267079068E-0001  -0.269452487359373975551E+0002   0.815816392003487500517E+0001
   0.511115628333333358169E+0008   0.465699589730908386498E-0001  -0.289346633861906163843E-0004   0.810724210861554006039E-0009   0.891634098387263622461E-0012   0.141020774241396651405E+0002  -0.154936385128887563201E-0001  -0.269433468020484383487E+0002   0.815925365504250166282E+0001
   0.533031458000000044703E+0008   0.483368568486478022983E-0001  -0.308943709305514374922E-0004   0.801714878725270153023E-0009   0.897670471399983880078E-0012   0.140910663430582214772E+0002  -0.157623062584438290712E-0001  -0.269414776345754312104E+0002   0.816039065441760058661E+0001
   0.555007997000000029802E+0008   0.500888470698481191867E-0001  -0.328706563903006016209E-0004   0.792705762351696586191E-0009   0.901741179208707603155E-0012   0.140800259836129448843E+0002  -0.160019636414377997014E-0001  -0.269396402777073369350E+0002   0.816157459351876468645E+0001
   0.577047325666666701436E+0008   0.518259930120090334116E-0001  -0.348595594758601572995E-0004   0.783704229049798415700E-0009   0.903956901647741301395E-0012   0.140689622452098923588E+0002  -0.162135282643734134067E-0001  -0.269378337958600901914E+0002   0.816280511639814143621E+0001
   0.599151551000000014901E+0008   0.535483703441941849555E-0001  -0.368573311141174371919E-0004   0.774717180295069013531E-0009   0.904426973054649201635E-0012   0.140578806939139653309E+0002  -0.163979335262929050432E-0001  -0.269360572753425628889E+0002   0.816408183886924909700E+0001
   0.621322807000000029802E+0008   0.552560661365972954906E-0001  -0.388604304404912580576E-0004   0.765751064832146603357E-0009   0.903258784106234090298E-0012   0.140467865708248211831E+0002  -0.165561211387291809527E-0001  -0.269343098255518356154E+0002   0.816540435153739529994E+0001
   0.643563253666666671634E+0008   0.569491778954154953540E-0001  -0.408655205791111863188E-0004   0.756811893270070097354E-0009   0.900557286581311321487E-0012   0.140356848016635975540E+0002  -0.166890346419520177457E-0001  -0.269325905800011682345E+0002   0.816677222260448054669E+0001
   0.665875077000000029802E+0008   0.586278127096979129185E-0001  -0.428694636183115802808E-0004   0.747905253270013903495E-0009   0.896424590761845739010E-0012   0.140245800063363610377E+0002  -0.167976138469581107171E-0001  -0.269308986970175148201E+0002   0.816818500058132990205E+0001
   0.688260488666666746140E+0008   0.602920864067411910181E-0001  -0.448693148363297973939E-0004   0.739036325517740649039E-0009   0.890959645020782336599E-0012   0.140134765090750086358E+0002  -0.168827901010849407148E-0001  -0.269292333602416711358E+0002   0.816964221683021385445E+0001
   0.710721725666666775942E+0008   0.619421227433598758916E-0001  -0.468623163627280875810E-0004   0.730209900247638822782E-0009   0.884257988282450618937E-0012   0.140023783489229973753E+0002  -0.169454822971981042268E-0001  -0.269275937789281947232E+0002   0.817114338795639660873E+0001
   0.733261051000000089407E+0008   0.635780527059147393398E-0001  -0.488458905004416531681E-0004   0.721430393791992010931E-0009   0.876411566317486784414E-0012   0.139912892899762297816E+0002  -0.169865935505439276387E-0001  -0.269259791879959315963E+0002   0.817268801812036649324E+0001
   0.755880752666666805744E+0008   0.652000137231423526618E-0001  -0.508176325909520041875E-0004   0.712701865858590795285E-0009   0.867508604165077139141E-0012   0.139802128326491601484E+0002  -0.170070084629028554779E-0001  -0.269243888480471227354E+0002   0.817427560109233297680E+0001
   0.778583144666666835546E+0008   0.668081490603012057017E-0001  -0.527753038507701964510E-0004   0.704028036317561643597E-0009   0.857633526582674258604E-0012   0.139691522240732037830E+0002  -0.170075909165399580258E-0001  -0.269228220451086990295E+0002   0.817590562230210160521E+0001
   0.801370566333333551884E+0008   0.684026071273346331081E-0001  -0.547168239453838000427E-0004   0.695412302378351872646E-0009   0.846866920431617032014E-0012   0.139581104693703252906E+0002  -0.169891823286969917417E-0001  -0.269212780903788164721E+0002   0.817757756063486418441E+0001
   0.824245383000000268221E+0008   0.699835409168074462638E-0001  -0.566402636391790775513E-0004   0.686857755283434131643E-0009   0.835285532089974561549E-0012   0.139470903422649676884E+0002  -0.169526003134430162944E-0001  -0.269197563197841134297E+0002   0.817929089018797661481E+0001
   0.847209987000000327826E+0008   0.715511074953794345976E-0001  -0.585438374939389432868E-0004   0.678367196597196448666E-0009   0.822962294491332624363E-0012   0.139360943954914677789E+0002  -0.168986376933841081494E-0001  -0.269182560934386323481E+0002   0.818104508192913471021E+0001
   0.870266796666667014360E+0008   0.731054673896803786093E-0001  -0.604258964766400246413E-0004   0.669943154745350543050E-0009   0.809966379595038748021E-0012   0.139251249720270013910E+0002  -0.168280618310699785212E-0001  -0.269167767951720051656E+0002   0.818283960507831409359E+0001
   0.893418258333333730698E+0008   0.746467842085563604293E-0001  -0.622849209386608772352E-0004   0.661587900406099606826E-0009   0.796363270617895315454E-0012   0.139141842147594090306E+0002  -0.167416142048416802246E-0001  -0.269153178318091725885E+0002   0.818467392860186571113E+0001
   0.916666845666667073965E+0008   0.761752241129897700311E-0001  -0.641195135302489646872E-0004   0.653303462051458082298E-0009   0.782214851159182081149E-0012   0.139032740772185370304E+0002  -0.166400102273095637506E-0001  -0.269138786325863677007E+0002   0.818654752238794003460E+0001
   0.940015061000000387430E+0008   0.776909554492257042879E-0001  -0.659283924638296873815E-0004   0.645091640593604513241E-0009   0.767579507055302093892E-0012   0.138923963331355757589E+0002  -0.165239392476673012389E-0001  -0.269124586484101193662E+0002   0.818845985847164037352E+0001
   0.963465435333333760500E+0008   0.791941483202962259735E-0001  -0.677103848780926536894E-0004   0.636954023757134555046E-0009   0.752512238672955710468E-0012   0.138815525863708018051E+0002  -0.163940647194705246825E-0001  -0.269110573511829436200E+0002   0.819041041205158393268E+0001
   0.987020529333333820105E+0008   0.806849742491867194527E-0001  -0.694644205056697654210E-0004   0.628891999713362068775E-0009   0.737064780414028195389E-0012   0.138707442800944402705E+0002  -0.162510245003901834804E-0001  -0.269096742330559486334E+0002   0.819239866249109383034E+0001
   0.101068293466666713357E+0009   0.821636058856143186580E-0001  -0.711895255985404789255E-0004   0.620906770009021711017E-0009   0.721285725216146984529E-0012   0.138599727055349859484E+0002  -0.160954312593326424874E-0001  -0.269083088056605781446E+0002   0.819442409425965934133E+0001
   0.103445527366666719317E+0009   0.836302166306942679208E-0001  -0.728848169741691716012E-0004   0.612999362336299567304E-0009   0.705220653255182568749E-0012   0.138492390111692618149E+0002  -0.159278729837126417634E-0001  -0.269069605994415184114E+0002   0.819648619764604369209E+0001
   0.105834020100000053644E+0009   0.850849804096611289639E-0001  -0.745494964588416548102E-0004   0.605170642317701395338E-0009   0.688912261517966000150E-0012   0.138385442106846507926E+0002  -0.157489135466172304467E-0001  -0.269056291628796628856E+0002   0.819858446956123820826E+0001
   0.108234040433333382010E+0009   0.865280714013581669919E-0001  -0.761828455063187366236E-0004   0.597421324839970742789E-0009   0.672400494325193978226E-0012   0.138278891910757142369E+0002  -0.155590933382652243933E-0001  -0.269043140617858611563E+0002   0.820071841418114821920E+0001
   0.110645860466666713357E+0009   0.879596637680422066552E-0001  -0.777842200459535849585E-0004   0.589751984968067527225E-0009   0.655722673107738708733E-0012   0.138172747205561670114E+0002  -0.153589299394749755762E-0001  -0.269030148786279674766E+0002   0.820288754348656823367E+0001
   0.113069755833333373070E+0009   0.893799315028337981737E-0001  -0.793530456902198882800E-0004   0.582163067905845672098E-0009   0.638913623921645290906E-0012   0.138067014553859515047E+0002  -0.151489188161299716956E-0001  -0.269017312117845364128E+0002   0.820509137788679865366E+0001
   0.115506005700000032783E+0009   0.907890481741347732392E-0001  -0.808888130500388230753E-0004   0.574654898794237728836E-0009   0.622005803585153539722E-0012   0.137961699472908954078E+0002  -0.149295340495045024409E-0001  -0.269004626749281250397E+0002   0.820732944660141505722E+0001
   0.117954892933333367109E+0009   0.921871867845494019633E-0001  -0.823910733979461319936E-0004   0.567227691711963872758E-0009   0.605029421938753054779E-0012   0.137856806498020141305E+0002  -0.147012290658503352869E-0001  -0.268992088963410047597E+0002   0.820960128813502798550E+0001
   0.120416411800000026822E+0009   0.935743556229576278760E-0001  -0.838592622714334778606E-0004   0.559882199972133538740E-0009   0.588014315057172016329E-0012   0.137752351578887211048E+0002  -0.144644652598610434086E-0001  -0.268979696649652382234E+0002   0.821190617404793066214E+0001
   0.122890698700000032783E+0009   0.949506468263584535450E-0001  -0.852929663667973975844E-0004   0.552618953362779506298E-0009   0.570987641306050579207E-0012   0.137648343551426677323E+0002  -0.142196738261908296741E-0001  -0.268967447058849344899E+0002   0.821424350841770234410E+0001
   0.125378031266666695476E+0009   0.963162309002489336329E-0001  -0.866919079926556325130E-0004   0.545437972219317399062E-0009   0.553973740350246133118E-0012   0.137544784533837098905E+0002  -0.139672552920606426324E-0001  -0.268955336852940334325E+0002   0.821661283345652648791E+0001
   0.127878690966666698456E+0009   0.976712774465052779860E-0001  -0.880558558725484750301E-0004   0.538339090097404656672E-0009   0.536995028959887055576E-0012   0.137441675886863272638E+0002  -0.137075924796171005893E-0001  -0.268943362813107604836E+0002   0.821901370203358183630E+0001
   0.130392963500000029802E+0009   0.990159550724838688485E-0001  -0.893846217821770393230E-0004   0.531322065408605279721E-0009   0.520072194638136087564E-0012   0.137339018245701787180E+0002  -0.134410508809006488257E-0001  -0.268931521836387830149E+0002   0.822144567817031202139E+0001
   0.132921138833333358169E+0009   0.100350431236095855025E+0000  -0.906780573063149819037E-0004   0.524386587714693004969E-0009   0.503224309785878355565E-0012   0.137236811572743082621E+0002  -0.131679793721064322676E-0001  -0.268919810930984191089E+0002   0.822390833714905866714E+0001
   0.135463511333333373070E+0009   0.101674872155267478901E+0000  -0.919360508381651209218E-0004   0.517532283772783898613E-0009   0.486468927499856771124E-0012   0.137135055203449329753E+0002  -0.128887109003481062364E-0001  -0.268908227211339330154E+0002   0.822640126568036755828E+0001
   0.138020379900000035763E+0009   0.102989442725623228658E+0000  -0.931585247545401189031E-0004   0.510758723122512604335E-0009   0.469822172896393626659E-0012   0.137033747889714803136E+0002  -0.126035631519912649789E-0001  -0.268896767893450778786E+0002   0.822892406203685844446E+0001
   0.140592048066666692495E+0009   0.104294306428858826741E+0000  -0.943454327433933032012E-0004   0.504065423373057110491E-0009   0.453298830226371998150E-0012   0.136932887842113473198E+0002  -0.123128392048139981285E-0001  -0.268885430290571392220E+0002   0.823147633612269302716E+0001
   0.143178824066666692495E+0009   0.105589625232748812733E+0000  -0.954967572793936339201E-0004   0.497451855224036042999E-0009   0.436912425871617225233E-0012   0.136832472771040531967E+0002  -0.120168281636659924488E-0001  -0.268874211809270526885E+0002   0.823405770947966253459E+0001
   0.145781021000000029802E+0009   0.106875559549310203411E+0000  -0.966125072995558406650E-0004   0.490917446996662613013E-0009   0.420675306573376826829E-0012   0.136732499921675056953E+0002  -0.117158057638344879903E-0001  -0.268863109945265712497E+0002   0.823666781536560854704E+0001
   0.148398956933333367109E+0009   0.108152268165222442686E+0000  -0.976927159923227214546E-0004   0.484461588905751253902E-0009   0.404598713903743853140E-0012   0.136632966109447160363E+0002  -0.114100349605880321824E-0001  -0.268852122279759662149E+0002   0.823930629874176467808E+0001
   0.151032955066666692495E+0009   0.109419908210781097191E+0000  -0.987374387519672665203E-0004   0.478083636975378055653E-0009   0.388692854437334627117E-0012   0.136533867750936916963E+0002  -0.110997664894612341896E-0001  -0.268841246475697310814E+0002   0.824197281630436862088E+0001
   0.153683343766666680574E+0009   0.110678635069538205959E+0000  -0.997467512090434600940E-0004   0.471782916858221186829E-0009   0.372966966806772847650E-0012   0.136435200897897370709E+0002  -0.107852394206830754647E-0001  -0.268830480274771943527E+0002   0.824466703635984821119E+0001
   0.156350456800000011921E+0009   0.111928602389401277151E+0000  -0.100720747463856188713E-0003   0.465558727158298369298E-0009   0.357429384063413090009E-0012   0.136336961261919817900E+0002  -0.104666816690122174011E-0001  -0.268819821493785973132E+0002   0.824738863888346962483E+0001
   0.159034633433333337307E+0009   0.113169962032915571992E+0000  -0.101659538380456383440E-0003   0.459410342595542249958E-0009   0.342087593169624388101E-0012   0.136239144242471503787E+0002  -0.101443104983922234574E-0001  -0.268809268021750042976E+0002   0.825013731542518691242E+0001
   0.161736218500000000000E+0009   0.114402864017312366762E+0000  -0.102563249981863646590E-0003   0.453337017087381898181E-0009   0.326948291334463539992E-0012   0.136141744954438710380E+0002  -0.981833301015227859210E-0002  -0.268798817817270716546E+0002   0.825291276896378178662E+0001
   0.164455562599999994040E+0009   0.115627456520162652520E+0000  -0.103432021996050876834E-0003   0.447337986431020802018E-0009   0.312017438463473211595E-0012   0.136044758249269328587E+0002  -0.948894659544964949593E-0002  -0.268788468905570816503E+0002   0.825571471388262700941E+0001
   0.167193022299999982119E+0009   0.116843885885881154651E+0000  -0.104266006493304043933E-0003   0.441412470705495644580E-0009   0.297300306527778983402E-0012   0.135948178734836613302E+0002  -0.915633936830188323308E-0002  -0.268778219375687008608E+0002   0.825854287593264402290E+0001
   0.169948960133333325386E+0009   0.118052296545471835376E+0000  -0.105065366552982029837E-0003   0.435559676785602262683E-0009   0.282801527012626596593E-0012   0.135852000801043999445E+0002  -0.882069060397840110088E-0002  -0.268768067378571906545E+0002   0.826139699197523924568E+0001
   0.172723744900000005960E+0009   0.119252831072628157072E+0000  -0.105830275109238404040E-0003   0.429778800384249763975E-0009   0.268525134187436883111E-0012   0.135756218633539713636E+0002  -0.848217112275969319091E-0002  -0.268758011124205999920E+0002   0.826427681002392411358E+0001
   0.175517751700000017881E+0009   0.120445630123397706690E+0000  -0.106560913796473883102E-0003   0.424069028111485331949E-0009   0.254474606994405459004E-0012   0.135660826235683593666E+0002  -0.814094368921835891129E-0002  -0.268748048879842293957E+0002   0.826718208899869466677E+0001
   0.178331362166666686535E+0009   0.121630832465125904296E+0000  -0.107257471928580856149E-0003   0.418429539286433099247E-0009   0.240652907503783918812E-0012   0.135565817442385068148E+0002  -0.779716336927679855989E-0002  -0.268738178967645140460E+0002   0.827011259867799886081E+0001
   0.181164964600000023842E+0009   0.122808574962856603685E+0000  -0.107920145520233433248E-0003   0.412859507619552452508E-0009   0.227062517592467496570E-0012   0.135471185936564264551E+0002  -0.745097788512612616008E-0002  -0.268728399762817780072E+0002   0.827306811953753751254E+0001
   0.184018954133333355188E+0009   0.123978992581123048655E+0000  -0.108549136384054786516E-0003   0.407358102781618295041E-0009   0.213705473066901898508E-0012   0.135376925263284402234E+0002  -0.710252794845453363365E-0002  -0.268718709691730879285E+0002   0.827604844261511729542E+0001
   0.186893732900000035763E+0009   0.125142218386409515007E+0000  -0.109144651290181139399E-0003   0.401924491837668520576E-0009   0.200583395857646133417E-0012   0.135283028843172470346E+0002  -0.675194758024885103437E-0002  -0.268709107230164008229E+0002   0.827905336936752789256E+0001
   0.189789710233333379030E+0009   0.126298383563383687100E+0000  -0.109706901190879078933E-0003   0.396557840529480396309E-0009   0.187697524026562236021E-0012   0.135189489983902859649E+0002  -0.639936441209046965456E-0002  -0.268699590901544453914E+0002   0.828208271155488695570E+0001
   0.192707302800000041723E+0009   0.127447617404375018735E+0000  -0.110236100486372498109E-0003   0.391257314516472848349E-0009   0.175048740195631643919E-0012   0.135096301893101742309E+0002  -0.604489998201252366067E-0002  -0.268690159275512989723E+0002   0.828513629104817184157E+0001
   0.195646934800000041723E+0009   0.128590047325999545791E+0000  -0.110732466356387124770E-0003   0.386022080483588488695E-0009   0.162637597952899064110E-0012   0.135003457688363468492E+0002  -0.568867000937849261188E-0002  -0.268680810966363701198E+0002   0.828821393970001984997E+0001
   0.198609038200000047684E+0009   0.129725798897792787834E+0000  -0.111196218143624865138E-0003   0.380851307084555636776E-0009   0.150464346468605627023E-0012   0.134910950405624987525E+0002  -0.533078465350714063298E-0002  -0.268671544631479797260E+0002   0.829131549924440314214E+0001
   0.201594052833333373070E+0009   0.130854995818821595588E+0000  -0.111627576760575273826E-0003   0.375744165935683218203E-0009   0.138528954075799501630E-0012   0.134818773011139736440E+0002  -0.497134877670650596887E-0002  -0.268662358970282326709E+0002   0.829444082105052693521E+0001
   0.204602426700000047684E+0009   0.131977759970730024186E+0000  -0.112026764170633741325E-0003   0.370699832396093500879E-0009   0.126831129631196355836E-0012   0.134726918406641313908E+0002  -0.461046217204952833713E-0002  -0.268653252722636679550E+0002   0.829758976608098208771E+0001
   0.207634616066666722298E+0009   0.133094211393754852102E+0000  -0.112394002878500235245E-0003   0.365717486374363554456E-0009   0.115370343233768553901E-0012   0.134635379440227165304E+0002  -0.424821980471051536404E-0002  -0.268644224667963733566E+0002   0.830076220463472047584E+0001
   0.210691085766666710377E+0009   0.134204468337038779202E+0000  -0.112729515485557692982E-0003   0.360796312983060706237E-0009   0.104145844931357413583E-0012   0.134544148910640206651E+0002  -0.388471201922621070177E-0002  -0.268635273623820260980E+0002   0.830395801629463825577E+0001
   0.213772309366666704416E+0009   0.135308647257727288071E+0000  -0.113033524261292974474E-0003   0.355935503155872941487E-0009   0.931566826863702743209E-0013   0.134453219575237756800E+0002  -0.352002475331561091518E-0002  -0.268626398444963534473E+0002   0.830717708973025992236E+0001
   0.216878769400000035763E+0009   0.136406862843561516030E+0000  -0.113306250755813929087E-0003   0.351134254224840350287E-0009   0.824017189694231651824E-0013   0.134362584155556277210E+0002  -0.315423973458158835373E-0002  -0.268617598022289278958E+0002   0.831041932256539972457E+0001
   0.220010957600000023842E+0009   0.137499228033752307621E+0000  -0.113547915441868281245E-0003   0.346391770411157005430E-0009   0.718796462957453097455E-0013   0.134272235342571928385E+0002  -0.278743466894927583929E-0002  -0.268608871281845082990E+0002   0.831368462124089724341E+0001
   0.223169375066666692495E+0009   0.138585854015284171137E+0000  -0.113758737380679591763E-0003   0.341707263334086648162E-0009   0.615890019491112605842E-0013   0.134182165803558230976E+0002  -0.241968342845732230229E-0002  -0.268600217184096905498E+0002   0.831697290080300710713E+0001
   0.226354532633333355188E+0009   0.139666850286927102243E+0000  -0.113938933928681872991E-0003   0.337079952332419860071E-0009   0.515281811436645666064E-0013   0.134092368182905374852E+0002  -0.205105620829444928316E-0002  -0.268591634722708327843E+0002   0.832028408489571980056E+0001
   0.229566950966666698456E+0009   0.140742324629201387420E+0000  -0.114088720450227209266E-0003   0.332509064886890541599E-0009   0.416954501383493467126E-0013   0.134002835110503273341E+0002  -0.168161970755897156524E-0002  -0.268583122924120658581E+0002   0.832361810547003244665E+0001
   0.232807160933333367109E+0009   0.141812383163898547700E+0000  -0.114208310070728453426E-0003   0.327993836912558564282E-0009   0.320889576984898428556E-0013   0.133913559202087633082E+0002  -0.131143727226438935179E-0002  -0.268574680846468432094E+0002   0.832697490276636997919E+0001
   0.236075703800000041723E+0009   0.142877130354649412025E+0000  -0.114297913441099011815E-0003   0.323533513027184487982E-0009   0.227067462956267136094E-0013   0.133824533064305111196E+0002  -0.940569051211302166460E-0003  -0.268566307579007812478E+0002   0.833035442511838475355E+0001
   0.239373131533333361149E+0009   0.143936669038835285406E+0000  -0.114357738527294891138E-0003   0.319127346799358102063E-0009   0.135467622836908076656E-0013   0.133735749296797195029E+0002  -0.569072134236056083843E-0003  -0.268558002241340147975E+0002   0.833375662885567081162E+0001
   0.242700007000000029802E+0009   0.144991100424924301837E+0000  -0.114387990416609620437E-0003   0.314774600999799462691E-0009   0.460686567737548012337E-0014   0.133647200496867970543E+0002  -0.197000696019876788464E-0003  -0.268549763982947169438E+0002   0.833718147809793741487E+0001
   0.246056904366666704416E+0009   0.146040524151603678948E+0000  -0.114388871144936585993E-0003   0.310474547725295312321E-0009  -0.411516125865517612572E-0014   0.133558879258679930047E+0002   0.175593887979117791766E-0003  -0.268541591982279861384E+0002   0.834062894475043492548E+0001
   0.249444409300000041723E+0009   0.147085038280205249173E+0000  -0.114360579537055778504E-0003   0.306226468560499226426E-0009  -0.126216054547498833994E-0013   0.133470778177759239469E+0002   0.548662908166415875383E-0003  -0.268533485446406565700E+0002   0.834409900828731210254E+0001
   0.252863119300000041723E+0009   0.148124739327155391377E+0000  -0.114303311064470927401E-0003   0.302029654723463495721E-0009  -0.209148154107471634506E-0013   0.133382889851873205345E+0002   0.922160207263746415328E-0003  -0.268525443610382161808E+0002   0.834759165566696736960E+0001
   0.256313644000000029802E+0009   0.149159722283099538398E+0000  -0.114217257717117267246E-0003   0.297883407154836027869E-0009  -0.289971939886137992369E-0013   0.133295206882777392821E+0002   0.129604206741969966814E-0002  -0.268517465736753813133E+0002   0.835110688120710165094E+0001
