   0.194999999999999976717E+0007   0.193815260233806598705E-0002   0.715054972499154898423E-0007   0.986652576581418467607E-0009  -0.733389715383748821792E-0013   0.132596238327294333459E+0002   0.111168976206860625928E-0002  -0.249987253528718262885E+0002   0.814620821594016497613E+0001
   0.405170859999999962747E+0007   0.399654558592400961647E-0002   0.339648146324714208237E-0006   0.971253481103097173971E-0009  -0.172445175787880727338E-0012   0.132433563759510146696E+0002   0.240771228583194123532E-0002  -0.249973478490833329602E+0002   0.814639304121770990719E+0001
   0.615572539999999944121E+0007   0.602335496115930044830E-0002   0.808072624188643076612E-0006   0.954791269243977020370E-0009  -0.268687840096153914230E-0012   0.132258525471737904411E+0002   0.372872270696901486620E-0002  -0.249959664525328584261E+0002   0.814668195697022312629E+0001
   0.826211446666666585952E+0007   0.801686477100528420425E-0002   0.146861243294306509668E-0005   0.937668866409067782919E-0009  -0.357996132756156831293E-0012   0.132075271283218835805E+0002   0.502366077704011031180E-0002  -0.249945867364907030606E+0002   0.814707793297146309897E+0001
   0.103709988666666653007E+0008   0.997610844212091889271E-0002   0.230783555932759219763E-0005   0.920193390184170945414E-0009  -0.439238009684596897548E-0012   0.131886723144222415272E+0002   0.626258856384605353679E-0002  -0.249932128580779000515E+0002   0.814758193717595524674E+0001
   0.124825067333333324641E+0008   0.119006439888685831840E-0001   0.330955068084316821790E-0005   0.902582530369341829943E-0009  -0.511864835593790720349E-0012   0.131694984360516968991E+0002   0.742815854728580676064E-0002  -0.249918478438341367109E+0002   0.814819353546487334938E+0001
   0.145967710666666664183E+0008   0.137904061110815292363E-0001   0.445636227686106676789E-0005   0.884992149470926206225E-0009  -0.575737806337035691886E-0012   0.131501594276624604873E+0002   0.851052314975282546416E-0002  -0.249904939345509262694E+0002   0.814891131005324886871E+0001
   0.167139297333333324641E+0008   0.156456010118862995362E-0001   0.573062901188336909519E-0005   0.867534213881445596864E-0009  -0.631002460136477251839E-0012   0.131307691780849342678E+0002   0.950450977922724475622E-0002  -0.249891527960520214435E+0002   0.814973315662599695486E+0001
   0.188341253333333320916E+0008   0.174666302959094951741E-0001   0.711505043016221341379E-0005   0.850288968109652655428E-0009  -0.677986022297690350880E-0012   0.131114124899989281658E+0002   0.104079592655672778512E-0001  -0.249878256608977444841E+0002   0.815065649881232623386E+0001
   0.209575050666666664183E+0008   0.192540353021432020242E-0001   0.859302066522829786324E-0005   0.833313434899260763688E-0009  -0.717125295425191499161E-0012   0.130921526746386476248E+0002   0.112206996655574865046E-0001  -0.249865134284059244862E+0002   0.815167844479957715009E+0001
   0.230842206333333328366E+0008   0.210084560107333742640E-0001   0.101488335948643630576E-0004   0.816647467602686001499E-0009  -0.748917827039165565468E-0012   0.130730369401973529619E+0002   0.119438868111020508878E-0001  -0.249852167375583036346E+0002   0.815279590265825504503E+0001
   0.252144281000000014901E+0008   0.227306004283312629299E-0001   0.117677918583235828021E-0004   0.800318143879221132529E-0009  -0.773889232888751228101E-0012   0.130541003083633455617E+0002   0.125795668530718322831E-0001  -0.249839360215360315465E+0002   0.815400566560243511560E+0001
   0.273482878333333358169E+0008   0.244212217296504649489E-0001   0.134362532277685217338E-0004   0.784342984083180370893E-0009  -0.792571482423472597988E-0012   0.130353684926097166397E+0002   0.131303784981956564448E-0001  -0.249826715493381570354E+0002   0.815530447523081924999E+0001
   0.294859643333333358169E+0008   0.260811010127131107095E-0001   0.151416359556630320763E-0004   0.768732341416784482146E-0009  -0.805488625308331116739E-0012   0.130168600515862120659E+0002   0.135993460693761090280E-0001  -0.249814234582191083689E+0002   0.815668906830686779585E+0001
   0.316276261333333365619E+0008   0.277110343658899388464E-0001   0.168723976384355762396E-0004   0.753491189480643565493E-0009  -0.813147589573629355205E-0012   0.129985880149631274350E+0002   0.139897333290692135743E-0001  -0.249801917793036167836E+0002   0.815815621129011958601E+0001
   0.337734456666666716337E+0008   0.293118231123670469618E-0001   0.186179972023748757084E-0004   0.738620469417935754634E-0009  -0.816032451427330245423E-0012   0.129805611238029978693E+0002   0.143049388784001040714E-0001  -0.249789764581446434022E+0002   0.815970272558251252804E+0001
   0.359235991333333402872E+0008   0.308842664826546320356E-0001   0.203688466021450425084E-0004   0.724118111029879396618E-0009  -0.814601090868330955369E-0012   0.129627847845109460678E+0002   0.145484206183070351875E-0001  -0.249777773714077717671E+0002   0.816132550574994475312E+0001
   0.380782663666666746140E+0008   0.324291561361830238397E-0001   0.221162567105924768858E-0004   0.709979810449463314048E-0009  -0.809283487459022606084E-0012   0.129452618077033143607E+0002   0.147236408865971044047E-0001  -0.249765943405475248085E+0002   0.816302153239813499397E+0001
   0.402376307666666731238E+0008   0.339472721435912158650E-0001   0.238523805131205493448E-0004   0.696199624273388543207E-0009  -0.800481140348506287481E-0012   0.129279929834418236823E+0002   0.148340265420691015674E-0001  -0.249754271430727428083E+0002   0.816478788102624264411E+0001
   0.424018791666666716337E+0008   0.354393800034407818744E-0001   0.255701555800837391651E-0004   0.682770425314112264795E-0009  -0.788567252526002865392E-0012   0.129109775322661235464E+0002   0.148829399887483674464E-0001  -0.249742755219464811489E+0002   0.816662172771670213933E+0001
   0.445712017000000029802E+0008   0.369062284941842622121E-0001   0.272632472786093418436E-0004   0.669684252664703735202E-0009  -0.773887427846048360263E-0012   0.128942134600464690664E+0002   0.148736583262552291007E-0001  -0.249731391934374116204E+0002   0.816852035244222562937E+0001
   0.467457917000000029802E+0008   0.383485481917800324903E-0001   0.289259936835185406184E-0004   0.656932580621924987719E-0009  -0.756760702768599560266E-0012   0.128776978379384843265E+0002   0.148093585942048969889E-0001  -0.249720178536793540047E+0002   0.817048114058550645211E+0001
   0.489258456000000014901E+0008   0.397670504812766001379E-0001   0.305533527601690611461E-0004   0.644506525329267007113E-0009  -0.737480787307777295492E-0012   0.128614270240873729279E+0002   0.146931076260550328577E-0001  -0.249709111841710971191E+0002   0.817250158308075214109E+0001
   0.511115628333333358169E+0008   0.411624269488266580908E-0001   0.321408521852803235556E-0004   0.632397003349554549256E-0009  -0.716317426513474200592E-0012   0.128453968396072806257E+0002   0.145278554181346511442E-0001  -0.249698188563871461554E+0002   0.817457927551307150793E+0001
   0.533031458000000044703E+0008   0.425353491076666534454E-0001   0.336845420534159989889E-0004   0.620594852716962940344E-0009  -0.693517819409066260963E-0012   0.128296027080406158660E+0002   0.143164311902804763932E-0001  -0.249687405356030396320E+0002   0.817671191650275908103E+0001
   0.555007997000000029802E+0008   0.438864682624291041479E-0001   0.351809504093466532577E-0004   0.609090925633485516663E-0009  -0.669308052844957649752E-0012   0.128140397672271646456E+0002   0.140615415335334885405E-0001  -0.249676758841481358786E+0002   0.817889730538345993693E+0001
   0.577047325666666701436E+0008   0.452164156689385948740E-0001   0.366270418475928688767E-0004   0.597876157914632970118E-0009  -0.643894517369141499774E-0012   0.127987029570932353550E+0002   0.137657701428786170134E-0001  -0.249666245640146904350E+0002   0.818113333965751898802E+0001
   0.599151551000000014901E+0008   0.465258026974175870061E-0001   0.380201788458933004605E-0004   0.586941621618138284219E-0009  -0.617465287217051420205E-0012   0.127835870907777344740E+0002   0.134315788074215892306E-0001  -0.249655862390979130794E+0002   0.818341801195723483886E+0001
   0.621322807000000029802E+0008   0.478152212128760689680E-0001   0.393580860149935472282E-0004   0.576278563338239248255E-0009  -0.590191447124370579128E-0012   0.127686869099185020815E+0002   0.130613093259545776786E-0001  -0.249645605769403360341E+0002   0.818574940700916009462E+0001
   0.643563253666666671634E+0008   0.490852439438204529720E-0001   0.406388169260896273171E-0004   0.565878432241112848801E-0009  -0.562228360006410509245E-0012   0.127539971293119513973E+0002   0.126571861639487113355E-0001  -0.249635472501987791816E+0002   0.818812569833803749475E+0001
   0.665875077000000029802E+0008   0.503364249591838203157E-0001   0.418607235356438154000E-0004   0.555732899519799007296E-0009  -0.533716867858060477138E-0012   0.127395124716184682256E+0002   0.122213196380833392235E-0001  -0.249625459377720346765E+0002   0.819054514500865415982E+0001
   0.688260488666666746140E+0008   0.515693001582974153152E-0001   0.430224279835296407270E-0004   0.545833871436482409242E-0009  -0.504784425591253420037E-0012   0.127252276948389901889E+0002   0.117557095148782680960E-0001  -0.249615563256956356497E+0002   0.819300608831205323668E+0001
   0.710721725666666775942E+0008   0.527843877823029605789E-0001   0.441227966434553744751E-0004   0.536173497388331484383E-0009  -0.475546164383540675576E-0012   0.127111376138186589202E+0002   0.112622488837689702090E-0001  -0.249605781078249364668E+0002   0.819550694846349969680E+0001
   0.733261051000000089407E+0008   0.539821889905972990276E-0001   0.451609163293454582986E-0004   0.526744173751042753771E-0009  -0.446105886886787397436E-0012   0.126972371162915571574E+0002   0.107427282098940170968E-0001  -0.249596109862957362679E+0002   0.819804622145211148165E+0001
   0.755880752666666805744E+0008   0.551631883505989822902E-0001   0.461360723858920057172E-0004   0.517538545219462684892E-0009  -0.416556997029133552951E-0012   0.126835211761025465904E+0002   0.101988395392567567782E-0001  -0.249586546719069097833E+0002   0.820062247576221636791E+0001
   0.778583144666666835546E+0008   0.563278544328685987219E-0001   0.470477287038860902870E-0004   0.508549503348623587846E-0009  -0.386983363102772990168E-0012   0.126699848620644335284E+0002   0.963218071673013070955E-0002  -0.249577088842907670596E+0002   0.820323434939314743986E+0001
   0.801370566333333551884E+0008   0.574766403115633123244E-0001   0.478955093577635628173E-0004   0.499770183728390049739E-0009  -0.357460121005666642310E-0012   0.126566233453322940505E+0002   0.904425965190881579747E-0002  -0.249567733520496339850E+0002   0.820588054677297584760E+0001
   0.824245383000000268221E+0008   0.586099841249188985293E-0001   0.486791818736276145027E-0004   0.491193961591934832162E-0009  -0.328054417071978730364E-0012   0.126434319039535072449E+0002   0.843649852276213974012E-0002  -0.249558478127502958444E+0002   0.820855983591546767286E+0001
   0.847209987000000327826E+0008   0.597283096373409094770E-0001   0.493986419528163412588E-0004   0.482814446292256564287E-0009  -0.298826094839015908030E-0012   0.126304059256456788773E+0002   0.781023790708422309403E-0002  -0.249549320128360143656E+0002   0.821127104571483990014E+0001
   0.870266796666667014360E+0008   0.608320266887643207321E-0001   0.500538994698455057134E-0004   0.474625475635213032551E-0009  -0.269828331587606939463E-0012   0.126175409104281026629E+0002   0.716674088009973918323E-0002  -0.249540257075631899397E+0002   0.821401306310209378125E+0001
   0.893418258333333730698E+0008   0.619215317753142174828E-0001   0.506450658017501982025E-0004   0.466621109088767879827E-0009  -0.241108222212124873170E-0012   0.126048324705222025699E+0002   0.650719692693566605785E-0002  -0.249531286607729505533E+0002   0.821678483065598541657E+0001
   0.916666845666667073965E+0008   0.629972084836452894674E-0001   0.511723422101738374831E-0004   0.458795621164917978317E-0009  -0.212707319993592619026E-0012   0.125922763309504919249E+0002   0.583272580730103979568E-0002  -0.249522406447348075176E+0002   0.821958534399669282777E+0001
   0.940015061000000387430E+0008   0.640594280039445407304E-0001   0.516360093245957948158E-0004   0.451143494334399465666E-0009  -0.184662132094015849567E-0012   0.125798683283836556512E+0002   0.514438123499471548078E-0002  -0.249513614398853889043E+0002   0.822241364951671727113E+0001
   0.963465435333333760500E+0008   0.651085495628850319250E-0001   0.520364175500441091221E-0004   0.443659412041956144396E-0009  -0.157004576334942031748E-0012   0.125676044102175783479E+0002   0.444315445520574153065E-0002  -0.249504908346007461262E+0002   0.822526884204801511657E+0001
   0.987020529333333820105E+0008   0.661449208854679171488E-0001   0.523739783769516946996E-0004   0.436338251597237347140E-0009  -0.129762399734967541665E-0012   0.125554806327262546972E+0002   0.372997765150754950411E-0002  -0.249496286249175192040E+0002   0.822815006274446147927E+0001
   0.101068293466666713357E+0009   0.671688786523551017993E-0001   0.526491564942970711712E-0004   0.429175076993394529465E-0009  -0.102959562153905084533E-0012   0.125434931587723266233E+0002   0.300572719658978625493E-0002  -0.249487746142349493539E+0002   0.823105649709848030682E+0001
   0.103445527366666719317E+0009   0.681807488668493000272E-0001   0.528624626172782962762E-0004   0.422165132189537382370E-0009  -0.766165897346214497750E-0013   0.125316382561528048001E+0002   0.227122680591623857943E-0002  -0.249479286130750992356E+0002   0.823398737284152915095E+0001
   0.105834020100000053644E+0009   0.691808472926188355867E-0001   0.530144470168767117501E-0004   0.415303834232069378621E-0009  -0.507508966555873812791E-0013   0.125199122947640528736E+0002   0.152725048583170295441E-0002  -0.249470904387697594018E+0002   0.823694195817619423394E+0001
   0.108234040433333382010E+0009   0.701694798304321465388E-0001   0.531056936498810241423E-0004   0.408586766614328211597E-0009  -0.253770807515440611540E-0013   0.125083117441781261903E+0002   0.774525368583803427124E-0003  -0.249462599151861468272E+0002   0.823991955996828906450E+0001
   0.110645860466666713357E+0009   0.711469428658969560431E-0001   0.531368148547819239944E-0004   0.402009672969091260660E-0009  -0.507194185616015268383E-0015   0.124968331713001443717E+0002   0.137344153815683793854E-0004  -0.249454368724702781890E+0002   0.824291952197608779329E+0001
   0.113069755833333373070E+0009   0.721135236696079651164E-0001   0.531084465659462906626E-0004   0.395568450663303862012E-0009   0.238490106525602264319E-0013   0.124854732371910337463E+0002  -0.754481069020994095202E-0003  -0.249446211467383598404E+0002   0.824594122336332802092E+0001
   0.115506005700000032783E+0009   0.730695006999045049145E-0001   0.530212439906301352872E-0004   0.389259144867805189578E-0009   0.476838544871117943930E-0013   0.124742286948420382231E+0002  -0.152951899273393444705E-0002  -0.249438125798455452298E+0002   0.824898407703571656668E+0001
   0.117954892933333367109E+0009   0.740151439582554249164E-0001   0.528758777157498031777E-0004   0.383077942680694265363E-0009   0.709915258414823505356E-0013   0.124630963861669474824E+0002  -0.231081421452623793009E-0002  -0.249430110191071712222E+0002   0.825204752825482046319E+0001
   0.120416411800000026822E+0009   0.749506047943283570945E-0001   0.526730576341872806681E-0004   0.377021659074604778407E-0009   0.937651793241143618294E-0013   0.124520745403113295424E+0002  -0.309774358381988048489E-0002  -0.249422164111851856205E+0002   0.825513068576848318969E+0001
   0.122890698700000032783E+0009   0.758760848176023572353E-0001   0.524135123279862631955E-0004   0.371087173520406411549E-0009   0.116001110248666400690E-0012   0.124411607884877444263E+0002  -0.388976091462649165020E-0002  -0.249414286590411826694E+0002   0.825823286068691864159E+0001
   0.125378031266666695476E+0009   0.767918318532341270810E-0001   0.520979697881705916128E-0004   0.365271133003673790739E-0009   0.137698268982725295506E-0012   0.124303522120757463654E+0002  -0.468639433914856511076E-0002  -0.249406476246338257852E+0002   0.826135356534385500993E+0001
   0.127878690966666698456E+0009   0.776980865604637860322E-0001   0.517271614014199403826E-0004   0.359570200777392344490E-0009   0.158856790049108725924E-0012   0.124196459705563757581E+0002  -0.548720109855408387511E-0002  -0.249398731742324315519E+0002   0.826449233968129881589E+0001
   0.130392963500000029802E+0009   0.785950826741711461310E-0001   0.513018196009948289587E-0004   0.353981156690004104629E-0009   0.179477909026549852334E-0012   0.124090392985102830892E+0002  -0.629176626266076538530E-0002  -0.249391051783077450921E+0002   0.826764875045249780783E+0001
   0.132921138833333358169E+0009   0.794830472266781218327E-0001   0.508226757810517187344E-0004   0.348500892483236958701E-0009   0.199563830170796882421E-0012   0.123985295035598781510E+0002  -0.709970106622546861391E-0002  -0.249383435113616442891E+0002   0.827082239001535235445E+0001
   0.135463511333333373070E+0009   0.803622007951103889400E-0001   0.502904584272035749923E-0004   0.343126407427025098041E-0009   0.219117617341964939974E-0012   0.123881139639423842880E+0002  -0.791064137204046044505E-0002  -0.249375880517363661681E+0002   0.827401287530003948234E+0001
   0.138020379900000035763E+0009   0.812327577375488163458E-0001   0.497058914524516645521E-0004   0.337854804070209574293E-0009   0.238143094756428088318E-0012   0.123777901261570075775E+0002  -0.872424622278762662564E-0002  -0.249368386814343949709E+0002   0.827721984682259304122E+0001
   0.140592048066666692495E+0009   0.820949264072868001296E-0001   0.490696927287005542026E-0004   0.332683284218530252171E-0009   0.256644756547605007891E-0012   0.123675555028189805284E+0002  -0.954019646661130767129E-0002  -0.249360952859583164809E+0002   0.828044296770015897380E+0001
   0.143178824066666692495E+0009   0.829489093468518678964E-0001   0.483825728013500039782E-0004   0.327609145145492162322E-0009   0.274627684380242315950E-0012   0.123574076707063582603E+0002  -0.103581934511687862727E-0001  -0.249353577541694519937E+0002   0.828368192266594860484E+0001
   0.145781021000000029802E+0009   0.837949035065057301619E-0001   0.476452337361224660933E-0004   0.322629775854803825338E-0009   0.292097473663646598209E-0012   0.123473442684801142377E+0002  -0.111779578278620832232E-0001  -0.249346259781266077482E+0002   0.828693641724914442648E+0001
   0.148398956933333367109E+0009   0.846331004311382528726E-0001   0.468583681234762254608E-0004   0.317742653523036466058E-0009   0.309060165728952725104E-0012   0.123373629947344642943E+0002  -0.119992284007351211056E-0001  -0.249338998529530826431E+0002   0.829020617690834704661E+0001
   0.151032955066666692495E+0009   0.854636864600024082073E-0001   0.460226581922835271347E-0004   0.312945340059227127741E-0009   0.325522187199076056164E-0012   0.123274616058660608786E+0002  -0.128217610666151362458E-0001  -0.249331792766937141437E+0002   0.829349094628373428861E+0001
   0.153683343766666680574E+0009   0.862868428757502248239E-0001   0.451387750818053651216E-0004   0.308235478928700644676E-0009   0.341490294000896804359E-0012   0.123176379145154619721E+0002  -0.136453277756979872437E-0001  -0.249324641502168091733E+0002   0.829679048831595800095E+0001
   0.156350456800000011921E+0009   0.871027461088632881658E-0001   0.442073781571046618265E-0004   0.303610791962484713468E-0009   0.356971522176308023001E-0012   0.123078897873215478143E+0002  -0.144697156138082917015E-0001  -0.249317543770689233895E+0002   0.830010458364660408392E+0001
   0.159034633433333337307E+0009   0.879115678916364273743E-0001   0.432291144602512566108E-0004   0.299069076339690963643E-0009   0.371973142379605554040E-0012   0.122982151432521007450E+0002  -0.152947258983048735292E-0001  -0.249310498633740529328E+0002   0.830343302988160480993E+0001
   0.161736218500000000000E+0009   0.887134753956881905168E-0001   0.422046182646689647011E-0004   0.294608201813972470099E-0009   0.386502618711281763804E-0012   0.122886119521098731155E+0002  -0.161201733167552208048E-0001  -0.249303505177480317911E+0002   0.830677564084200525940E+0001
   0.164455562599999994040E+0009   0.895086314029022722671E-0001   0.411345106606126080170E-0004   0.290226107934685965460E-0009   0.400567572430830828846E-0012   0.122790782326188807616E+0002  -0.169458851556725971499E-0001  -0.249296562511842552112E+0002   0.831013224600722288926E+0001
   0.167193022299999982119E+0009   0.902971944679050175786E-0001   0.400193992063387733119E-0004   0.285920801318637956358E-0009   0.414175749128518502387E-0012   0.122696120505926185018E+0002  -0.177717005745368951397E-0001  -0.249289669769471480265E+0002   0.831350268998232166950E+0001
   0.169948960133333325386E+0009   0.910793190159008003715E-0001   0.388598777247945741564E-0004   0.281690353241768067214E-0009   0.427334988038459347900E-0012   0.122602115178603199297E+0002  -0.185974698628576275150E-0001  -0.249282826105224160074E+0002   0.831688683174212073368E+0001
   0.172723744900000005960E+0009   0.918551555210944947749E-0001   0.376565260378984619362E-0004   0.277532897152473461210E-0009   0.440053196328532655903E-0012   0.122508747902131638341E+0002  -0.194230538284422306339E-0001  -0.249276030694972092761E+0002   0.832028454426778552033E+0001
   0.175517751700000017881E+0009   0.926248506021930539944E-0001   0.364099098622911105435E-0004   0.273446626382743630277E-0009   0.452338324294358100704E-0012   0.122416000663255282177E+0002  -0.202483231431993537797E-0001  -0.249269282735128925310E+0002   0.832369571387561890674E+0001
   0.178331362166666686535E+0009   0.933885471686624335508E-0001   0.351205806685816476027E-0004   0.269429791919787471965E-0009   0.464198344534666774623E-0012   0.122323855860603227796E+0002  -0.210731577862812193003E-0001  -0.249262581441733708232E+0002   0.832712023981138216300E+0001
   0.181164964600000023842E+0009   0.941463845328127657552E-0001   0.337890756255317136793E-0004   0.265480700261288119447E-0009   0.475641232297145511725E-0012   0.122232296291781494801E+0002  -0.218974464838687793433E-0001  -0.249255926049833256286E+0002   0.833055803373992986849E+0001
   0.184018954133333355188E+0009   0.948984985255544311045E-0001   0.324159175683117980506E-0004   0.261597711384407927056E-0009   0.486674948765727795750E-0012   0.122141305139766505050E+0002  -0.227210862000993586707E-0001  -0.249249315812831717665E+0002   0.833400901929291038073E+0001
   0.186893732900000035763E+0009   0.956450216066574709917E-0001   0.310016150014187996469E-0004   0.257779236789054939471E-0009   0.497307425682049952784E-0012   0.122050865959966348129E+0002  -0.235439816506643889715E-0001  -0.249242750001886719247E+0002   0.833747313163241088319E+0001
   0.189789710233333379030E+0009   0.963860829782418881972E-0001   0.295466621160550323231E-0004   0.254023737600144140691E-0009   0.507546552037302248898E-0012   0.121960962666775536434E+0002  -0.243660448546797331337E-0001  -0.249236227905274070338E+0002   0.834095031706955580830E+0001
   0.192707302800000041723E+0009   0.971218086758051657448E-0001   0.280515388685718478480E-0004   0.250329722790081753624E-0009   0.517400161958387832343E-0012   0.121871579522751734004E+0002  -0.251871946937182247805E-0001  -0.249229748827947190648E+0002   0.834444053261652207709E+0001
   0.195646934800000041723E+0009   0.978523216716836174989E-0001   0.265167110518902478418E-0004   0.246695747459563911701E-0009   0.526876024284514619655E-0012   0.121782701126246806211E+0002  -0.260073565116390320595E-0001  -0.249223312090983490918E+0002   0.834794374563196228678E+0001
   0.198609038200000047684E+0009   0.985777419814255206898E-0001   0.249426303705141554664E-0004   0.243120411137115779350E-0009   0.535981833656272088611E-0012   0.121694312398545161358E+0002  -0.268264617490816814627E-0001  -0.249216917031001230498E+0002   0.835145993351730808740E+0001
   0.201594052833333373070E+0009   0.992981867324378708606E-0001   0.233297346064026887532E-0004   0.239602356237358618716E-0009   0.544725201994188364813E-0012   0.121606398575561005515E+0002  -0.276444475595060065731E-0001  -0.249210562999904148285E+0002   0.835498908326518829881E+0001
   0.204602426700000047684E+0009   0.100013770277250918506E+0000   0.216784476974165584719E-0004   0.236140266504503927617E-0009   0.553113652081423851514E-0012   0.121518945194028056278E+0002  -0.284612565007172635401E-0001  -0.249204249364228438424E+0002   0.835853119125569143932E+0001
   0.207634616066666722298E+0009   0.100724604253606186965E+0000   0.199891799393384008311E-0004   0.232732865573671520002E-0009   0.561154611039513395075E-0012   0.121431938084110413456E+0002  -0.292768361894989032068E-0001  -0.249197975504953070924E+0002   0.836208626282450673273E+0001
   0.210691085766666710377E+0009   0.101430797688147472657E+0000   0.182623280940430691847E-0004   0.229378915549085218678E-0009   0.568855405680075622749E-0012   0.121345363356631867902E+0002  -0.300911390278194024184E-0001  -0.249191740816920699331E+0002   0.836565431207558241056E+0001
   0.213772309366666704416E+0009   0.102132457063877607473E+0000   0.164982755835614711625E-0004   0.226077215646321873309E-0009   0.576223257824060692070E-0012   0.121259207394656609580E+0002  -0.309041219071997663725E-0001  -0.249185544708572095374E+0002   0.836923536154364100526E+0001
   0.216878769400000035763E+0009   0.102829686399202008262E+0000   0.146973926594239609928E-0004   0.222826600911265767192E-0009   0.583265280954561417802E-0012   0.121173456843678959416E+0002  -0.317157459508535174986E-0001  -0.249179386601573078508E+0002   0.837282944194179989950E+0001
   0.220010957600000023842E+0009   0.103522587322659898046E+0000   0.128600365824556271146E-0004   0.219625940965061543334E-0009   0.589988477012642432387E-0012   0.121088098602173399598E+0002  -0.325259762619095685321E-0001  -0.249173265930474521213E+0002   0.837643659191462397473E+0001
   0.223169375066666692495E+0009   0.104211259129043165572E+0000   0.109865518519731348896E-0004   0.216474138846140446022E-0009   0.596399733898951207596E-0012   0.121003119814464099591E+0002  -0.333347816722824805136E-0001  -0.249167182142528993438E+0002   0.838005685771973674036E+0001
   0.226354532633333355188E+0009   0.104895798875583090570E+0000   0.907727032566344970680E-0005   0.213370129812852473462E-0009   0.602505824060858227319E-0012   0.120918507858594423965E+0002  -0.341421345536367035201E-0001  -0.249161134697148689554E+0002   0.838369029314373825912E+0001
   0.229566950966666698456E+0009   0.105576301415778145421E+0000   0.713251150522813606313E-0005   0.210312880274100723559E-0009   0.608313402466801628329E-0012   0.120834250341837812215E+0002  -0.349480105708523738905E-0001  -0.249155123065908483682E+0002   0.838733695911535548362E+0001
   0.232807160933333367109E+0009   0.106252859487402873118E+0000   0.515258267092978937971E-0005   0.207301386722448156692E-0009   0.613829006151598679719E-0012   0.120750335089489233553E+0002  -0.357523885138840216702E-0001  -0.249149146732063435650E+0002   0.839099692362711380156E+0001
   0.236075703800000041723E+0009   0.106925563760726760609E+0000   0.313777912207657275271E-0005   0.204334674703051463676E-0009   0.619059053280602799209E-0012   0.120666750138484371035E+0002  -0.365552500965272003652E-0001  -0.249143205190412118100E+0002   0.839467026146847850043E+0001
   0.239373131533333361149E+0009   0.107594502904250627351E+0000   0.108838436348843875003E-0005   0.201411797840843260555E-0009   0.624009843053966888819E-0012   0.120583483728862841389E+0002  -0.373565797891860090774E-0001  -0.249137297946999431986E+0002   0.839835705407428534386E+0001
   0.242700007000000029802E+0009   0.108259763626413402227E+0000  -0.995329640293582013923E-0006   0.198531836925110097196E-0009   0.628687555505331282515E-0012   0.120500524298191535877E+0002  -0.381563646352693422448E-0001  -0.249131424519025763686E+0002   0.840205738926199785510E+0001
   0.246056904366666704416E+0009   0.108921430754227888116E+0000  -0.311310233003785949261E-0005   0.195693898970198059258E-0009   0.633098252203442643273E-0012   0.120417860471270188327E+0002  -0.389545941235700798888E-0001  -0.249125584434423572588E+0002   0.840577136119281220772E+0001
   0.249444409300000041723E+0009   0.109579587267828792996E+0000  -0.526468428735380654599E-0005   0.192897116348073145980E-0009   0.637247876420659600176E-0012   0.120335481055346864565E+0002  -0.397512600189439541110E-0001  -0.249119777231818240182E+0002   0.840949907010872443891E+0001
   0.252863119300000041723E+0009   0.110234314358409385415E+0000  -0.744983704824314413897E-0005   0.190140645966481530197E-0009   0.641142254093059831372E-0012   0.120253375032365728003E+0002  -0.405463562315979894612E-0001  -0.249114002460276715567E+0002   0.841324062221759660929E+0001
   0.256313644000000029802E+0009   0.110885691475975045606E+0000  -0.966833289141046816717E-0005   0.187423668453992348796E-0009   0.644787094708704006673E-0012   0.120171531552444683655E+0002  -0.413398786840315918267E-0001  -0.249108259679139649734E+0002   0.841699612953934916959E+0001
