   0.194999999999999976717E+0007   0.999222464194792312136E-0009   0.538768829462775955200E+0011   0.000000000000000000000E+0000   0.000000000000000000000E+0000   0.000000000000000000000E+0000   0.000000000000000000000E+0000
   0.405170859999999962747E+0007   0.998119394508229086218E-0009   0.528273388200510253906E+0011   0.000000000000000000000E+0000   0.000000000000000000000E+0000   0.000000000000000000000E+0000   0.000000000000000000000E+0000
   0.615572539999999944121E+0007   0.996989584557654620207E-0009   0.518459676340570678711E+0011   0.000000000000000000000E+0000   0.000000000000000000000E+0000   0.000000000000000000000E+0000   0.000000000000000000000E+0000
   0.826211446666666585952E+0007   0.995810524856395302898E-0009   0.508966285258287734985E+0011   0.000000000000000000000E+0000   0.000000000000000000000E+0000   0.000000000000000000000E+0000   0.000000000000000000000E+0000
   0.103709988666666653007E+0008   0.994573944821963337611E-0009   0.499656174923752059937E+0011   0.000000000000000000000E+0000   0.000000000000000000000E+0000   0.000000000000000000000E+0000   0.000000000000000000000E+0000
   0.124825067333333324641E+0008   0.993277922293063715572E-0009   0.490465537959158630371E+0011   0.000000000000000000000E+0000   0.000000000000000000000E+0000   0.000000000000000000000E+0000   0.000000000000000000000E+0000
   0.145967710666666664183E+0008   0.991920652120500892547E-0009   0.481362983163860626221E+0011   0.000000000000000000000E+0000   0.000000000000000000000E+0000   0.000000000000000000000E+0000   0.000000000000000000000E+0000
   0.167139297333333324641E+0008   0.990500432728512630506E-0009   0.472333756482622909546E+0011   0.000000000000000000000E+0000   0.000000000000000000000E+0000   0.000000000000000000000E+0000   0.000000000000000000000E+0000
   0.188341253333333320916E+0008   0.989015664527475956190E-0009   0.463372577576605606079E+0011   0.000000000000000000000E+0000   0.000000000000000000000E+0000   0.000000000000000000000E+0000   0.000000000000000000000E+0000
   0.209575050666666664183E+0008   0.987464851324731731434E-0009   0.454479927171502456665E+0011   0.000000000000000000000E+0000   0.000000000000000000000E+0000   0.000000000000000000000E+0000   0.000000000000000000000E+0000
   0.230842206333333328366E+0008   0.985846602356152438504E-0009   0.445659912294126129150E+0011   0.000000000000000000000E+0000   0.000000000000000000000E+0000   0.000000000000000000000E+0000   0.000000000000000000000E+0000
   0.252144281000000014901E+0008   0.984159634288135777004E-0009   0.436918933463266754150E+0011   0.000000000000000000000E+0000   0.000000000000000000000E+0000   0.000000000000000000000E+0000   0.000000000000000000000E+0000
   0.273482878333333358169E+0008   0.982402772867342362951E-0009   0.428264796397014389038E+0011   0.000000000000000000000E+0000   0.000000000000000000000E+0000   0.000000000000000000000E+0000   0.000000000000000000000E+0000
   0.294859643333333358169E+0008   0.980574954205030734942E-0009   0.419706089086545791626E+0011   0.000000000000000000000E+0000   0.000000000000000000000E+0000   0.000000000000000000000E+0000   0.000000000000000000000E+0000
   0.316276261333333365619E+0008   0.978675225539052205338E-0009   0.411251728281631240845E+0011   0.000000000000000000000E+0000   0.000000000000000000000E+0000   0.000000000000000000000E+0000   0.000000000000000000000E+0000
   0.337734456666666716337E+0008   0.976702745468870656669E-0009   0.402910620604126968384E+0011   0.000000000000000000000E+0000   0.000000000000000000000E+0000   0.000000000000000000000E+0000   0.000000000000000000000E+0000
   0.359235991333333402872E+0008   0.974656783632590491852E-0009   0.394691405896821899414E+0011   0.000000000000000000000E+0000   0.000000000000000000000E+0000   0.000000000000000000000E+0000   0.000000000000000000000E+0000
   0.380782663666666746140E+0008   0.972536719802047513832E-0009   0.386602262498062591553E+0011   0.000000000000000000000E+0000   0.000000000000000000000E+0000   0.000000000000000000000E+0000   0.000000000000000000000E+0000
   0.402376307666666731238E+0008   0.970342042352425323895E-0009   0.378650760970659408569E+0011   0.000000000000000000000E+0000   0.000000000000000000000E+0000   0.000000000000000000000E+0000   0.000000000000000000000E+0000
   0.424018791666666716337E+0008   0.968072346211177654394E-0009   0.370843757087593765259E+0011   0.000000000000000000000E+0000   0.000000000000000000000E+0000   0.000000000000000000000E+0000   0.000000000000000000000E+0000
   0.445712017000000029802E+0008   0.965727330291770208269E-0009   0.363187317631724166870E+0011   0.000000000000000000000E+0000   0.000000000000000000000E+0000   0.000000000000000000000E+0000   0.000000000000000000000E+0000
   0.467457917000000029802E+0008   0.963306794424407350633E-0009   0.355686673650303115845E+0011   0.000000000000000000000E+0000   0.000000000000000000000E+0000   0.000000000000000000000E+0000   0.000000000000000000000E+0000
   0.489258456000000014901E+0008   0.960810635848274286745E-0009   0.348346196802423400879E+0011   0.000000000000000000000E+0000   0.000000000000000000000E+0000   0.000000000000000000000E+0000   0.000000000000000000000E+0000
   0.511115628333333358169E+0008   0.958238845341194337844E-0009   0.341169395246593666077E+0011   0.000000000000000000000E+0000   0.000000000000000000000E+0000   0.000000000000000000000E+0000   0.000000000000000000000E+0000
   0.533031458000000044703E+0008   0.955591502982261216117E-0009   0.334158926047103996277E+0011   0.000000000000000000000E+0000   0.000000000000000000000E+0000   0.000000000000000000000E+0000   0.000000000000000000000E+0000
   0.555007997000000029802E+0008   0.952868773794113832190E-0009   0.327316620885307617188E+0011   0.000000000000000000000E+0000   0.000000000000000000000E+0000   0.000000000000000000000E+0000   0.000000000000000000000E+0000
   0.577047325666666701436E+0008   0.950070903057228819878E-0009   0.320643523057545661926E+0011   0.000000000000000000000E+0000   0.000000000000000000000E+0000   0.000000000000000000000E+0000   0.000000000000000000000E+0000
   0.599151551000000014901E+0008   0.947198211677173506436E-0009   0.314139932538417167664E+0011   0.000000000000000000000E+0000   0.000000000000000000000E+0000   0.000000000000000000000E+0000   0.000000000000000000000E+0000
   0.621322807000000029802E+0008   0.944251091363270388553E-0009   0.307805457959530677795E+0011   0.000000000000000000000E+0000   0.000000000000000000000E+0000   0.000000000000000000000E+0000   0.000000000000000000000E+0000
   0.643563253666666671634E+0008   0.941229999912818746693E-0009   0.301639072580380592346E+0011   0.000000000000000000000E+0000   0.000000000000000000000E+0000   0.000000000000000000000E+0000   0.000000000000000000000E+0000
   0.665875077000000029802E+0008   0.938135456500448087964E-0009   0.295639173413983917236E+0011   0.000000000000000000000E+0000   0.000000000000000000000E+0000   0.000000000000000000000E+0000   0.000000000000000000000E+0000
   0.688260488666666746140E+0008   0.934968037093344076378E-0009   0.289803641296710891724E+0011   0.000000000000000000000E+0000   0.000000000000000000000E+0000   0.000000000000000000000E+0000   0.000000000000000000000E+0000
   0.710721725666666775942E+0008   0.931728370030834010071E-0009   0.284129901307712669373E+0011   0.000000000000000000000E+0000   0.000000000000000000000E+0000   0.000000000000000000000E+0000   0.000000000000000000000E+0000
   0.733261051000000089407E+0008   0.928417131680637362227E-0009   0.278614981893118743896E+0011   0.000000000000000000000E+0000   0.000000000000000000000E+0000   0.000000000000000000000E+0000   0.000000000000000000000E+0000
   0.755880752666666805744E+0008   0.925035042462428871558E-0009   0.273255572018081665039E+0011   0.000000000000000000000E+0000   0.000000000000000000000E+0000   0.000000000000000000000E+0000   0.000000000000000000000E+0000
   0.778583144666666835546E+0008   0.921582862926966559836E-0009   0.268048076001037940979E+0011   0.000000000000000000000E+0000   0.000000000000000000000E+0000   0.000000000000000000000E+0000   0.000000000000000000000E+0000
   0.801370566333333551884E+0008   0.918061390206976533609E-0009   0.262988664884547119141E+0011   0.000000000000000000000E+0000   0.000000000000000000000E+0000   0.000000000000000000000E+0000   0.000000000000000000000E+0000
   0.824245383000000268221E+0008   0.914471454616906411324E-0009   0.258073324631142272949E+0011   0.000000000000000000000E+0000   0.000000000000000000000E+0000   0.000000000000000000000E+0000   0.000000000000000000000E+0000
   0.847209987000000327826E+0008   0.910813916416941620668E-0009   0.253297900306715431213E+0011   0.000000000000000000000E+0000   0.000000000000000000000E+0000   0.000000000000000000000E+0000   0.000000000000000000000E+0000
   0.870266796666667014360E+0008   0.907089663054642295643E-0009   0.248658136342012825012E+0011   0.000000000000000000000E+0000   0.000000000000000000000E+0000   0.000000000000000000000E+0000   0.000000000000000000000E+0000
   0.893418258333333730698E+0008   0.903299606359268441128E-0009   0.244149713325448303223E+0011   0.000000000000000000000E+0000   0.000000000000000000000E+0000   0.000000000000000000000E+0000   0.000000000000000000000E+0000
   0.916666845666667073965E+0008   0.899444680189637370563E-0009   0.239768280435304260254E+0011   0.000000000000000000000E+0000   0.000000000000000000000E+0000   0.000000000000000000000E+0000   0.000000000000000000000E+0000
   0.940015061000000387430E+0008   0.895525838160144851835E-0009   0.235509484421991920471E+0011   0.000000000000000000000E+0000   0.000000000000000000000E+0000   0.000000000000000000000E+0000   0.000000000000000000000E+0000
   0.963465435333333760500E+0008   0.891544051672731927406E-0009   0.231368994898919067383E+0011   0.000000000000000000000E+0000   0.000000000000000000000E+0000   0.000000000000000000000E+0000   0.000000000000000000000E+0000
   0.987020529333333820105E+0008   0.887500308077199973421E-0009   0.227342526397526206970E+0011   0.000000000000000000000E+0000   0.000000000000000000000E+0000   0.000000000000000000000E+0000   0.000000000000000000000E+0000
   0.101068293466666713357E+0009   0.883395608938189871631E-0009   0.223425856991512184143E+0011   0.000000000000000000000E+0000   0.000000000000000000000E+0000   0.000000000000000000000E+0000   0.000000000000000000000E+0000
   0.103445527366666719317E+0009   0.879230968669249254698E-0009   0.219614844132257957458E+0011   0.000000000000000000000E+0000   0.000000000000000000000E+0000   0.000000000000000000000E+0000   0.000000000000000000000E+0000
   0.105834020100000053644E+0009   0.875007413147548171271E-0009   0.215905437962150611877E+0011   0.000000000000000000000E+0000   0.000000000000000000000E+0000   0.000000000000000000000E+0000   0.000000000000000000000E+0000
   0.108234040433333382010E+0009   0.870725978515781174188E-0009   0.212293691816328392029E+0011   0.000000000000000000000E+0000   0.000000000000000000000E+0000   0.000000000000000000000E+0000   0.000000000000000000000E+0000
   0.110645860466666713357E+0009   0.866387710202530393391E-0009   0.208775770810998764038E+0011   0.000000000000000000000E+0000   0.000000000000000000000E+0000   0.000000000000000000000E+0000   0.000000000000000000000E+0000
   0.113069755833333373070E+0009   0.861993661864854916302E-0009   0.205347958453333625793E+0011   0.000000000000000000000E+0000   0.000000000000000000000E+0000   0.000000000000000000000E+0000   0.000000000000000000000E+0000
   0.115506005700000032783E+0009   0.857544894619316910417E-0009   0.202006661274331321716E+0011   0.000000000000000000000E+0000   0.000000000000000000000E+0000   0.000000000000000000000E+0000   0.000000000000000000000E+0000
   0.117954892933333367109E+0009   0.853143244954866433742E-0009   0.198748412236814651489E+0011   0.000000000000000000000E+0000   0.000000000000000000000E+0000   0.000000000000000000000E+0000   0.000000000000000000000E+0000
   0.120416411800000026822E+0009   0.848740399583353810119E-0009   0.195569896124373588562E+0011   0.000000000000000000000E+0000   0.000000000000000000000E+0000   0.000000000000000000000E+0000   0.000000000000000000000E+0000
   0.122890698700000032783E+0009   0.844288518379837017721E-0009   0.192468260110574760437E+0011   0.000000000000000000000E+0000   0.000000000000000000000E+0000   0.000000000000000000000E+0000   0.000000000000000000000E+0000
   0.125378031266666695476E+0009   0.839788548334971459162E-0009   0.189440567920204162598E+0011   0.000000000000000000000E+0000   0.000000000000000000000E+0000   0.000000000000000000000E+0000   0.000000000000000000000E+0000
   0.127878690966666698456E+0009   0.835241373428876849862E-0009   0.186483840970431861877E+0011   0.000000000000000000000E+0000   0.000000000000000000000E+0000   0.000000000000000000000E+0000   0.000000000000000000000E+0000
   0.130392963500000029802E+0009   0.830647886156141252254E-0009   0.183595228311576423645E+0011   0.000000000000000000000E+0000   0.000000000000000000000E+0000   0.000000000000000000000E+0000   0.000000000000000000000E+0000
   0.132921138833333358169E+0009   0.826008987869643453686E-0009   0.180772003840816841125E+0011   0.000000000000000000000E+0000   0.000000000000000000000E+0000   0.000000000000000000000E+0000   0.000000000000000000000E+0000
   0.135463511333333373070E+0009   0.821325588353464106523E-0009   0.178011563496105461121E+0011   0.000000000000000000000E+0000   0.000000000000000000000E+0000   0.000000000000000000000E+0000   0.000000000000000000000E+0000
   0.138020379900000035763E+0009   0.816598605367208885889E-0009   0.175311421974054145813E+0011   0.000000000000000000000E+0000   0.000000000000000000000E+0000   0.000000000000000000000E+0000   0.000000000000000000000E+0000
   0.140592048066666692495E+0009   0.811828964259617226104E-0009   0.172669209099837799072E+0011   0.000000000000000000000E+0000   0.000000000000000000000E+0000   0.000000000000000000000E+0000   0.000000000000000000000E+0000
   0.143178824066666692495E+0009   0.807017597655457294836E-0009   0.170082666058290634155E+0011   0.000000000000000000000E+0000   0.000000000000000000000E+0000   0.000000000000000000000E+0000   0.000000000000000000000E+0000
   0.145781021000000029802E+0009   0.802165445065024262272E-0009   0.167549641508171424866E+0011   0.000000000000000000000E+0000   0.000000000000000000000E+0000   0.000000000000000000000E+0000   0.000000000000000000000E+0000
   0.148398956933333367109E+0009   0.797273452529370084416E-0009   0.165068087460812091827E+0011   0.000000000000000000000E+0000   0.000000000000000000000E+0000   0.000000000000000000000E+0000   0.000000000000000000000E+0000
   0.151032955066666692495E+0009   0.792342572238989991114E-0009   0.162636055190811080933E+0011   0.000000000000000000000E+0000   0.000000000000000000000E+0000   0.000000000000000000000E+0000   0.000000000000000000000E+0000
   0.153683343766666680574E+0009   0.787373762284094694566E-0009   0.160251691090962848663E+0011   0.000000000000000000000E+0000   0.000000000000000000000E+0000   0.000000000000000000000E+0000   0.000000000000000000000E+0000
   0.156350456800000011921E+0009   0.782367986256625982682E-0009   0.157913232629933013916E+0011   0.000000000000000000000E+0000   0.000000000000000000000E+0000   0.000000000000000000000E+0000   0.000000000000000000000E+0000
   0.159034633433333337307E+0009   0.777326212899937974844E-0009   0.155619004202866001129E+0011   0.000000000000000000000E+0000   0.000000000000000000000E+0000   0.000000000000000000000E+0000   0.000000000000000000000E+0000
   0.161736218500000000000E+0009   0.772249415890023256128E-0009   0.153367413181963901520E+0011   0.000000000000000000000E+0000   0.000000000000000000000E+0000   0.000000000000000000000E+0000   0.000000000000000000000E+0000
   0.164455562599999994040E+0009   0.767138573483475975538E-0009   0.151156946054192733765E+0011   0.000000000000000000000E+0000   0.000000000000000000000E+0000   0.000000000000000000000E+0000   0.000000000000000000000E+0000
   0.167193022299999982119E+0009   0.761994668088087087188E-0009   0.148986164562771873474E+0011   0.000000000000000000000E+0000   0.000000000000000000000E+0000   0.000000000000000000000E+0000   0.000000000000000000000E+0000
   0.169948960133333325386E+0009   0.756818686081108840618E-0009   0.146853701999964923859E+0011   0.000000000000000000000E+0000   0.000000000000000000000E+0000   0.000000000000000000000E+0000   0.000000000000000000000E+0000
   0.172723744900000005960E+0009   0.751611617400734988271E-0009   0.144758259725986099243E+0011   0.000000000000000000000E+0000   0.000000000000000000000E+0000   0.000000000000000000000E+0000   0.000000000000000000000E+0000
   0.175517751700000017881E+0009   0.746374455269296477434E-0009   0.142698603634189777374E+0011   0.000000000000000000000E+0000   0.000000000000000000000E+0000   0.000000000000000000000E+0000   0.000000000000000000000E+0000
   0.178331362166666686535E+0009   0.741108195856382529798E-0009   0.140673560925591964722E+0011   0.000000000000000000000E+0000   0.000000000000000000000E+0000   0.000000000000000000000E+0000   0.000000000000000000000E+0000
   0.181164964600000023842E+0009   0.735813837935679387663E-0009   0.138682016880507774353E+0011   0.000000000000000000000E+0000   0.000000000000000000000E+0000   0.000000000000000000000E+0000   0.000000000000000000000E+0000
   0.184018954133333355188E+0009   0.730492382573589442687E-0009   0.136722911843941097260E+0011   0.000000000000000000000E+0000   0.000000000000000000000E+0000   0.000000000000000000000E+0000   0.000000000000000000000E+0000
   0.186893732900000035763E+0009   0.725144832801614773745E-0009   0.134795238323210639954E+0011   0.000000000000000000000E+0000   0.000000000000000000000E+0000   0.000000000000000000000E+0000   0.000000000000000000000E+0000
   0.189789710233333379030E+0009   0.719772193255772574316E-0009   0.132898038215672569275E+0011   0.000000000000000000000E+0000   0.000000000000000000000E+0000   0.000000000000000000000E+0000   0.000000000000000000000E+0000
   0.192707302800000041723E+0009   0.714375469877382004626E-0009   0.131030400163577308655E+0011   0.000000000000000000000E+0000   0.000000000000000000000E+0000   0.000000000000000000000E+0000   0.000000000000000000000E+0000
   0.195646934800000041723E+0009   0.708955669588181251258E-0009   0.129191457064923038483E+0011   0.000000000000000000000E+0000   0.000000000000000000000E+0000   0.000000000000000000000E+0000   0.000000000000000000000E+0000
   0.198609038200000047684E+0009   0.703513799890033011843E-0009   0.127380383673008060455E+0011   0.000000000000000000000E+0000   0.000000000000000000000E+0000   0.000000000000000000000E+0000   0.000000000000000000000E+0000
   0.201594052833333373070E+0009   0.698050868599582325348E-0009   0.125596394322561092377E+0011   0.000000000000000000000E+0000   0.000000000000000000000E+0000   0.000000000000000000000E+0000   0.000000000000000000000E+0000
   0.204602426700000047684E+0009   0.692567883457696938610E-0009   0.123838740811563129425E+0011   0.000000000000000000000E+0000   0.000000000000000000000E+0000   0.000000000000000000000E+0000   0.000000000000000000000E+0000
   0.207634616066666722298E+0009   0.687065851833350502310E-0009   0.122106710332311725616E+0011   0.000000000000000000000E+0000   0.000000000000000000000E+0000   0.000000000000000000000E+0000   0.000000000000000000000E+0000
   0.210691085766666710377E+0009   0.681545780352097810972E-0009   0.120399623581745414734E+0011   0.000000000000000000000E+0000   0.000000000000000000000E+0000   0.000000000000000000000E+0000   0.000000000000000000000E+0000
   0.213772309366666704416E+0009   0.676008674543561134971E-0009   0.118716832893420352936E+0011   0.000000000000000000000E+0000   0.000000000000000000000E+0000   0.000000000000000000000E+0000   0.000000000000000000000E+0000
   0.216878769400000035763E+0009   0.670455538518607683639E-0009   0.117057720543830089569E+0011   0.000000000000000000000E+0000   0.000000000000000000000E+0000   0.000000000000000000000E+0000   0.000000000000000000000E+0000
   0.220010957600000023842E+0009   0.664887374610467060155E-0009   0.115421697106392822266E+0011   0.000000000000000000000E+0000   0.000000000000000000000E+0000   0.000000000000000000000E+0000   0.000000000000000000000E+0000
   0.223169375066666692495E+0009   0.659305183098938285172E-0009   0.113808199919298057556E+0011   0.000000000000000000000E+0000   0.000000000000000000000E+0000   0.000000000000000000000E+0000   0.000000000000000000000E+0000
   0.226354532633333355188E+0009   0.653709961781280548276E-0009   0.112216691640621376038E+0011   0.000000000000000000000E+0000   0.000000000000000000000E+0000   0.000000000000000000000E+0000   0.000000000000000000000E+0000
   0.229566950966666698456E+0009   0.648102705695928679536E-0009   0.110646658838976955414E+0011   0.000000000000000000000E+0000   0.000000000000000000000E+0000   0.000000000000000000000E+0000   0.000000000000000000000E+0000
   0.232807160933333367109E+0009   0.642484406768634072250E-0009   0.109097610743344459534E+0011   0.000000000000000000000E+0000   0.000000000000000000000E+0000   0.000000000000000000000E+0000   0.000000000000000000000E+0000
   0.236075703800000041723E+0009   0.636856053458359002469E-0009   0.107569077975106945038E+0011   0.000000000000000000000E+0000   0.000000000000000000000E+0000   0.000000000000000000000E+0000   0.000000000000000000000E+0000
   0.239373131533333361149E+0009   0.631218630431952284343E-0009   0.106060611420628337860E+0011   0.000000000000000000000E+0000   0.000000000000000000000E+0000   0.000000000000000000000E+0000   0.000000000000000000000E+0000
   0.242700007000000029802E+0009   0.625573118284738205753E-0009   0.104571781136987285614E+0011   0.000000000000000000000E+0000   0.000000000000000000000E+0000   0.000000000000000000000E+0000   0.000000000000000000000E+0000
   0.246056904366666704416E+0009   0.619920493148634129645E-0009   0.103102175324495239258E+0011   0.000000000000000000000E+0000   0.000000000000000000000E+0000   0.000000000000000000000E+0000   0.000000000000000000000E+0000
   0.249444409300000041723E+0009   0.614261726372947802901E-0009   0.101651399341645565033E+0011   0.000000000000000000000E+0000   0.000000000000000000000E+0000   0.000000000000000000000E+0000   0.000000000000000000000E+0000
   0.252863119300000041723E+0009   0.608597784234164657334E-0009   0.100219074809215126038E+0011   0.000000000000000000000E+0000   0.000000000000000000000E+0000   0.000000000000000000000E+0000   0.000000000000000000000E+0000
   0.256313644000000029802E+0009   0.602929627602415868811E-0009   0.988048387486474609375E+0010   0.000000000000000000000E+0000   0.000000000000000000000E+0000   0.000000000000000000000E+0000   0.000000000000000000000E+0000
