    0.194999999999999976717E+0007   0.193903228468804921490E-0002   0.841013951141101305511E-0021   0.194889362104073800147E+0008   0.143993605890204545818E-0010
    0.194999999999999976717E+0007   0.193863857699050476033E-0002   0.816034820559026776667E-0021   0.194888864685794711113E+0008   0.148633972306345474075E-0010
    0.194999999999999976717E+0007   0.193822717219453276999E-0002   0.100599270341841063095E-0020   0.194888383774775862694E+0008   0.143243297990329552821E-0010
    0.194999999999999976717E+0007   0.193781061280652914212E-0002   0.109663565585577139227E-0020   0.194887929315844140947E+0008   0.159313380628645248658E-0010
    0.194999999999999976717E+0007   0.193739617836348573983E-0002   0.772455885736946026454E-0021   0.194887487796608693898E+0008   0.177594568303238032094E-0010
    0.194999999999999976717E+0007   0.193698765306516513737E-0002   0.300907769618536568549E-0021   0.194887057598247155547E+0008   0.715410161202840254471E-0011
    0.194999999999999976717E+0007   0.193658657905629197175E-0002  -0.195121059562915743970E-0021   0.194886637264221683145E+0008  -0.117698853109153087135E-0011
    0.194999999999999976717E+0007   0.193619284861812064429E-0002  -0.207670840763474199545E-0021   0.194886225181151889265E+0008  -0.577262533524468271515E-0011
    0.194999999999999976717E+0007   0.193580501407713298327E-0002  -0.255831392011360420996E-0021   0.194885818984590582550E+0008  -0.320681935337584513767E-0011
    0.194999999999999976717E+0007   0.193542040726265500254E-0002  -0.244349291301172612397E-0021   0.194885415381371900439E+0008  -0.667318953186180072890E-0011
    0.194999999999999976717E+0007   0.193503512084910794452E-0002   0.349091809198884333691E-0022   0.194885009970569424331E+0008   0.316390898058916873385E-0011
    0.194999999999999976717E+0007   0.193464386501024051580E-0002   0.133126128106302129494E-0021   0.194884597020106129348E+0008   0.271802549637128639367E-0011
    0.194999999999999976717E+0007   0.193423969041660250186E-0002   0.185501508359652277489E-0022   0.194884169147138707340E+0008   0.107994938580031237474E-0011
    0.194999999999999976717E+0007   0.193381354799886128783E-0002   0.164491821349800450117E-0021   0.194883716859598495066E+0008   0.174741876944262172880E-0011
    0.194999999999999976717E+0007   0.193335363298155005554E-0002   0.214457687667285311640E-0021   0.194883227903847172856E+0008   0.449610322570389116033E-0011
    0.194999999999999976717E+0007   0.193284443123896681332E-0002   0.275972830832256588976E-0021   0.194882686343125514686E+0008   0.369090678882462416742E-0011
    0.194999999999999976717E+0007   0.193226534644499515526E-0002   0.418085046450487486398E-0021   0.194882071262056156993E+0008   0.681381957330915790587E-0011
    0.194999999999999976717E+0007   0.193158873439910612306E-0002   0.785577281841841434501E-0021   0.194881354958605654538E+0008   0.109180787446663720734E-0010
    0.194999999999999976717E+0007   0.193077712927339109443E-0002   0.593182370574632677526E-0021   0.194880500424144491553E+0008   0.111086493094637587744E-0010
    0.194999999999999976717E+0007   0.192977926754475778877E-0002   0.497939831146559904332E-0021   0.194879458005525656044E+0008   0.810168801109389600109E-0011
    0.194999999999999976717E+0007   0.192852495018596857210E-0002   0.414413119786458456166E-0021   0.194878160999742820859E+0008   0.101980488175619288011E-0010
    0.194999999999999976717E+0007   0.192691852938103847480E-0002   0.162306750531874010055E-0021   0.194876520754563473165E+0008   0.164123833314976772741E-0011
    0.194999999999999976717E+0007   0.192483299816406639403E-0002   0.284272831651745524816E-0022   0.194874422775016389787E+0008   0.248371694675054102113E-0011
    0.194999999999999976717E+0007   0.192210982633755369207E-0002  -0.591460943893290277441E-0022   0.194871729736290760338E+0008  -0.359690513102599165946E-0011
    0.194999999999999976717E+0007   0.191858545962520247660E-0002  -0.647823320470963066742E-0022   0.194868303728547059000E+0008  -0.258188898287445795451E-0011
    0.194999999999999976717E+0007   0.191416909043236565906E-0002   0.193951125041089872161E-0021   0.194864085776936523616E+0008   0.773308187115946329755E-0011
    0.194999999999999976717E+0007   0.190914372152199631090E-0002   0.324769792226061101762E-0021   0.194859233185302652419E+0008   0.264450572221100381585E-0011
    0.194999999999999976717E+0007   0.190410002620203504947E-0002   0.122230595688340027054E-0021   0.194854182361937947571E+0008   0.598056678751976629954E-0012
    0.194999999999999976717E+0007   0.189995428853928808796E-0002   0.188543650697676964050E-0021   0.194849454548207111657E+0008   0.207928613215242830676E-0011
    0.194999999999999976717E+0007   0.189655867240447499264E-0002   0.186855937860069774224E-0022   0.194845083645063526928E+0008   0.127494917174327165040E-0012
    0.194999999999999976717E+0007   0.189292186877865068265E-0002  -0.982516100644290459485E-0023   0.194840200918759480119E+0008  -0.150437101608418810623E-0013
    0.194999999999999976717E+0007   0.188686035284965788160E-0002   0.797596980473477906697E-0022   0.194833173633529432118E+0008   0.222119555308296406306E-0011
    0.194999999999999976717E+0007   0.187704537014166442620E-0002  -0.466484893129124120680E-0022   0.194821390646184161305E+0008  -0.223248558462367989347E-0012
    0.194999999999999976717E+0007   0.185965878218402819524E-0002   0.984463614822703305259E-0022   0.194803145199235491455E+0008   0.350676693869011525447E-0011
    0.194999999999999976717E+0007   0.183682977134222349264E-0002   0.215210101439577847118E-0021   0.194729812396688908339E+0008   0.242004327230519796257E-0011
    0.194999999999999976717E+0007   0.141715269685906272365E-0002   0.207831466812451563518E-0021   0.194465926588587947190E+0008   0.234036560524575845003E-0011
    0.445712017000000029802E+0008   0.381853834667086333710E-0001   0.215023306131980906686E-0018   0.194842277520682960749E+0008   0.359953118355747516244E-0009
    0.445712017000000029802E+0008   0.373494232553392216389E-0001   0.162610604125732819613E-0018   0.194817054779972210526E+0008   0.209073918512804579916E-0009
    0.445712017000000029802E+0008   0.367498839619933154177E-0001   0.427571072122434043903E-0018   0.194795319099886529148E+0008   0.368966690560733751677E-0009
    0.445712017000000029802E+0008   0.362852099619248233409E-0001   0.446491784541731003184E-0018   0.194776944396882951260E+0008   0.522864393739158915418E-0009
    0.445712017000000029802E+0008   0.359033610663387625639E-0001   0.350037926260989948199E-0018   0.194761430613400787115E+0008   0.391638054556763410679E-0009
    0.445712017000000029802E+0008   0.355749091868454853094E-0001   0.180948719390815477046E-0018   0.194748203378623947501E+0008   0.279310759632790604516E-0009
    0.445712017000000029802E+0008   0.352818718745168818929E-0001  -0.127867542878749567688E-0018   0.194736738127796016634E+0008   0.133105017238632212614E-0010
    0.445712017000000029802E+0008   0.350126534216236434682E-0001  -0.206466901389672729448E-0018   0.194726591404766589403E+0008  -0.185007642059979653223E-0009
    0.445712017000000029802E+0008   0.347593496233127852157E-0001   0.598053723788254504337E-0019   0.194717400880373828113E+0008   0.131464767105560391866E-0009
    0.445712017000000029802E+0008   0.345162209140854187028E-0001  -0.727285964999654541531E-0019   0.194708872227842248976E+0008  -0.644298417593902494715E-0010
    0.445712017000000029802E+0008   0.342787779227411576466E-0001  -0.151672211425406863910E-0018   0.194700763168526403606E+0008  -0.192891841734111744955E-0009
    0.445712017000000029802E+0008   0.340432116044204827188E-0001  -0.105733406033049711166E-0019   0.194692868210999369621E+0008  -0.306384010820407147981E-0010
    0.445712017000000029802E+0008   0.338060246174004958020E-0001   0.541904524178705864056E-0019   0.194685005233935490251E+0008   0.115557311135694870906E-0010
    0.445712017000000029802E+0008   0.335637845562748032835E-0001  -0.735669368527593951581E-0021   0.194677003781617097557E+0008  -0.235265367928258167136E-0010
    0.445712017000000029802E+0008   0.333129546580150787127E-0001   0.548618382478867550052E-0019   0.194668694336855262518E+0008   0.123579072966077661686E-0009
    0.445712017000000029802E+0008   0.330497786228414608400E-0001   0.790469524209985965125E-0019   0.194659897536014653742E+0008   0.118478397872974817196E-0009
    0.445712017000000029802E+0008   0.327702107363225109138E-0001   0.962194538532835756205E-0019   0.194650411912511065602E+0008   0.172758636976827505850E-0009
    0.445712017000000029802E+0008   0.324698948044499641208E-0001   0.297961529266198966991E-0018   0.194639998066086135805E+0008   0.339678217343562237716E-0009
    0.445712017000000029802E+0008   0.321442080456911388753E-0001   0.260885592097308282881E-0018   0.194628356132922656834E+0008   0.380687780465175296394E-0009
    0.445712017000000029802E+0008   0.317884019525948718909E-0001   0.122057130097826876709E-0018   0.194615091479131355882E+0008   0.224032996677208862635E-0009
    0.445712017000000029802E+0008   0.313978926810107722423E-0001   0.240083718723993951352E-0019   0.194599660567058883607E+0008   0.281184198706710007362E-0010
    0.445712017000000029802E+0008   0.309687790425985307041E-0001   0.228738033769637274723E-0019   0.194581284247552417219E+0008  -0.565328226214963352837E-0010
    0.445712017000000029802E+0008   0.304986866524102270826E-0001   0.590931174288085394641E-0019   0.194558811533361263573E+0008   0.535651390949845365492E-0010
    0.445712017000000029802E+0008   0.299880109820815678179E-0001  -0.302355353606703418624E-0019   0.194530516359133012593E+0008  -0.125253205472167220040E-0009
    0.445712017000000029802E+0008   0.294414287939491169099E-0001  -0.293012602038044193991E-0019   0.194493863301529772580E+0008  -0.163635934589627842228E-0009
    0.445712017000000029802E+0008   0.288687169052986407347E-0001   0.903184175934360699463E-0019   0.194445392053601890802E+0008   0.277489677885527274268E-0009
    0.445712017000000029802E+0008   0.282818633747785146137E-0001   0.546466534296698184738E-0019   0.194381868390008844435E+0008   0.960636220487672853531E-0010
    0.445712017000000029802E+0008   0.276803107880409550445E-0001  -0.192760816721611536087E-0019   0.194303005081350319088E+0008   0.436730578557923537227E-0010
    0.445712017000000029802E+0008   0.270290571348542549290E-0001  -0.297628257041908583052E-0019   0.194215476564420871437E+0008   0.102284382430275021442E-0009
    0.445712017000000029802E+0008   0.262368743921590000245E-0001   0.553348063907083992313E-0019   0.194132596898344643414E+0008   0.105360701998787265899E-0009
    0.445712017000000029802E+0008   0.251764968828906456066E-0001   0.947941371549148579954E-0019   0.194066907557636648417E+0008   0.168183006988750982011E-0009
    0.445712017000000029802E+0008   0.237234980413209770034E-0001   0.220739069388633362832E-0019   0.194019025681369453669E+0008   0.975436201288579267553E-0010
    0.445712017000000029802E+0008   0.217854755762532069363E-0001  -0.161914047397924879058E-0019   0.193974547252111658454E+0008  -0.101709793553717203225E-0009
    0.445712017000000029802E+0008   0.192295262378810623283E-0001   0.131771515790248132458E-0019   0.193904430426696240902E+0008   0.321349055853544355796E-0010
    0.445712017000000029802E+0008   0.155801905525448057543E-0001   0.481831184217408192225E-0019   0.193793357634224258363E+0008   0.158029636310153121195E-0009
    0.445712017000000029802E+0008   0.918486177770196088321E-0002   0.892972829386046636900E-0020   0.193578683017100393772E+0008   0.899576324816040384272E-0010
    0.893418258333333730698E+0008   0.623729705357650154873E-0001   0.706737329575541547364E-0018   0.195166352819904386997E+0008   0.501033869839195932568E-0009
    0.893418258333333730698E+0008   0.590428200175045631015E-0001   0.464222431251241840684E-0018   0.195131860237856134772E+0008   0.276912227136395778614E-0009
    0.893418258333333730698E+0008   0.566398846855617338347E-0001   0.852170549601462645388E-0018   0.195089482513985149562E+0008   0.670185115408390744789E-0009
    0.893418258333333730698E+0008   0.548132161320455668641E-0001   0.979837377221722190522E-0018   0.195047172355167679489E+0008   0.775109821598715491611E-0009
    0.893418258333333730698E+0008   0.533665357670842291360E-0001   0.679495631719015431280E-0018   0.195008138762587644160E+0008   0.395299283329785795753E-0009
    0.893418258333333730698E+0008   0.521795836390564066187E-0001   0.348240038296846375373E-0018   0.194973363643541634083E+0008   0.107988140979282485782E-0009
    0.893418258333333730698E+0008   0.511741123322531771267E-0001  -0.207159241616875503014E-0018   0.194942801906788162887E+0008  -0.298304346833079658955E-0009
    0.893418258333333730698E+0008   0.502973730060808088549E-0001  -0.342302913755636705238E-0018   0.194915979672414213419E+0008  -0.196399486200876639259E-0009
    0.893418258333333730698E+0008   0.495126932900397456749E-0001   0.223256462543762029945E-0018   0.194892287745725177228E+0008   0.290283059499756980299E-0009
    0.893418258333333730698E+0008   0.487937748417832384273E-0001  -0.532397284175267916291E-0019   0.194871115987154096365E+0008   0.404127504655872837171E-0010
    0.893418258333333730698E+0008   0.481210869054374754117E-0001  -0.237686048111215954393E-0018   0.194851906894912607968E+0008  -0.809890130286375632755E-0011
    0.893418258333333730698E+0008   0.474795258959598426296E-0001  -0.337029492650265977570E-0019   0.194834169406397230923E+0008  -0.124033594913904765130E-0009
    0.893418258333333730698E+0008   0.468568682714892020824E-0001   0.433991725753497665197E-0019   0.194817474070019647479E+0008   0.722391458925872480700E-0012
    0.893418258333333730698E+0008   0.462427360893859912272E-0001  -0.401296036504559694602E-0019   0.194801439857243336737E+0008   0.938177736469795286799E-0010
    0.893418258333333730698E+0008   0.456279041473188901046E-0001   0.881216278845292898961E-0019   0.194785717126798182726E+0008   0.366711337149787670609E-0010
    0.893418258333333730698E+0008   0.450038449198588846878E-0001   0.153290807004884266233E-0018   0.194769968045760430396E+0008   0.906227415314504429803E-0010
    0.893418258333333730698E+0008   0.443624512188102865240E-0001   0.246139854253105400058E-0018   0.194753843855132609606E+0008   0.291735194725449879347E-0009
    0.893418258333333730698E+0008   0.436959078648073845352E-0001   0.548421303717506676252E-0018   0.194736956782105043530E+0008   0.318528925458144739504E-0009
    0.893418258333333730698E+0008   0.429967087948041337686E-0001   0.439837523017873112644E-0018   0.194718842779176458716E+0008   0.254388935333012522187E-0009
    0.893418258333333730698E+0008   0.422578395969539985511E-0001   0.221518323090239254303E-0018   0.194698909005674161017E+0008   0.160524400299725804825E-0009
    0.893418258333333730698E+0008   0.414731700882611520331E-0001   0.914239081834197475685E-0019   0.194676356805023886263E+0008   0.346809534355815066862E-0009
    0.893418258333333730698E+0008   0.406381262689019528977E-0001   0.418411258752115314577E-0019   0.194650066553197614849E+0008   0.171629491811067835125E-0009
    0.893418258333333730698E+0008   0.397507227808083854481E-0001   0.526248177007072268878E-0019   0.194618428119651526213E+0008  -0.691847328158813691381E-0010
    0.893418258333333730698E+0008   0.388129832748888292659E-0001  -0.112379129425170192515E-0018   0.194579104917184412479E+0008  -0.163747215190142642050E-0009
    0.893418258333333730698E+0008   0.378325011784246337254E-0001  -0.460206577517324040780E-0019   0.194528792053617127240E+0008   0.424400767702635516942E-0010
    0.893418258333333730698E+0008   0.368228688561979197735E-0001   0.192882351795294335847E-0018   0.194463176042253151536E+0008   0.321721174339363325841E-0009
    0.893418258333333730698E+0008   0.357992794924653010002E-0001   0.562994988179539671381E-0019   0.194378511994667276740E+0008  -0.207525263603109797489E-0010
    0.893418258333333730698E+0008   0.347596831341757117606E-0001  -0.205885509988493369950E-0019   0.194275119377434514463E+0008   0.416465888104505367216E-0010
    0.893418258333333730698E+0008   0.336579266914891761520E-0001   0.284939885002467166243E-0019   0.194162353536331392825E+0008   0.116951622302126335763E-0009
    0.893418258333333730698E+0008   0.323784495951198597608E-0001   0.674078235950408863472E-0019   0.194058023867606408894E+0008   0.805032464683477431273E-0010
    0.893418258333333730698E+0008   0.307635025890940216886E-0001   0.136576225854242776812E-0018   0.193979091834680102766E+0008   0.169167456928876860277E-0009
    0.893418258333333730698E+0008   0.286639495126791363222E-0001   0.659919257099565993017E-0019   0.193927922640566751361E+0008   0.167369179974002699988E-0009
    0.893418258333333730698E+0008   0.259794004663846563041E-0001  -0.326171021511033513806E-0019   0.193888758152711167932E+0008  -0.959109309128300229170E-0010
    0.893418258333333730698E+0008   0.225786181638961275242E-0001   0.182343654068301541903E-0019   0.193828743442216478288E+0008   0.581169603971075354043E-0010
    0.893418258333333730698E+0008   0.179572857822276853168E-0001   0.671892517946691920056E-0019   0.193737062573301941156E+0008   0.215622158370982639467E-0009
    0.893418258333333730698E+0008   0.103907985189828459827E-0001   0.145188594781871147238E-0019   0.193586533795523680747E+0008   0.112630459115918302256E-0009
    0.138020379900000035763E+0009   0.767639568134810545974E-0001   0.950927494656787149193E-0018   0.195804880774291679263E+0008   0.334756690579272183649E-0009
    0.138020379900000035763E+0009   0.703968032481566002856E-0001   0.716242853959286765604E-0018   0.195730641784531548619E+0008   0.360177118665938135040E-0009
    0.138020379900000035763E+0009   0.659662945830116614898E-0001   0.120131667738191957019E-0017   0.195630162957608439028E+0008   0.762864232059523092737E-0009
    0.138020379900000035763E+0009   0.627383822693131087966E-0001   0.128245297880833814118E-0017   0.195528475842968374491E+0008   0.752559958316687724661E-0009
    0.138020379900000035763E+0009   0.602906343954707282795E-0001   0.866322198028248590806E-0018   0.195435980593108348548E+0008   0.506756756732064126619E-0009
    0.138020379900000035763E+0009   0.583643121612723303482E-0001   0.404200202128881353810E-0018   0.195355581307551823556E+0008   0.231437826444576624173E-0009
    0.138020379900000035763E+0009   0.567944647875688324312E-0001  -0.279006165186481965652E-0018   0.195286859730470888317E+0008  -0.252241754379583118722E-0009
    0.138020379900000035763E+0009   0.554730801301016943072E-0001  -0.391356703024620597032E-0018   0.195228229059683829546E+0008  -0.193614064448278213468E-0009
    0.138020379900000035763E+0009   0.543274967016004126097E-0001   0.271697055915287559220E-0018   0.195177881988760121167E+0008   0.124051939019062702391E-0009
    0.138020379900000035763E+0009   0.533074294930999392772E-0001  -0.222937687207093250126E-0019   0.195134151850944682956E+0008   0.242534317534570504177E-0009
    0.138020379900000035763E+0009   0.523769738812124643901E-0001  -0.228948933803491573147E-0018   0.195095615385503433645E+0008   0.259249229514869315584E-0009
    0.138020379900000035763E+0009   0.515095786949364420337E-0001  -0.577219946545390071927E-0019   0.195061092270015515387E+0008  -0.185344253035772636576E-0009
    0.138020379900000035763E+0009   0.506848263504624807485E-0001   0.497405704850607308335E-0019   0.195029608515118733048E+0008   0.166555606577993875848E-0010
    0.138020379900000035763E+0009   0.498863386480786208388E-0001  -0.248529430924540364337E-0019   0.195000350838026963174E+0008   0.107636931413380843823E-0009
    0.138020379900000035763E+0009   0.491004021367215381932E-0001   0.905838480974609233983E-0019   0.194972621619929149747E+0008  -0.456677678804604718405E-0010
    0.138020379900000035763E+0009   0.483150694984122580644E-0001   0.161924472996950936873E-0018   0.194945796504134722054E+0008   0.135277663836992007257E-0009
    0.138020379900000035763E+0009   0.475195924793994223245E-0001   0.288491632989796825688E-0018   0.194919283338041678071E+0008   0.192463614733249296511E-0009
    0.138020379900000035763E+0009   0.467041058126410890683E-0001   0.603446493348857971444E-0018   0.194892479291770644486E+0008   0.293400222332656501060E-0009
    0.138020379900000035763E+0009   0.458595262555568858320E-0001   0.492965663733475009860E-0018   0.194864721496229767799E+0008   0.480979151517079916921E-0009
    0.138020379900000035763E+0009   0.449776663679353552738E-0001   0.251980012509935661208E-0018   0.194835224584994278848E+0008   0.316990159216718170324E-0009
    0.138020379900000035763E+0009   0.440515944795567201964E-0001   0.133788177660963368250E-0018   0.194802995809762626886E+0008   0.238403932694140133673E-0009
    0.138020379900000035763E+0009   0.430763009347257530557E-0001   0.630268447816295872642E-0019   0.194766714657385051250E+0008   0.948573733756638149336E-0010
    0.138020379900000035763E+0009   0.420497432076470112339E-0001   0.519603642570827657995E-0019   0.194724562286925055087E+0008  -0.614176075501885404917E-0011
    0.138020379900000035763E+0009   0.409742843230097852913E-0001  -0.124937309178645473012E-0018   0.194673991955354586244E+0008   0.112260455764442093688E-0010
    0.138020379900000035763E+0009   0.398582495069705611268E-0001  -0.474937710434615464474E-0019   0.194611509123144932091E+0008  -0.112675047392354831170E-0009
    0.138020379900000035763E+0009   0.387162574810885340426E-0001   0.217107285043532275173E-0018   0.194532681200078129768E+0008   0.217201002815745390159E-0009
    0.138020379900000035763E+0009   0.375644768065720099925E-0001   0.578443810177161873429E-0019   0.194433860315962582827E+0008   0.401143620789286582906E-0010
    0.138020379900000035763E+0009   0.364008136874270846195E-0001  -0.241881517299359165024E-0019   0.194315847330687120557E+0008  -0.950467971446344978447E-0011
    0.138020379900000035763E+0009   0.351768798259481096924E-0001   0.371505988312215296741E-0019   0.194189015366480648518E+0008   0.183044783778649121863E-0009
    0.138020379900000035763E+0009   0.337717582055085951964E-0001   0.729747040773185674962E-0019   0.194072428830069154501E+0008   0.909040705497156210464E-0010
    0.138020379900000035763E+0009   0.320208125555396516670E-0001   0.150913988985313381548E-0018   0.193983991490659676492E+0008   0.303825539353568752338E-0009
    0.138020379900000035763E+0009   0.297691488722853850324E-0001   0.787629651964408667306E-0019   0.193926118761147931218E+0008   0.252393905283671528397E-0009
    0.138020379900000035763E+0009   0.269143006317331609512E-0001  -0.407904424812110808979E-0019   0.193882437046900950372E+0008  -0.213296512444460666357E-0009
    0.138020379900000035763E+0009   0.233250456387931147384E-0001   0.186370140653009131339E-0019   0.193819022174739353359E+0008  -0.925890405559726097150E-0010
    0.138020379900000035763E+0009   0.184882853838338225005E-0001   0.735964838991624816009E-0019   0.193724835332320965827E+0008   0.149263453944818885110E-0009
    0.138020379900000035763E+0009   0.106591154786310829405E-0001   0.172743850568358552923E-0019   0.193562392164798304439E+0008   0.262395889263579594900E-0009
    0.192707302800000041723E+0009   0.852148482925982886371E-0001   0.105183725702387149110E-0017   0.196609445550506897271E+0008   0.225605043468656596765E-0009
    0.192707302800000041723E+0009   0.760999103066301307852E-0001   0.890339319199145437868E-0018   0.196437252757917307317E+0008   0.490256537507332700914E-0009
    0.192707302800000041723E+0009   0.700500191415743128642E-0001   0.141612983955000703009E-0017   0.196224354742853529751E+0008   0.111488850921698446718E-0008
    0.192707302800000041723E+0009   0.658413126641901325087E-0001   0.138870206212215992088E-0017   0.196022496646783240139E+0008   0.712858915916277252433E-0009
    0.192707302800000041723E+0009   0.627739934949918809703E-0001   0.926120065057573678864E-0018   0.195849531796770952642E+0008   0.593931479096506611355E-0009
    0.192707302800000041723E+0009   0.604366398449876149335E-0001   0.440256862639017367641E-0018   0.195706639906075857580E+0008   0.433685592111108934335E-0009
    0.192707302800000041723E+0009   0.585804115498367583559E-0001  -0.290952798503568178451E-0018   0.195589398152345195413E+0008  -0.121509717177824121988E-0009
    0.192707302800000041723E+0009   0.570502351670336763090E-0001  -0.414324656175794384192E-0018   0.195492561231216080487E+0008  -0.297132541537650052221E-0009
    0.192707302800000041723E+0009   0.557461044963209542691E-0001   0.285001440864139215835E-0018   0.195411541033588200808E+0008   0.146196249708995291709E-0009
    0.192707302800000041723E+0009   0.546012140870173121043E-0001  -0.158875059987389592714E-0020   0.195342674088754542172E+0008   0.355039304519854381797E-0009
    0.192707302800000041723E+0009   0.535692881575947493777E-0001  -0.212349165955901403539E-0018   0.195283120855095125735E+0008   0.385501626518315929395E-0009
    0.192707302800000041723E+0009   0.526170273788565678874E-0001  -0.648182309080711693156E-0019   0.195230690110702104867E+0008  -0.954308263073209901684E-0010
    0.192707302800000041723E+0009   0.517194768354002770705E-0001   0.486933225220452554853E-0019   0.195183675226784944534E+0008   0.362854740209994988691E-0011
    0.192707302800000041723E+0009   0.508571150336402655334E-0001  -0.172841081604823476170E-0019   0.195140721095164380968E+0008   0.124287992352954990396E-0009
    0.192707302800000041723E+0009   0.500139916282826280103E-0001   0.901553342413347043048E-0019   0.195100719722374044359E+0008   0.983681749204298829532E-0010
    0.192707302800000041723E+0009   0.491765295147046088697E-0001   0.162700489026803113362E-0018   0.195062727375403195620E+0008   0.218971678714422227467E-0010
    0.192707302800000041723E+0009   0.483327699494431328731E-0001   0.294052250175373684764E-0018   0.195025895646732598543E+0008   0.150293261789768113022E-0010
    0.192707302800000041723E+0009   0.474719368685760784166E-0001   0.614032087594516475689E-0018   0.194989409139927402139E+0008   0.237696437152418311452E-0009
    0.192707302800000041723E+0009   0.465842594865713693908E-0001   0.514364844215990119371E-0018   0.194952422536051534116E+0008   0.690955637238351311054E-0009
    0.192707302800000041723E+0009   0.456610379528037957364E-0001   0.264935413993875785216E-0018   0.194913988949529826641E+0008   0.448849038621465117641E-0009
    0.192707302800000041723E+0009   0.446949744865226331059E-0001   0.143788930103974605510E-0018   0.194872969609752893448E+0008   0.360873278010764213369E-0009
    0.192707302800000041723E+0009   0.436808242948035357900E-0001   0.645130863151352139113E-0019   0.194827911859153434634E+0008   0.157254326816256919681E-0010
    0.192707302800000041723E+0009   0.426164345582787998379E-0001   0.506481633678974784451E-0019   0.194776881422895602882E+0008  -0.133291928840659043185E-0009
    0.192707302800000041723E+0009   0.415041812297512607843E-0001  -0.123778930202223639559E-0018   0.194717241030246838927E+0008   0.524690665864938902375E-0010
    0.192707302800000041723E+0009   0.403525209666443854251E-0001  -0.498174418917659969324E-0019   0.194645445658358298242E+0008  -0.103224737332328852871E-0009
    0.192707302800000041723E+0009   0.391762969714994427339E-0001   0.221375582939155059759E-0018   0.194557074603777304292E+0008   0.209509012376924912156E-0009
    0.192707302800000041723E+0009   0.379919143161872446823E-0001   0.606293711444562858643E-0019   0.194448601879228800535E+0008   0.186509843268179273792E-0009
    0.192707302800000041723E+0009   0.367972940458904801408E-0001  -0.265754400435539632766E-0019   0.194321106325258612633E+0008  -0.154790417745557652193E-0009
    0.192707302800000041723E+0009   0.355435478619817307733E-0001   0.391766093304073162332E-0019   0.194185412264901250601E+0008   0.130436222204150806250E-0009
    0.192707302800000041723E+0009   0.341084770491753008770E-0001   0.750364824079626354177E-0019   0.194061075006739869714E+0008   0.118874899724816329685E-0009
    0.192707302800000041723E+0009   0.323257100922696022360E-0001   0.156033952725542692015E-0018   0.193966285988049060106E+0008   0.330703700860097175465E-0009
    0.192707302800000041723E+0009   0.300387714910630848619E-0001   0.829521148127519420719E-0019   0.193903377717922516167E+0008   0.350121308570054809183E-0009
    0.192707302800000041723E+0009   0.271444061998435300087E-0001  -0.423164087627504738778E-0019   0.193855606136502139270E+0008  -0.478948987598779092609E-0011
    0.192707302800000041723E+0009   0.235110738914212219486E-0001   0.180548314937086170668E-0019   0.193788659507542811334E+0008  -0.374628652908764906705E-0010
    0.192707302800000041723E+0009   0.186227756217430158447E-0001   0.742327181748637495524E-0019   0.193690168350356109440E+0008  -0.272589906645563935514E-0010
    0.192707302800000041723E+0009   0.107267099891428466935E-0001   0.183015679737472041419E-0019   0.193477527113741226494E+0008   0.255637512443993246125E-0009
    0.256313644000000029802E+0009   0.902428467421825530881E-0001   0.108289123210308093104E-0017   0.197473981057211048901E+0008  -0.123885230273486768553E-0009
    0.256313644000000029802E+0009   0.789318344583882641752E-0001   0.979075960753001523735E-0018   0.197137458209991231561E+0008   0.809468575429691747309E-0009
    0.256313644000000029802E+0009   0.717830997544995907944E-0001   0.151974620461863425710E-0017   0.196764218933407962322E+0008   0.125959535550552043109E-0008
    0.256313644000000029802E+0009   0.670093745772504384428E-0001   0.143199286891101723095E-0017   0.196437903065598234534E+0008   0.686041016803401401279E-0009
    0.256313644000000029802E+0009   0.636311782004025938697E-0001   0.948440193690524537495E-0018   0.196175516101564802229E+0008   0.509822166236108650534E-0009
    0.256313644000000029802E+0009   0.611086444158377706248E-0001   0.453801659799313488032E-0018   0.195968447952103316784E+0008   0.457193463379658829937E-0009
    0.256313644000000029802E+0009   0.591336010540135653679E-0001  -0.293174082680334520776E-0018   0.195803872410960756242E+0008  -0.382880820917843635618E-0010
    0.256313644000000029802E+0009   0.575221589935073635003E-0001  -0.423404658096219108896E-0018   0.195670930250193141401E+0008  -0.345961989876978789781E-0009
    0.256313644000000029802E+0009   0.561593748798517589105E-0001   0.288256993552735769972E-0018   0.195561466629761829972E+0008   0.798242827972826785932E-0010
    0.256313644000000029802E+0009   0.549701923068877801315E-0001   0.565220601490678638767E-0020   0.195469541054253764451E+0008   0.418399317346405776765E-0009
    0.256313644000000029802E+0009   0.539035100618389800831E-0001  -0.207023261023498497985E-0018   0.195390826063090637326E+0008   0.291497142244350128346E-0009
    0.256313644000000029802E+0009   0.529230626019861205567E-0001  -0.658122862070255779739E-0019   0.195322129796674326062E+0008   0.196966006606715098653E-0010
    0.256313644000000029802E+0009   0.520019910280080654985E-0001   0.479271552972296337048E-0019   0.195261052164900042117E+0008   0.295683405782779846233E-0010
    0.256313644000000029802E+0009   0.511195046968583866054E-0001  -0.146222363161625907661E-0019   0.195205742804005853832E+0008   0.126775844687485037870E-0009
    0.256313644000000029802E+0009   0.502587788896643739012E-0001   0.905066443697992760308E-0019   0.195154729223304763436E+0008  -0.232830412716205936380E-0010
    0.256313644000000029802E+0009   0.494056165983773193373E-0001   0.162139210930431064026E-0018   0.195106791171452291310E+0008  -0.534209075210821311243E-0010
    0.256313644000000029802E+0009   0.485476088937354943731E-0001   0.293866364360821114139E-0018   0.195060863956397138536E+0008   0.487873777199811571283E-0010
    0.256313644000000029802E+0009   0.476736467304281208435E-0001   0.616503189909922819933E-0018   0.195015957863678634167E+0008   0.242637964675344052702E-0009
    0.256313644000000029802E+0009   0.467737104922977889321E-0001   0.521093821320739020677E-0018   0.194971083226523362100E+0008   0.571013326303254799216E-0009
    0.256313644000000029802E+0009   0.458389148088872780407E-0001   0.268582356001722510812E-0018   0.194925171266092769802E+0008   0.296390155568293465566E-0009
    0.256313644000000029802E+0009   0.448618268226208538607E-0001   0.146623841780164549755E-0018   0.194876979833793938160E+0008   0.373942547389652274612E-0009
    0.256313644000000029802E+0009   0.438371096008195043625E-0001   0.646271326350587024572E-0019   0.194824970651810131967E+0008   0.208544013286297925581E-0010
    0.256313644000000029802E+0009   0.427625571702487938808E-0001   0.496801009337288929200E-0019   0.194767143668871819973E+0008  -0.146423591779213115124E-0009
    0.256313644000000029802E+0009   0.416405292417130340477E-0001  -0.123447090650023622987E-0018   0.194700819531518667936E+0008   0.531408475984915407554E-0010
    0.256313644000000029802E+0009   0.404795007578172411078E-0001  -0.505041746682098187791E-0019   0.194622437681297995150E+0008  -0.113350962992119600569E-0009
    0.256313644000000029802E+0009   0.392943607338037612098E-0001   0.222143862658269899086E-0018   0.194527585375516042113E+0008   0.119881033126445050552E-0009
    0.256313644000000029802E+0009   0.381015686503148043318E-0001   0.616082520855983032739E-0019   0.194412759569200538099E+0008   0.174349293428579022407E-0009
    0.256313644000000029802E+0009   0.368990548855614441948E-0001  -0.273517362856721145404E-0019   0.194279113708438649774E+0008  -0.156943644952624090269E-0009
    0.256313644000000029802E+0009   0.356378212600547972233E-0001   0.395606509756497696295E-0019   0.194137619801489226520E+0008   0.620655110567549155690E-0010
    0.256313644000000029802E+0009   0.341953633939415940768E-0001   0.754207036624695860019E-0019   0.194008128597328104079E+0008   0.446505423727766639780E-0011
    0.256313644000000029802E+0009   0.324048579562386529496E-0001   0.157329769442173296000E-0018   0.193909071684168279171E+0008   0.295853858785323059132E-0009
    0.256313644000000029802E+0009   0.301093684382480741846E-0001   0.843565075754994869945E-0019   0.193842865297412313521E+0008   0.420646928841196541840E-0009
    0.256313644000000029802E+0009   0.272053368031468165156E-0001  -0.424051526041183767184E-0019   0.193792473492390587926E+0008  -0.733238304477366832386E-0010
    0.256313644000000029802E+0009   0.235610336998445211998E-0001   0.178759302463912660873E-0019   0.193723281688397824764E+0008  -0.915177991160982113852E-0010
    0.256313644000000029802E+0009   0.186595588572169845953E-0001   0.742076563784897177234E-0019   0.193621470749794840813E+0008  -0.289319646001906946876E-0010
    0.256313644000000029802E+0009   0.107448435649683936982E-0001   0.185456823060484816107E-0019   0.193324713512738868594E+0008   0.293644541568054172941E-0009
